return 
[ [ [ 2, 3, 4, 5, 6 ], [ 1, 6, 7, 8, 3 ], [ 1, 2, 9, 10, 4 ], [ 1, 3, 10, 11, 5 ], [ 1, 4, 11, 12, 6 ], 
      [ 1, 5, 13, 7, 2 ], [ 2, 6, 13, 14, 8 ], [ 2, 7, 14, 15, 9 ], [ 3, 8, 15, 16, 10 ], [ 3, 9, 16, 17, 4 ],
      [ 4, 18, 19, 12, 5 ], [ 5, 11, 19, 20, 13 ], [ 6, 12, 20, 14, 7 ], [ 7, 13, 21, 15, 8 ], 
      [ 8, 14, 22, 16, 9 ], [ 9, 15, 22, 17, 10 ], [ 10, 16, 22, 23, 18 ], [ 11, 17, 23, 24, 19 ], 
      [ 11, 18, 24, 20, 12 ], [ 12, 19, 24, 21, 13 ], [ 14, 20, 24, 23, 22 ], [ 15, 21, 23, 17, 16 ], 
      [ 17, 22, 21, 24, 18 ], [ 18, 23, 21, 20, 19 ] ], 
  [ [ 2, 3, 4, 5, 6 ], [ 1, 7, 8, 9, 3 ], [ 1, 2, 9, 10, 4 ], [ 1, 3, 10, 11, 5 ], [ 1, 4, 11, 12, 6 ], 
      [ 1, 5, 12, 13, 7 ], [ 2, 6, 13, 14, 8 ], [ 2, 7, 14, 15, 16 ], [ 2, 16, 17, 10, 3 ], 
      [ 3, 9, 17, 18, 4 ], [ 4, 18, 19, 12, 5 ], [ 5, 11, 20, 13, 6 ], [ 6, 12, 20, 14, 7 ], 
      [ 7, 13, 21, 15, 8 ], [ 8, 14, 21, 22, 16 ], [ 8, 15, 22, 17, 9 ], [ 9, 16, 23, 18, 10 ], 
      [ 10, 17, 23, 19, 11 ], [ 11, 18, 23, 24, 20 ], [ 12, 19, 24, 21, 13 ], [ 14, 20, 24, 22, 15 ], 
      [ 15, 21, 24, 23, 16 ], [ 17, 22, 24, 19, 18 ], [ 19, 23, 22, 21, 20 ] ], 
  [ [ 2, 3, 4, 5, 6 ], [ 1, 6, 7, 8, 9 ], [ 1, 9, 10, 11, 4 ], [ 1, 3, 11, 12, 13 ], [ 1, 13, 14, 15, 6 ], 
      [ 1, 5, 15, 7, 2 ], [ 2, 6, 15, 16, 8 ], [ 2, 7, 16, 17, 9 ], [ 2, 8, 17, 10, 3 ], [ 3, 9, 18, 19, 11 ],
      [ 3, 10, 19, 12, 4 ], [ 4, 11, 19, 20, 13 ], [ 4, 12, 20, 14, 5 ], [ 5, 13, 20, 21, 22 ], 
      [ 5, 22, 16, 7, 6 ], [ 7, 15, 22, 17, 8 ], [ 8, 16, 23, 18, 9 ], [ 10, 17, 23, 24, 19 ], 
      [ 10, 18, 24, 12, 11 ], [ 12, 24, 21, 14, 13 ], [ 14, 20, 24, 23, 22 ], [ 14, 21, 23, 16, 15 ], 
      [ 17, 22, 21, 24, 18 ], [ 18, 23, 21, 20, 19 ] ], 
  [ [ 2, 3, 4, 5, 6 ], [ 1, 6, 7, 8, 9 ], [ 1, 9, 10, 11, 4 ], [ 1, 3, 11, 12, 5 ], [ 1, 4, 12, 13, 6 ], 
      [ 1, 5, 13, 7, 2 ], [ 2, 6, 14, 15, 8 ], [ 2, 7, 15, 16, 9 ], [ 2, 8, 17, 10, 3 ], [ 3, 9, 17, 18, 11 ],
      [ 3, 10, 18, 19, 4 ], [ 4, 19, 20, 13, 5 ], [ 5, 12, 20, 14, 6 ], [ 7, 13, 20, 21, 15 ], 
      [ 7, 14, 22, 16, 8 ], [ 8, 15, 22, 23, 17 ], [ 9, 16, 23, 18, 10 ], [ 10, 17, 23, 24, 11 ], 
      [ 11, 24, 21, 20, 12 ], [ 12, 19, 21, 14, 13 ], [ 14, 20, 19, 24, 22 ], [ 15, 21, 24, 23, 16 ], 
      [ 16, 22, 24, 18, 17 ], [ 18, 23, 22, 21, 19 ] ], 
  [ [ 2, 3, 4, 5, 6 ], [ 1, 6, 7, 8, 9 ], [ 1, 9, 10, 11, 4 ], [ 1, 3, 11, 12, 5 ], [ 1, 4, 12, 13, 6 ], 
      [ 1, 5, 13, 7, 2 ], [ 2, 6, 14, 15, 8 ], [ 2, 7, 15, 16, 9 ], [ 2, 8, 17, 10, 3 ], [ 3, 9, 17, 18, 11 ],
      [ 3, 10, 19, 12, 4 ], [ 4, 11, 20, 13, 5 ], [ 5, 12, 20, 14, 6 ], [ 7, 13, 20, 21, 15 ], 
      [ 7, 14, 22, 16, 8 ], [ 8, 15, 22, 23, 17 ], [ 9, 16, 23, 18, 10 ], [ 10, 17, 23, 24, 19 ], 
      [ 11, 18, 24, 21, 20 ], [ 12, 19, 21, 14, 13 ], [ 14, 20, 19, 24, 22 ], [ 15, 21, 24, 23, 16 ], 
      [ 16, 22, 24, 18, 17 ], [ 18, 23, 22, 21, 19 ] ], 
  [ [ 2, 3, 4, 5, 6 ], [ 1, 6, 7, 8, 9 ], [ 1, 9, 10, 11, 4 ], [ 1, 3, 11, 12, 5 ], [ 1, 4, 12, 13, 6 ], 
      [ 1, 5, 13, 7, 2 ], [ 2, 6, 14, 15, 8 ], [ 2, 7, 15, 16, 9 ], [ 2, 8, 16, 10, 3 ], [ 3, 9, 17, 18, 11 ],
      [ 3, 10, 18, 19, 4 ], [ 4, 19, 20, 13, 5 ], [ 5, 12, 20, 21, 6 ], [ 7, 21, 22, 23, 15 ], 
      [ 7, 14, 23, 16, 8 ], [ 8, 15, 23, 17, 9 ], [ 10, 16, 23, 22, 18 ], [ 10, 17, 24, 19, 11 ], 
      [ 11, 18, 24, 20, 12 ], [ 12, 19, 24, 21, 13 ], [ 13, 20, 24, 22, 14 ], [ 14, 21, 24, 17, 23 ], 
      [ 14, 22, 17, 16, 15 ], [ 18, 22, 21, 20, 19 ] ], 
  [ [ 2, 3, 4, 5, 6 ], [ 1, 6, 7, 8, 9 ], [ 1, 9, 10, 11, 4 ], [ 1, 3, 11, 12, 5 ], [ 1, 4, 12, 13, 6 ], 
      [ 1, 5, 13, 14, 2 ], [ 2, 14, 15, 16, 8 ], [ 2, 7, 16, 17, 9 ], [ 2, 8, 17, 10, 3 ], 
      [ 3, 9, 18, 19, 11 ], [ 3, 10, 19, 12, 4 ], [ 4, 11, 19, 20, 5 ], [ 5, 21, 22, 14, 6 ], 
      [ 6, 13, 22, 15, 7 ], [ 7, 14, 22, 23, 16 ], [ 7, 15, 23, 17, 8 ], [ 8, 16, 24, 18, 9 ], 
      [ 10, 17, 24, 20, 19 ], [ 10, 18, 20, 12, 11 ], [ 12, 19, 18, 24, 21 ], [ 13, 20, 24, 23, 22 ], 
      [ 13, 21, 23, 15, 14 ], [ 15, 22, 21, 24, 16 ], [ 17, 23, 21, 20, 18 ] ], 
  [ [ 2, 3, 4, 5, 6 ], [ 1, 6, 7, 8, 9 ], [ 1, 9, 10, 11, 4 ], [ 1, 3, 11, 12, 5 ], [ 1, 4, 13, 14, 6 ], 
      [ 1, 5, 14, 7, 2 ], [ 2, 6, 14, 15, 8 ], [ 2, 7, 15, 16, 17 ], [ 2, 17, 18, 10, 3 ], 
      [ 3, 9, 19, 20, 11 ], [ 3, 10, 20, 12, 4 ], [ 4, 11, 20, 21, 13 ], [ 5, 12, 22, 15, 14 ], 
      [ 5, 13, 15, 7, 6 ], [ 7, 14, 13, 16, 8 ], [ 8, 15, 22, 23, 17 ], [ 8, 16, 23, 18, 9 ], 
      [ 9, 17, 23, 24, 19 ], [ 10, 18, 24, 21, 20 ], [ 10, 19, 21, 12, 11 ], [ 12, 20, 19, 24, 22 ], 
      [ 13, 21, 24, 23, 16 ], [ 16, 22, 24, 18, 17 ], [ 18, 23, 22, 21, 19 ] ], 
  [ [ 2, 3, 4, 5, 6 ], [ 1, 6, 7, 8, 9 ], [ 1, 9, 10, 11, 4 ], [ 1, 3, 11, 12, 5 ], [ 1, 4, 12, 13, 6 ], 
      [ 1, 5, 13, 7, 2 ], [ 2, 6, 13, 14, 8 ], [ 2, 7, 14, 15, 16 ], [ 2, 16, 17, 10, 3 ], 
      [ 3, 9, 18, 19, 11 ], [ 3, 10, 19, 20, 4 ], [ 4, 20, 14, 13, 5 ], [ 5, 12, 14, 7, 6 ], 
      [ 7, 13, 12, 15, 8 ], [ 8, 14, 21, 22, 16 ], [ 8, 15, 22, 17, 9 ], [ 9, 16, 22, 23, 18 ], 
      [ 10, 17, 23, 24, 19 ], [ 10, 18, 24, 20, 11 ], [ 11, 19, 24, 21, 12 ], [ 15, 20, 24, 23, 22 ], 
      [ 15, 21, 23, 17, 16 ], [ 17, 22, 21, 24, 18 ], [ 18, 23, 21, 20, 19 ] ], 
  [ [ 2, 3, 4, 5, 6 ], [ 1, 7, 8, 9, 3 ], [ 1, 2, 9, 10, 4 ], [ 1, 3, 10, 11, 5 ], [ 1, 4, 11, 12, 6 ], 
      [ 1, 5, 12, 13, 7 ], [ 2, 6, 13, 14, 15 ], [ 2, 15, 16, 17, 9 ], [ 2, 8, 18, 10, 3 ], 
      [ 3, 9, 18, 19, 4 ], [ 4, 19, 20, 12, 5 ], [ 5, 11, 20, 13, 6 ], [ 6, 12, 20, 14, 7 ], 
      [ 7, 13, 21, 22, 15 ], [ 7, 14, 22, 16, 8 ], [ 8, 15, 22, 23, 17 ], [ 8, 16, 23, 24, 18 ], 
      [ 9, 17, 24, 19, 10 ], [ 10, 18, 24, 20, 11 ], [ 11, 19, 21, 13, 12 ], [ 14, 20, 24, 23, 22 ], 
      [ 14, 21, 23, 16, 15 ], [ 16, 22, 21, 24, 17 ], [ 17, 23, 21, 19, 18 ] ], 
  [ [ 2, 3, 4, 5, 6 ], [ 1, 6, 7, 8, 9 ], [ 1, 9, 10, 11, 4 ], [ 1, 3, 12, 13, 5 ], [ 1, 4, 13, 14, 6 ], 
      [ 1, 5, 14, 7, 2 ], [ 2, 6, 15, 16, 8 ], [ 2, 7, 16, 17, 9 ], [ 2, 8, 17, 10, 3 ], [ 3, 9, 17, 18, 11 ],
      [ 3, 10, 18, 19, 12 ], [ 4, 11, 19, 20, 21 ], [ 4, 21, 22, 14, 5 ], [ 5, 13, 22, 15, 6 ], 
      [ 7, 14, 22, 23, 24 ], [ 7, 24, 18, 17, 8 ], [ 8, 16, 18, 10, 9 ], [ 10, 17, 16, 19, 11 ], 
      [ 11, 18, 24, 20, 12 ], [ 12, 19, 24, 23, 21 ], [ 12, 20, 23, 22, 13 ], [ 13, 21, 23, 15, 14 ], 
      [ 15, 22, 21, 20, 24 ], [ 15, 23, 20, 19, 16 ] ], 
  [ [ 2, 3, 4, 5, 6 ], [ 1, 7, 8, 9, 3 ], [ 1, 2, 9, 10, 4 ], [ 1, 3, 10, 11, 5 ], [ 1, 4, 11, 12, 13 ], 
      [ 1, 13, 14, 15, 7 ], [ 2, 6, 15, 16, 8 ], [ 2, 7, 16, 17, 9 ], [ 2, 8, 17, 18, 3 ], 
      [ 3, 18, 19, 11, 4 ], [ 4, 10, 19, 12, 5 ], [ 5, 11, 19, 20, 13 ], [ 5, 12, 20, 14, 6 ], 
      [ 6, 13, 20, 21, 15 ], [ 6, 14, 21, 22, 7 ], [ 7, 22, 23, 17, 8 ], [ 8, 16, 23, 18, 9 ], 
      [ 9, 17, 23, 19, 10 ], [ 10, 18, 24, 12, 11 ], [ 12, 24, 21, 14, 13 ], [ 14, 20, 24, 22, 15 ], 
      [ 15, 21, 24, 23, 16 ], [ 16, 22, 24, 18, 17 ], [ 19, 23, 22, 21, 20 ] ], 
  [ [ 2, 3, 4, 5, 6 ], [ 1, 6, 7, 8, 9 ], [ 1, 9, 10, 11, 4 ], [ 1, 3, 11, 12, 13 ], [ 1, 13, 14, 15, 6 ], 
      [ 1, 5, 16, 7, 2 ], [ 2, 6, 16, 17, 8 ], [ 2, 7, 17, 18, 9 ], [ 2, 8, 18, 10, 3 ], [ 3, 9, 18, 19, 11 ],
      [ 3, 10, 19, 12, 4 ], [ 4, 11, 20, 21, 13 ], [ 4, 12, 21, 14, 5 ], [ 5, 13, 21, 22, 15 ], 
      [ 5, 14, 22, 23, 16 ], [ 6, 15, 24, 17, 7 ], [ 7, 16, 24, 18, 8 ], [ 8, 17, 24, 10, 9 ], 
      [ 10, 24, 23, 20, 11 ], [ 12, 19, 23, 22, 21 ], [ 12, 20, 22, 14, 13 ], [ 14, 21, 20, 23, 15 ], 
      [ 15, 22, 20, 19, 24 ], [ 16, 23, 19, 18, 17 ] ], 
  [ [ 2, 3, 4, 5, 6 ], [ 1, 7, 8, 9, 3 ], [ 1, 2, 9, 10, 4 ], [ 1, 3, 11, 12, 5 ], [ 1, 4, 13, 14, 6 ], 
      [ 1, 5, 14, 15, 7 ], [ 2, 6, 15, 16, 8 ], [ 2, 7, 16, 17, 18 ], [ 2, 18, 19, 10, 3 ], 
      [ 3, 9, 19, 20, 11 ], [ 4, 10, 20, 21, 12 ], [ 4, 11, 21, 22, 13 ], [ 5, 12, 22, 23, 14 ], 
      [ 5, 13, 23, 15, 6 ], [ 6, 14, 23, 16, 7 ], [ 7, 15, 23, 22, 8 ], [ 8, 22, 21, 24, 18 ], 
      [ 8, 17, 24, 19, 9 ], [ 9, 18, 24, 20, 10 ], [ 10, 19, 24, 21, 11 ], [ 11, 20, 24, 17, 12 ], 
      [ 12, 17, 16, 23, 13 ], [ 13, 22, 16, 15, 14 ], [ 17, 21, 20, 19, 18 ] ], 
  [ [ 2, 3, 4, 5, 6 ], [ 1, 7, 8, 9, 3 ], [ 1, 2, 9, 10, 4 ], [ 1, 3, 11, 12, 5 ], [ 1, 4, 13, 14, 6 ], 
      [ 1, 5, 14, 15, 7 ], [ 2, 6, 15, 16, 8 ], [ 2, 7, 16, 17, 18 ], [ 2, 18, 19, 10, 3 ], 
      [ 3, 9, 19, 20, 11 ], [ 4, 10, 20, 21, 12 ], [ 4, 11, 21, 22, 13 ], [ 5, 12, 17, 23, 14 ], 
      [ 5, 13, 23, 15, 6 ], [ 6, 14, 23, 16, 7 ], [ 7, 15, 23, 17, 8 ], [ 8, 16, 23, 13, 22 ], 
      [ 8, 22, 24, 19, 9 ], [ 9, 18, 24, 20, 10 ], [ 10, 19, 24, 21, 11 ], [ 11, 20, 24, 22, 12 ], 
      [ 12, 21, 24, 18, 17 ], [ 13, 17, 16, 15, 14 ], [ 18, 22, 21, 20, 19 ] ], 
  [ [ 2, 3, 4, 5, 6 ], [ 1, 7, 8, 9, 3 ], [ 1, 2, 9, 10, 4 ], [ 1, 3, 11, 12, 5 ], [ 1, 4, 13, 14, 6 ], 
      [ 1, 5, 14, 15, 7 ], [ 2, 6, 15, 16, 8 ], [ 2, 7, 16, 17, 18 ], [ 2, 18, 19, 10, 3 ], 
      [ 3, 9, 19, 20, 11 ], [ 4, 10, 20, 21, 12 ], [ 4, 11, 21, 22, 13 ], [ 5, 12, 22, 23, 14 ], 
      [ 5, 13, 23, 15, 6 ], [ 6, 14, 23, 16, 7 ], [ 7, 15, 23, 17, 8 ], [ 8, 16, 22, 24, 18 ], 
      [ 8, 17, 24, 19, 9 ], [ 9, 18, 24, 20, 10 ], [ 10, 19, 24, 21, 11 ], [ 11, 20, 24, 22, 12 ], 
      [ 12, 21, 17, 23, 13 ], [ 13, 22, 16, 15, 14 ], [ 17, 21, 20, 19, 18 ] ], 
  [ [ 2, 3, 4, 5, 6 ], [ 1, 6, 7, 8, 3 ], [ 1, 2, 8, 9, 4 ], [ 1, 3, 9, 10, 11 ], [ 1, 11, 12, 13, 6 ], 
      [ 1, 5, 13, 14, 2 ], [ 2, 14, 15, 16, 17 ], [ 2, 17, 18, 9, 3 ], [ 3, 8, 18, 10, 4 ], 
      [ 4, 9, 18, 19, 11 ], [ 4, 10, 19, 12, 5 ], [ 5, 11, 19, 20, 21 ], [ 5, 21, 22, 14, 6 ], 
      [ 6, 13, 22, 15, 7 ], [ 7, 14, 22, 23, 16 ], [ 7, 15, 23, 24, 17 ], [ 7, 16, 24, 20, 8 ], 
      [ 8, 20, 19, 10, 9 ], [ 10, 18, 20, 12, 11 ], [ 12, 19, 18, 17, 24 ], [ 12, 24, 23, 22, 13 ], 
      [ 13, 21, 23, 15, 14 ], [ 15, 22, 21, 24, 16 ], [ 16, 23, 21, 20, 17 ] ], 
  [ [ 2, 3, 4, 5, 6 ], [ 1, 7, 8, 9, 3 ], [ 1, 2, 9, 10, 4 ], [ 1, 3, 11, 12, 5 ], [ 1, 4, 12, 13, 6 ], 
      [ 1, 5, 13, 14, 7 ], [ 2, 6, 14, 15, 16 ], [ 2, 16, 17, 18, 9 ], [ 2, 8, 18, 10, 3 ], 
      [ 3, 9, 18, 19, 11 ], [ 4, 10, 19, 20, 21 ], [ 4, 21, 22, 13, 5 ], [ 5, 12, 22, 14, 6 ], 
      [ 6, 13, 22, 15, 7 ], [ 7, 14, 22, 23, 16 ], [ 7, 15, 23, 24, 8 ], [ 8, 24, 20, 19, 18 ], 
      [ 8, 17, 19, 10, 9 ], [ 10, 18, 17, 20, 11 ], [ 11, 19, 17, 24, 21 ], [ 11, 20, 24, 23, 12 ], 
      [ 12, 23, 15, 14, 13 ], [ 15, 22, 21, 24, 16 ], [ 16, 23, 21, 20, 17 ] ], 
  [ [ 2, 3, 4, 5, 6 ], [ 1, 7, 8, 9, 3 ], [ 1, 2, 9, 10, 4 ], [ 1, 3, 10, 11, 5 ], [ 1, 4, 11, 12, 6 ], 
      [ 1, 5, 13, 14, 15 ], [ 2, 15, 16, 17, 8 ], [ 2, 7, 17, 18, 9 ], [ 2, 8, 18, 10, 3 ], 
      [ 3, 9, 18, 19, 4 ], [ 4, 19, 20, 12, 5 ], [ 5, 11, 20, 21, 13 ], [ 6, 12, 21, 22, 14 ], 
      [ 6, 13, 22, 23, 15 ], [ 6, 14, 23, 16, 7 ], [ 7, 15, 23, 24, 17 ], [ 7, 16, 19, 18, 8 ], 
      [ 8, 17, 19, 10, 9 ], [ 10, 18, 17, 20, 11 ], [ 11, 19, 24, 21, 12 ], [ 12, 20, 24, 22, 13 ], 
      [ 13, 21, 24, 23, 14 ], [ 14, 22, 24, 16, 15 ], [ 16, 23, 22, 21, 20 ] ], 
  [ [ 2, 3, 4, 5, 6 ], [ 1, 6, 7, 8, 9 ], [ 1, 9, 10, 11, 4 ], [ 1, 3, 11, 12, 5 ], [ 1, 4, 12, 13, 6 ], 
      [ 1, 5, 14, 15, 2 ], [ 2, 15, 16, 17, 8 ], [ 2, 7, 17, 18, 9 ], [ 2, 8, 18, 10, 3 ], 
      [ 3, 9, 18, 19, 11 ], [ 3, 10, 19, 20, 4 ], [ 4, 20, 21, 13, 5 ], [ 5, 12, 21, 22, 14 ], 
      [ 6, 13, 22, 23, 15 ], [ 6, 14, 23, 16, 7 ], [ 7, 15, 23, 24, 17 ], [ 7, 16, 19, 18, 8 ], 
      [ 8, 17, 19, 10, 9 ], [ 10, 18, 17, 20, 11 ], [ 11, 19, 24, 21, 12 ], [ 12, 20, 24, 22, 13 ], 
      [ 13, 21, 24, 23, 14 ], [ 14, 22, 24, 16, 15 ], [ 16, 23, 22, 21, 20 ] ], 
  [ [ 2, 3, 4, 5, 6 ], [ 1, 6, 7, 8, 9 ], [ 1, 9, 10, 11, 4 ], [ 1, 3, 11, 12, 5 ], [ 1, 4, 12, 13, 6 ], 
      [ 1, 5, 13, 14, 2 ], [ 2, 14, 15, 16, 8 ], [ 2, 7, 16, 17, 9 ], [ 2, 8, 17, 10, 3 ], 
      [ 3, 9, 17, 18, 11 ], [ 3, 10, 19, 12, 4 ], [ 4, 11, 19, 20, 5 ], [ 5, 20, 21, 14, 6 ], 
      [ 6, 13, 21, 15, 7 ], [ 7, 14, 21, 22, 16 ], [ 7, 15, 22, 23, 8 ], [ 8, 23, 18, 10, 9 ], 
      [ 10, 17, 23, 24, 19 ], [ 11, 18, 24, 20, 12 ], [ 12, 19, 24, 21, 13 ], [ 13, 20, 22, 15, 14 ], 
      [ 15, 21, 24, 23, 16 ], [ 16, 22, 24, 18, 17 ], [ 18, 23, 22, 20, 19 ] ], 
  [ [ 2, 3, 4, 5, 6 ], [ 1, 6, 7, 8, 9 ], [ 1, 9, 10, 11, 4 ], [ 1, 3, 11, 12, 5 ], [ 1, 4, 12, 13, 6 ], 
      [ 1, 5, 13, 7, 2 ], [ 2, 6, 13, 14, 15 ], [ 2, 15, 16, 17, 9 ], [ 2, 8, 17, 10, 3 ], 
      [ 3, 9, 17, 18, 11 ], [ 3, 10, 19, 20, 4 ], [ 4, 20, 21, 13, 5 ], [ 5, 12, 14, 7, 6 ], 
      [ 7, 13, 21, 22, 15 ], [ 7, 14, 22, 16, 8 ], [ 8, 15, 23, 18, 17 ], [ 8, 16, 18, 10, 9 ], 
      [ 10, 17, 16, 23, 19 ], [ 11, 18, 23, 24, 20 ], [ 11, 19, 24, 21, 12 ], [ 12, 20, 24, 22, 14 ], 
      [ 14, 21, 24, 23, 15 ], [ 16, 22, 24, 19, 18 ], [ 19, 23, 22, 21, 20 ] ], 
  [ [ 2, 3, 4, 5, 6 ], [ 1, 6, 7, 8, 3 ], [ 1, 2, 9, 10, 4 ], [ 1, 3, 11, 12, 5 ], [ 1, 4, 13, 14, 6 ], 
      [ 1, 5, 14, 7, 2 ], [ 2, 6, 15, 16, 8 ], [ 2, 7, 16, 17, 9 ], [ 3, 8, 17, 18, 10 ], 
      [ 3, 9, 18, 19, 11 ], [ 4, 10, 19, 20, 12 ], [ 4, 11, 20, 21, 13 ], [ 5, 12, 21, 22, 14 ], 
      [ 5, 13, 22, 15, 6 ], [ 7, 14, 22, 23, 16 ], [ 7, 15, 23, 17, 8 ], [ 8, 16, 23, 18, 9 ], 
      [ 9, 17, 24, 19, 10 ], [ 10, 18, 24, 20, 11 ], [ 11, 19, 24, 21, 12 ], [ 12, 20, 24, 22, 13 ], 
      [ 13, 21, 23, 15, 14 ], [ 15, 22, 24, 17, 16 ], [ 18, 23, 21, 20, 19 ] ], 
  [ [ 2, 3, 4, 5, 6 ], [ 1, 6, 7, 8, 9 ], [ 1, 9, 10, 11, 4 ], [ 1, 3, 12, 13, 5 ], [ 1, 4, 13, 14, 6 ], 
      [ 1, 5, 14, 7, 2 ], [ 2, 6, 14, 15, 8 ], [ 2, 7, 15, 16, 9 ], [ 2, 8, 16, 10, 3 ], [ 3, 9, 17, 18, 11 ],
      [ 3, 10, 18, 19, 12 ], [ 4, 11, 19, 20, 21 ], [ 4, 21, 22, 14, 5 ], [ 5, 13, 15, 7, 6 ], 
      [ 7, 14, 22, 16, 8 ], [ 8, 15, 22, 17, 9 ], [ 10, 16, 23, 24, 18 ], [ 10, 17, 24, 19, 11 ], 
      [ 11, 18, 24, 20, 12 ], [ 12, 19, 24, 23, 21 ], [ 12, 20, 23, 22, 13 ], [ 13, 21, 23, 16, 15 ], 
      [ 17, 22, 21, 20, 24 ], [ 17, 23, 20, 19, 18 ] ], 
  [ [ 2, 3, 4, 5, 6 ], [ 1, 6, 7, 8, 9 ], [ 1, 9, 10, 11, 4 ], [ 1, 3, 11, 12, 5 ], [ 1, 4, 13, 14, 6 ], 
      [ 1, 5, 14, 7, 2 ], [ 2, 6, 14, 15, 8 ], [ 2, 7, 15, 16, 9 ], [ 2, 8, 16, 10, 3 ], [ 3, 9, 17, 18, 11 ],
      [ 3, 10, 18, 19, 4 ], [ 4, 19, 20, 21, 13 ], [ 5, 12, 21, 22, 14 ], [ 5, 13, 15, 7, 6 ], 
      [ 7, 14, 22, 16, 8 ], [ 8, 15, 22, 17, 9 ], [ 10, 16, 23, 24, 18 ], [ 10, 17, 24, 19, 11 ], 
      [ 11, 18, 24, 20, 12 ], [ 12, 19, 24, 23, 21 ], [ 12, 20, 23, 22, 13 ], [ 13, 21, 23, 16, 15 ], 
      [ 17, 22, 21, 20, 24 ], [ 17, 23, 20, 19, 18 ] ], 
  [ [ 2, 3, 4, 5, 6 ], [ 1, 6, 7, 8, 9 ], [ 1, 9, 10, 11, 4 ], [ 1, 3, 11, 12, 5 ], [ 1, 4, 13, 14, 6 ], 
      [ 1, 5, 14, 7, 2 ], [ 2, 6, 14, 15, 8 ], [ 2, 7, 15, 16, 9 ], [ 2, 8, 17, 10, 3 ], [ 3, 9, 17, 18, 11 ],
      [ 3, 10, 18, 19, 4 ], [ 4, 19, 20, 21, 13 ], [ 5, 12, 21, 22, 14 ], [ 5, 13, 15, 7, 6 ], 
      [ 7, 14, 22, 16, 8 ], [ 8, 15, 22, 23, 17 ], [ 9, 16, 24, 18, 10 ], [ 10, 17, 24, 19, 11 ], 
      [ 11, 18, 24, 20, 12 ], [ 12, 19, 24, 23, 21 ], [ 12, 20, 23, 22, 13 ], [ 13, 21, 23, 16, 15 ], 
      [ 16, 22, 21, 20, 24 ], [ 17, 23, 20, 19, 18 ] ], 
  [ [ 2, 3, 4, 5, 6 ], [ 1, 6, 7, 8, 9 ], [ 1, 9, 10, 11, 4 ], [ 1, 3, 11, 12, 13 ], [ 1, 13, 14, 15, 6 ], 
      [ 1, 5, 15, 7, 2 ], [ 2, 6, 15, 16, 8 ], [ 2, 7, 16, 17, 9 ], [ 2, 8, 17, 10, 3 ], [ 3, 9, 18, 19, 11 ],
      [ 3, 10, 19, 12, 4 ], [ 4, 11, 19, 20, 21 ], [ 4, 21, 22, 14, 5 ], [ 5, 13, 22, 23, 15 ], 
      [ 5, 14, 16, 7, 6 ], [ 7, 15, 23, 17, 8 ], [ 8, 16, 23, 18, 9 ], [ 10, 17, 24, 20, 19 ], 
      [ 10, 18, 20, 12, 11 ], [ 12, 19, 18, 24, 21 ], [ 12, 20, 24, 22, 13 ], [ 13, 21, 24, 23, 14 ], 
      [ 14, 22, 24, 17, 16 ], [ 18, 23, 22, 21, 20 ] ], 
  [ [ 2, 3, 4, 5, 6 ], [ 1, 6, 7, 8, 9 ], [ 1, 9, 10, 11, 4 ], [ 1, 3, 11, 12, 5 ], [ 1, 4, 12, 13, 14 ], 
      [ 1, 14, 15, 7, 2 ], [ 2, 6, 15, 16, 8 ], [ 2, 7, 16, 17, 18 ], [ 2, 18, 19, 10, 3 ], 
      [ 3, 9, 19, 20, 11 ], [ 3, 10, 21, 12, 4 ], [ 4, 11, 21, 13, 5 ], [ 5, 12, 21, 22, 14 ], 
      [ 5, 13, 23, 15, 6 ], [ 6, 14, 23, 16, 7 ], [ 7, 15, 23, 17, 8 ], [ 8, 16, 23, 24, 18 ], 
      [ 8, 17, 24, 19, 9 ], [ 9, 18, 24, 20, 10 ], [ 10, 19, 24, 22, 21 ], [ 11, 20, 22, 13, 12 ], 
      [ 13, 21, 20, 24, 23 ], [ 14, 22, 17, 16, 15 ], [ 17, 22, 20, 19, 18 ] ], 
  [ [ 2, 3, 4, 5, 6 ], [ 1, 6, 7, 8, 9 ], [ 1, 9, 10, 11, 4 ], [ 1, 3, 11, 12, 5 ], [ 1, 4, 13, 14, 6 ], 
      [ 1, 5, 14, 7, 2 ], [ 2, 6, 14, 15, 8 ], [ 2, 7, 15, 16, 9 ], [ 2, 8, 16, 10, 3 ], [ 3, 9, 16, 17, 11 ],
      [ 3, 10, 17, 18, 4 ], [ 4, 18, 19, 20, 13 ], [ 5, 12, 20, 21, 14 ], [ 5, 13, 21, 7, 6 ], 
      [ 7, 21, 22, 16, 8 ], [ 8, 15, 22, 10, 9 ], [ 10, 22, 23, 18, 11 ], [ 11, 17, 23, 19, 12 ], 
      [ 12, 18, 23, 24, 20 ], [ 12, 19, 24, 21, 13 ], [ 13, 20, 24, 15, 14 ], [ 15, 24, 23, 17, 16 ], 
      [ 17, 22, 24, 19, 18 ], [ 19, 23, 22, 21, 20 ] ], 
  [ [ 2, 3, 4, 5, 6 ], [ 1, 6, 7, 8, 9 ], [ 1, 9, 10, 11, 4 ], [ 1, 3, 11, 12, 13 ], [ 1, 13, 14, 15, 6 ], 
      [ 1, 5, 15, 7, 2 ], [ 2, 6, 15, 16, 8 ], [ 2, 7, 16, 17, 9 ], [ 2, 8, 17, 10, 3 ], [ 3, 9, 17, 18, 11 ],
      [ 3, 10, 18, 12, 4 ], [ 4, 11, 18, 19, 20 ], [ 4, 20, 21, 14, 5 ], [ 5, 13, 21, 22, 15 ], 
      [ 5, 14, 22, 7, 6 ], [ 7, 22, 23, 17, 8 ], [ 8, 16, 23, 10, 9 ], [ 10, 23, 19, 12, 11 ], 
      [ 12, 18, 23, 24, 20 ], [ 12, 19, 24, 21, 13 ], [ 13, 20, 24, 22, 14 ], [ 14, 21, 24, 16, 15 ], 
      [ 16, 24, 19, 18, 17 ], [ 19, 23, 22, 21, 20 ] ], 
  [ [ 2, 3, 4, 5, 6 ], [ 1, 6, 7, 8, 9 ], [ 1, 10, 11, 12, 4 ], [ 1, 3, 12, 13, 5 ], [ 1, 4, 13, 14, 6 ], 
      [ 1, 5, 14, 7, 2 ], [ 2, 6, 14, 15, 8 ], [ 2, 7, 15, 16, 17 ], [ 2, 17, 18, 19, 10 ], 
      [ 3, 9, 19, 20, 11 ], [ 3, 10, 20, 21, 12 ], [ 3, 11, 21, 13, 4 ], [ 4, 12, 21, 22, 5 ], 
      [ 5, 22, 15, 7, 6 ], [ 7, 14, 22, 16, 8 ], [ 8, 15, 22, 23, 17 ], [ 8, 16, 23, 18, 9 ], 
      [ 9, 17, 23, 24, 19 ], [ 9, 18, 24, 20, 10 ], [ 10, 19, 24, 21, 11 ], [ 11, 20, 24, 13, 12 ], 
      [ 13, 23, 16, 15, 14 ], [ 16, 22, 24, 18, 17 ], [ 18, 23, 21, 20, 19 ] ], 
  [ [ 2, 3, 4, 5, 6 ], [ 1, 6, 7, 8, 9 ], [ 1, 9, 10, 11, 4 ], [ 1, 3, 11, 12, 5 ], [ 1, 4, 12, 13, 6 ], 
      [ 1, 5, 13, 7, 2 ], [ 2, 6, 13, 14, 15 ], [ 2, 15, 16, 17, 18 ], [ 2, 18, 19, 10, 3 ], 
      [ 3, 9, 19, 20, 11 ], [ 3, 10, 20, 12, 4 ], [ 4, 11, 20, 21, 5 ], [ 5, 21, 14, 7, 6 ], 
      [ 7, 13, 21, 22, 15 ], [ 7, 14, 22, 16, 8 ], [ 8, 15, 22, 23, 17 ], [ 8, 16, 23, 24, 18 ], 
      [ 8, 17, 24, 19, 9 ], [ 9, 18, 24, 20, 10 ], [ 10, 19, 24, 12, 11 ], [ 12, 23, 22, 14, 13 ], 
      [ 14, 21, 23, 16, 15 ], [ 16, 22, 21, 24, 17 ], [ 17, 23, 20, 19, 18 ] ], 
  [ [ 2, 3, 4, 5, 6 ], [ 1, 7, 8, 9, 3 ], [ 1, 2, 9, 10, 4 ], [ 1, 3, 10, 11, 5 ], [ 1, 4, 11, 12, 6 ], 
      [ 1, 5, 12, 13, 14 ], [ 2, 14, 15, 16, 8 ], [ 2, 7, 16, 17, 9 ], [ 2, 8, 18, 10, 3 ], 
      [ 3, 9, 18, 11, 4 ], [ 4, 10, 18, 19, 5 ], [ 5, 19, 20, 13, 6 ], [ 6, 12, 20, 21, 14 ], 
      [ 6, 13, 21, 15, 7 ], [ 7, 14, 21, 22, 16 ], [ 7, 15, 22, 17, 8 ], [ 8, 16, 22, 23, 18 ], 
      [ 9, 17, 23, 11, 10 ], [ 11, 23, 24, 20, 12 ], [ 12, 19, 24, 21, 13 ], [ 13, 20, 24, 15, 14 ], 
      [ 15, 24, 23, 17, 16 ], [ 17, 22, 24, 19, 18 ], [ 19, 23, 22, 21, 20 ] ], 
  [ [ 2, 3, 4, 5, 6 ], [ 1, 6, 7, 8, 9 ], [ 1, 9, 10, 11, 4 ], [ 1, 3, 12, 13, 5 ], [ 1, 4, 13, 14, 6 ], 
      [ 1, 5, 14, 7, 2 ], [ 2, 6, 15, 16, 8 ], [ 2, 7, 16, 17, 9 ], [ 2, 8, 17, 10, 3 ], [ 3, 9, 17, 18, 11 ],
      [ 3, 10, 19, 20, 12 ], [ 4, 11, 20, 21, 13 ], [ 4, 12, 21, 14, 5 ], [ 5, 13, 22, 15, 6 ], 
      [ 7, 14, 22, 23, 16 ], [ 7, 15, 18, 17, 8 ], [ 8, 16, 18, 10, 9 ], [ 10, 17, 16, 23, 19 ], 
      [ 11, 18, 23, 24, 20 ], [ 11, 19, 24, 21, 12 ], [ 12, 20, 24, 22, 13 ], [ 14, 21, 24, 23, 15 ], 
      [ 15, 22, 24, 19, 18 ], [ 19, 23, 22, 21, 20 ] ], 
  [ [ 2, 3, 4, 5, 6 ], [ 1, 6, 7, 8, 9 ], [ 1, 9, 10, 11, 4 ], [ 1, 3, 11, 12, 5 ], [ 1, 4, 12, 13, 6 ], 
      [ 1, 5, 14, 7, 2 ], [ 2, 6, 14, 15, 8 ], [ 2, 7, 16, 17, 9 ], [ 2, 8, 17, 10, 3 ], [ 3, 9, 17, 18, 11 ],
      [ 3, 10, 18, 19, 4 ], [ 4, 19, 20, 13, 5 ], [ 5, 12, 20, 21, 14 ], [ 6, 13, 21, 15, 7 ], 
      [ 7, 14, 21, 22, 16 ], [ 8, 15, 22, 23, 17 ], [ 8, 16, 23, 10, 9 ], [ 10, 23, 24, 19, 11 ], 
      [ 11, 18, 24, 20, 12 ], [ 12, 19, 24, 21, 13 ], [ 13, 20, 22, 15, 14 ], [ 15, 21, 24, 23, 16 ], 
      [ 16, 22, 24, 18, 17 ], [ 18, 23, 22, 20, 19 ] ], 
  [ [ 2, 3, 4, 5, 6 ], [ 1, 6, 7, 8, 9 ], [ 1, 9, 10, 11, 4 ], [ 1, 3, 12, 13, 5 ], [ 1, 4, 13, 14, 6 ], 
      [ 1, 5, 14, 7, 2 ], [ 2, 6, 15, 16, 8 ], [ 2, 7, 16, 17, 9 ], [ 2, 8, 17, 10, 3 ], [ 3, 9, 17, 18, 11 ],
      [ 3, 10, 18, 19, 12 ], [ 4, 11, 19, 20, 13 ], [ 4, 12, 20, 14, 5 ], [ 5, 13, 21, 15, 6 ], 
      [ 7, 14, 21, 22, 16 ], [ 7, 15, 22, 23, 8 ], [ 8, 23, 18, 10, 9 ], [ 10, 17, 23, 19, 11 ], 
      [ 11, 18, 24, 20, 12 ], [ 12, 19, 24, 21, 13 ], [ 14, 20, 24, 22, 15 ], [ 15, 21, 24, 23, 16 ], 
      [ 16, 22, 24, 18, 17 ], [ 19, 23, 22, 21, 20 ] ], 
  [ [ 2, 3, 4, 5, 6 ], [ 1, 6, 7, 8, 9 ], [ 1, 9, 10, 11, 4 ], [ 1, 3, 11, 12, 5 ], [ 1, 4, 12, 13, 6 ], 
      [ 1, 5, 14, 7, 2 ], [ 2, 6, 14, 15, 8 ], [ 2, 7, 15, 16, 9 ], [ 2, 8, 17, 10, 3 ], [ 3, 9, 18, 19, 11 ],
      [ 3, 10, 19, 12, 4 ], [ 4, 11, 19, 13, 5 ], [ 5, 12, 20, 21, 14 ], [ 6, 13, 22, 15, 7 ], 
      [ 7, 14, 22, 16, 8 ], [ 8, 15, 22, 23, 17 ], [ 9, 16, 23, 24, 18 ], [ 10, 17, 24, 20, 19 ], 
      [ 10, 18, 20, 12, 11 ], [ 13, 19, 18, 24, 21 ], [ 13, 20, 24, 23, 22 ], [ 14, 21, 23, 16, 15 ], 
      [ 16, 22, 21, 24, 17 ], [ 17, 23, 21, 20, 18 ] ], 
  [ [ 2, 3, 4, 5, 6 ], [ 1, 6, 7, 8, 9 ], [ 1, 9, 10, 11, 4 ], [ 1, 3, 11, 12, 5 ], [ 1, 4, 12, 13, 6 ], 
      [ 1, 5, 13, 7, 2 ], [ 2, 6, 14, 15, 16 ], [ 2, 16, 17, 18, 9 ], [ 2, 8, 18, 10, 3 ], 
      [ 3, 9, 19, 20, 11 ], [ 3, 10, 21, 12, 4 ], [ 4, 11, 21, 13, 5 ], [ 5, 12, 21, 14, 6 ], 
      [ 7, 13, 21, 20, 15 ], [ 7, 14, 22, 23, 16 ], [ 7, 15, 23, 17, 8 ], [ 8, 16, 23, 24, 18 ], 
      [ 8, 17, 24, 19, 9 ], [ 10, 18, 24, 22, 20 ], [ 10, 19, 22, 14, 21 ], [ 11, 20, 14, 13, 12 ], 
      [ 15, 20, 19, 24, 23 ], [ 15, 22, 24, 17, 16 ], [ 17, 23, 22, 19, 18 ] ], 
  [ [ 2, 3, 4, 5, 6 ], [ 1, 6, 7, 8, 9 ], [ 1, 9, 10, 11, 4 ], [ 1, 3, 11, 12, 5 ], [ 1, 4, 13, 14, 6 ], 
      [ 1, 5, 14, 7, 2 ], [ 2, 6, 14, 15, 16 ], [ 2, 16, 17, 18, 9 ], [ 2, 8, 19, 10, 3 ], 
      [ 3, 9, 19, 20, 11 ], [ 3, 10, 20, 12, 4 ], [ 4, 11, 20, 21, 13 ], [ 5, 12, 21, 15, 14 ], 
      [ 5, 13, 15, 7, 6 ], [ 7, 14, 13, 22, 16 ], [ 7, 15, 22, 17, 8 ], [ 8, 16, 22, 23, 18 ], 
      [ 8, 17, 23, 24, 19 ], [ 9, 18, 24, 20, 10 ], [ 10, 19, 24, 12, 11 ], [ 12, 24, 23, 22, 13 ], 
      [ 15, 21, 23, 17, 16 ], [ 17, 22, 21, 24, 18 ], [ 18, 23, 21, 20, 19 ] ], 
  [ [ 2, 3, 4, 5, 6 ], [ 1, 6, 7, 8, 9 ], [ 1, 9, 10, 11, 4 ], [ 1, 3, 11, 12, 5 ], [ 1, 4, 12, 13, 6 ], 
      [ 1, 5, 13, 7, 2 ], [ 2, 6, 13, 14, 15 ], [ 2, 15, 16, 17, 9 ], [ 2, 8, 18, 10, 3 ], 
      [ 3, 9, 18, 19, 11 ], [ 3, 10, 19, 12, 4 ], [ 4, 11, 20, 21, 5 ], [ 5, 21, 14, 7, 6 ], 
      [ 7, 13, 21, 22, 15 ], [ 7, 14, 22, 16, 8 ], [ 8, 15, 22, 23, 17 ], [ 8, 16, 23, 24, 18 ], 
      [ 9, 17, 24, 19, 10 ], [ 10, 18, 24, 20, 11 ], [ 12, 19, 24, 23, 21 ], [ 12, 20, 22, 14, 13 ], 
      [ 14, 21, 23, 16, 15 ], [ 16, 22, 20, 24, 17 ], [ 17, 23, 20, 19, 18 ] ], 
  [ [ 2, 3, 4, 5, 6 ], [ 1, 6, 7, 8, 9 ], [ 1, 10, 11, 12, 4 ], [ 1, 3, 12, 13, 5 ], [ 1, 4, 13, 14, 6 ], 
      [ 1, 5, 14, 7, 2 ], [ 2, 6, 14, 15, 8 ], [ 2, 7, 15, 16, 9 ], [ 2, 8, 16, 17, 18 ], 
      [ 3, 18, 19, 20, 11 ], [ 3, 10, 20, 21, 12 ], [ 3, 11, 21, 13, 4 ], [ 4, 12, 21, 14, 5 ], 
      [ 5, 13, 15, 7, 6 ], [ 7, 14, 22, 16, 8 ], [ 8, 15, 22, 17, 9 ], [ 9, 16, 22, 23, 18 ], 
      [ 9, 17, 23, 19, 10 ], [ 10, 18, 23, 24, 20 ], [ 10, 19, 24, 21, 11 ], [ 11, 20, 24, 13, 12 ], 
      [ 15, 24, 23, 17, 16 ], [ 17, 22, 24, 19, 18 ], [ 19, 23, 22, 21, 20 ] ], 
  [ [ 2, 3, 4, 5, 6 ], [ 1, 7, 8, 9, 3 ], [ 1, 2, 9, 10, 4 ], [ 1, 3, 10, 11, 5 ], [ 1, 4, 11, 12, 6 ], 
      [ 1, 5, 12, 13, 14 ], [ 2, 15, 16, 17, 8 ], [ 2, 7, 17, 18, 9 ], [ 2, 8, 18, 10, 3 ], 
      [ 3, 9, 18, 19, 4 ], [ 4, 20, 21, 12, 5 ], [ 5, 11, 21, 13, 6 ], [ 6, 12, 21, 22, 14 ], 
      [ 6, 13, 22, 23, 15 ], [ 7, 14, 23, 24, 16 ], [ 7, 15, 24, 19, 17 ], [ 7, 16, 19, 18, 8 ], 
      [ 8, 17, 19, 10, 9 ], [ 10, 18, 17, 16, 24 ], [ 11, 24, 23, 22, 21 ], [ 11, 20, 22, 13, 12 ], 
      [ 13, 21, 20, 23, 14 ], [ 14, 22, 20, 24, 15 ], [ 15, 23, 20, 19, 16 ] ], 
  [ [ 2, 3, 4, 5, 6 ], [ 1, 6, 7, 8, 3 ], [ 1, 2, 9, 10, 4 ], [ 1, 3, 10, 11, 5 ], [ 1, 4, 11, 12, 6 ], 
      [ 1, 5, 12, 7, 2 ], [ 2, 6, 12, 13, 8 ], [ 2, 7, 13, 14, 9 ], [ 3, 8, 14, 15, 10 ], [ 3, 9, 16, 11, 4 ],
      [ 4, 10, 16, 17, 5 ], [ 5, 17, 18, 7, 6 ], [ 7, 18, 19, 20, 8 ], [ 8, 20, 21, 15, 9 ], 
      [ 9, 14, 21, 22, 16 ], [ 10, 15, 22, 17, 11 ], [ 11, 16, 23, 18, 12 ], [ 12, 17, 23, 19, 13 ], 
      [ 13, 18, 23, 24, 20 ], [ 13, 19, 24, 21, 14 ], [ 14, 20, 24, 22, 15 ], [ 15, 21, 24, 23, 16 ], 
      [ 17, 22, 24, 19, 18 ], [ 19, 23, 22, 21, 20 ] ], 
  [ [ 2, 3, 4, 5, 6 ], [ 1, 7, 8, 9, 3 ], [ 1, 2, 9, 10, 4 ], [ 1, 3, 11, 12, 5 ], [ 1, 4, 12, 13, 6 ], 
      [ 1, 5, 13, 14, 7 ], [ 2, 6, 14, 15, 8 ], [ 2, 7, 15, 16, 9 ], [ 2, 8, 16, 10, 3 ], 
      [ 3, 9, 16, 17, 11 ], [ 4, 10, 17, 18, 12 ], [ 4, 11, 18, 13, 5 ], [ 5, 12, 19, 20, 6 ], 
      [ 6, 20, 21, 15, 7 ], [ 7, 14, 21, 16, 8 ], [ 8, 15, 22, 10, 9 ], [ 10, 22, 23, 18, 11 ], 
      [ 11, 17, 23, 19, 12 ], [ 13, 18, 23, 24, 20 ], [ 13, 19, 24, 21, 14 ], [ 14, 20, 24, 22, 15 ], 
      [ 16, 21, 24, 23, 17 ], [ 17, 22, 24, 19, 18 ], [ 19, 23, 22, 21, 20 ] ], 
  [ [ 2, 3, 4, 5, 6 ], [ 1, 6, 7, 8, 3 ], [ 1, 2, 8, 9, 4 ], [ 1, 3, 9, 10, 5 ], [ 1, 4, 11, 12, 6 ], 
      [ 1, 5, 13, 7, 2 ], [ 2, 6, 13, 14, 15 ], [ 2, 15, 16, 9, 3 ], [ 3, 8, 17, 10, 4 ], 
      [ 4, 9, 17, 18, 11 ], [ 5, 10, 18, 19, 12 ], [ 5, 11, 19, 20, 13 ], [ 6, 12, 20, 14, 7 ], 
      [ 7, 13, 20, 21, 15 ], [ 7, 14, 22, 16, 8 ], [ 8, 15, 22, 23, 17 ], [ 9, 16, 23, 18, 10 ], 
      [ 10, 17, 23, 24, 11 ], [ 11, 24, 21, 20, 12 ], [ 12, 19, 21, 14, 13 ], [ 14, 20, 19, 24, 22 ], 
      [ 15, 21, 24, 23, 16 ], [ 16, 22, 24, 18, 17 ], [ 18, 23, 22, 21, 19 ] ], 
  [ [ 2, 3, 4, 5, 6 ], [ 1, 6, 7, 8, 9 ], [ 1, 9, 10, 11, 4 ], [ 1, 3, 11, 12, 5 ], [ 1, 4, 12, 13, 6 ], 
      [ 1, 5, 14, 7, 2 ], [ 2, 6, 14, 15, 8 ], [ 2, 7, 15, 16, 17 ], [ 2, 17, 18, 10, 3 ], 
      [ 3, 9, 18, 19, 11 ], [ 3, 10, 19, 12, 4 ], [ 4, 11, 19, 13, 5 ], [ 5, 12, 20, 21, 14 ], 
      [ 6, 13, 21, 15, 7 ], [ 7, 14, 21, 16, 8 ], [ 8, 15, 22, 23, 17 ], [ 8, 16, 23, 18, 9 ], 
      [ 9, 17, 23, 24, 10 ], [ 10, 24, 20, 12, 11 ], [ 13, 19, 24, 22, 21 ], [ 13, 20, 22, 15, 14 ], 
      [ 16, 21, 20, 24, 23 ], [ 16, 22, 24, 18, 17 ], [ 18, 23, 22, 20, 19 ] ], 
  [ [ 2, 3, 4, 5, 6 ], [ 1, 6, 7, 8, 9 ], [ 1, 10, 11, 12, 4 ], [ 1, 3, 13, 14, 5 ], [ 1, 4, 14, 15, 6 ], 
      [ 1, 5, 15, 7, 2 ], [ 2, 6, 15, 16, 8 ], [ 2, 7, 16, 17, 9 ], [ 2, 8, 17, 18, 10 ], 
      [ 3, 9, 18, 19, 11 ], [ 3, 10, 19, 20, 12 ], [ 3, 11, 20, 21, 13 ], [ 4, 12, 21, 22, 14 ], 
      [ 4, 13, 22, 15, 5 ], [ 5, 14, 16, 7, 6 ], [ 7, 15, 23, 17, 8 ], [ 8, 16, 23, 18, 9 ], 
      [ 9, 17, 23, 19, 10 ], [ 10, 18, 24, 20, 11 ], [ 11, 19, 24, 21, 12 ], [ 12, 20, 24, 22, 13 ], 
      [ 13, 21, 24, 23, 14 ], [ 16, 22, 24, 18, 17 ], [ 19, 23, 22, 21, 20 ] ], 
  [ [ 2, 3, 4, 5, 6 ], [ 1, 6, 7, 8, 9 ], [ 1, 9, 10, 11, 4 ], [ 1, 3, 11, 12, 5 ], [ 1, 4, 12, 13, 6 ], 
      [ 1, 5, 13, 7, 2 ], [ 2, 6, 13, 14, 15 ], [ 2, 15, 16, 17, 9 ], [ 2, 8, 18, 10, 3 ], 
      [ 3, 9, 18, 19, 20 ], [ 3, 20, 14, 12, 4 ], [ 4, 11, 14, 13, 5 ], [ 5, 12, 14, 7, 6 ], 
      [ 7, 13, 12, 11, 15 ], [ 7, 14, 21, 16, 8 ], [ 8, 15, 21, 22, 17 ], [ 8, 16, 22, 23, 18 ], 
      [ 9, 17, 23, 19, 10 ], [ 10, 18, 23, 24, 20 ], [ 10, 19, 24, 21, 11 ], [ 15, 20, 24, 22, 16 ], 
      [ 16, 21, 24, 23, 17 ], [ 17, 22, 24, 19, 18 ], [ 19, 23, 22, 21, 20 ] ], 
  [ [ 2, 3, 4, 5, 6 ], [ 1, 6, 7, 8, 9 ], [ 1, 10, 11, 12, 4 ], [ 1, 3, 12, 13, 5 ], [ 1, 4, 13, 14, 6 ], 
      [ 1, 5, 14, 7, 2 ], [ 2, 6, 14, 15, 8 ], [ 2, 7, 15, 16, 9 ], [ 2, 8, 16, 17, 10 ], 
      [ 3, 9, 17, 18, 11 ], [ 3, 10, 18, 19, 20 ], [ 3, 20, 21, 13, 4 ], [ 4, 12, 15, 14, 5 ], 
      [ 5, 13, 15, 7, 6 ], [ 7, 14, 13, 16, 8 ], [ 8, 15, 21, 22, 9 ], [ 9, 22, 23, 18, 10 ], 
      [ 10, 17, 23, 19, 11 ], [ 11, 18, 23, 24, 20 ], [ 11, 19, 24, 21, 12 ], [ 12, 20, 24, 22, 16 ], 
      [ 16, 21, 24, 23, 17 ], [ 17, 22, 24, 19, 18 ], [ 19, 23, 22, 21, 20 ] ], 
  [ [ 2, 3, 4, 5, 6 ], [ 1, 6, 7, 8, 3 ], [ 1, 2, 8, 9, 4 ], [ 1, 3, 9, 10, 5 ], [ 1, 4, 10, 11, 6 ], 
      [ 1, 5, 11, 12, 2 ], [ 2, 12, 13, 14, 15 ], [ 2, 15, 16, 9, 3 ], [ 3, 8, 17, 10, 4 ], 
      [ 4, 9, 17, 11, 5 ], [ 5, 10, 18, 19, 6 ], [ 6, 19, 20, 13, 7 ], [ 7, 12, 20, 21, 14 ], 
      [ 7, 13, 21, 22, 15 ], [ 7, 14, 22, 16, 8 ], [ 8, 15, 22, 23, 17 ], [ 9, 16, 23, 18, 10 ], 
      [ 11, 17, 23, 24, 19 ], [ 11, 18, 24, 20, 12 ], [ 12, 19, 24, 21, 13 ], [ 13, 20, 24, 22, 14 ], 
      [ 14, 21, 23, 16, 15 ], [ 16, 22, 24, 18, 17 ], [ 18, 23, 21, 20, 19 ] ], 
  [ [ 2, 3, 4, 5, 6 ], [ 1, 7, 8, 9, 3 ], [ 1, 2, 9, 10, 4 ], [ 1, 3, 10, 11, 5 ], [ 1, 4, 11, 12, 6 ], 
      [ 1, 5, 12, 13, 7 ], [ 2, 6, 13, 14, 15 ], [ 2, 15, 16, 17, 9 ], [ 2, 8, 17, 10, 3 ], 
      [ 3, 9, 18, 11, 4 ], [ 4, 10, 18, 12, 5 ], [ 5, 11, 19, 20, 6 ], [ 6, 20, 21, 14, 7 ], 
      [ 7, 13, 21, 22, 15 ], [ 7, 14, 22, 16, 8 ], [ 8, 15, 22, 23, 17 ], [ 8, 16, 23, 18, 9 ], 
      [ 10, 17, 23, 19, 11 ], [ 12, 18, 23, 24, 20 ], [ 12, 19, 24, 21, 13 ], [ 13, 20, 24, 22, 14 ], 
      [ 14, 21, 24, 16, 15 ], [ 16, 24, 19, 18, 17 ], [ 19, 23, 22, 21, 20 ] ], 
  [ [ 2, 3, 4, 5, 6 ], [ 1, 6, 7, 8, 3 ], [ 1, 2, 8, 9, 4 ], [ 1, 3, 9, 10, 5 ], [ 1, 4, 10, 11, 6 ], 
      [ 1, 5, 11, 12, 2 ], [ 2, 12, 13, 14, 15 ], [ 2, 15, 16, 9, 3 ], [ 3, 8, 17, 10, 4 ], 
      [ 4, 9, 18, 11, 5 ], [ 5, 10, 18, 19, 6 ], [ 6, 19, 20, 13, 7 ], [ 7, 12, 20, 21, 14 ], 
      [ 7, 13, 21, 22, 15 ], [ 7, 14, 22, 16, 8 ], [ 8, 15, 22, 23, 17 ], [ 9, 16, 23, 24, 18 ], 
      [ 10, 17, 24, 19, 11 ], [ 11, 18, 24, 20, 12 ], [ 12, 19, 24, 21, 13 ], [ 13, 20, 23, 22, 14 ], 
      [ 14, 21, 23, 16, 15 ], [ 16, 22, 21, 24, 17 ], [ 17, 23, 20, 19, 18 ] ], 
  [ [ 2, 3, 4, 5, 6 ], [ 1, 6, 7, 8, 9 ], [ 1, 9, 10, 11, 4 ], [ 1, 3, 11, 12, 5 ], [ 1, 4, 12, 13, 6 ], 
      [ 1, 5, 13, 7, 2 ], [ 2, 6, 14, 15, 8 ], [ 2, 7, 15, 16, 17 ], [ 2, 17, 18, 10, 3 ], 
      [ 3, 9, 18, 19, 11 ], [ 3, 10, 20, 12, 4 ], [ 4, 11, 21, 13, 5 ], [ 5, 12, 21, 14, 6 ], 
      [ 7, 13, 21, 22, 15 ], [ 7, 14, 22, 16, 8 ], [ 8, 15, 23, 24, 17 ], [ 8, 16, 24, 18, 9 ], 
      [ 9, 17, 24, 19, 10 ], [ 10, 18, 24, 23, 20 ], [ 11, 19, 23, 22, 21 ], [ 12, 20, 22, 14, 13 ], 
      [ 14, 21, 20, 23, 15 ], [ 16, 22, 20, 19, 24 ], [ 16, 23, 19, 18, 17 ] ], 
  [ [ 2, 3, 4, 5, 6 ], [ 1, 6, 7, 8, 9 ], [ 1, 9, 10, 11, 4 ], [ 1, 3, 11, 12, 5 ], [ 1, 4, 12, 13, 6 ], 
      [ 1, 5, 13, 7, 2 ], [ 2, 6, 14, 15, 8 ], [ 2, 7, 15, 16, 9 ], [ 2, 8, 16, 17, 3 ], 
      [ 3, 17, 18, 19, 11 ], [ 3, 10, 20, 12, 4 ], [ 4, 11, 20, 13, 5 ], [ 5, 12, 20, 14, 6 ], 
      [ 7, 13, 20, 21, 15 ], [ 7, 14, 21, 22, 8 ], [ 8, 22, 23, 17, 9 ], [ 9, 16, 23, 18, 10 ], 
      [ 10, 17, 23, 24, 19 ], [ 10, 18, 24, 21, 20 ], [ 11, 19, 14, 13, 12 ], [ 14, 19, 24, 22, 15 ], 
      [ 15, 21, 24, 23, 16 ], [ 16, 22, 24, 18, 17 ], [ 18, 23, 22, 21, 19 ] ], 
  [ [ 2, 3, 4, 5, 6 ], [ 1, 7, 8, 9, 3 ], [ 1, 2, 10, 11, 4 ], [ 1, 3, 11, 12, 5 ], [ 1, 4, 12, 13, 6 ], 
      [ 1, 5, 13, 14, 7 ], [ 2, 6, 14, 15, 8 ], [ 2, 7, 15, 16, 9 ], [ 2, 8, 16, 17, 10 ], 
      [ 3, 9, 17, 18, 11 ], [ 3, 10, 19, 12, 4 ], [ 4, 11, 19, 13, 5 ], [ 5, 12, 19, 20, 6 ], 
      [ 6, 20, 21, 15, 7 ], [ 7, 14, 21, 22, 8 ], [ 8, 22, 23, 17, 9 ], [ 9, 16, 23, 18, 10 ], 
      [ 10, 17, 23, 24, 19 ], [ 11, 18, 20, 13, 12 ], [ 13, 19, 24, 21, 14 ], [ 14, 20, 24, 22, 15 ], 
      [ 15, 21, 24, 23, 16 ], [ 16, 22, 24, 18, 17 ], [ 18, 23, 22, 21, 20 ] ], 
  [ [ 2, 3, 4, 5, 6 ], [ 1, 7, 8, 9, 3 ], [ 1, 2, 9, 10, 4 ], [ 1, 3, 10, 11, 5 ], [ 1, 4, 11, 12, 6 ], 
      [ 1, 5, 12, 13, 14 ], [ 2, 14, 15, 16, 8 ], [ 2, 7, 16, 17, 9 ], [ 2, 8, 17, 10, 3 ], 
      [ 3, 9, 18, 11, 4 ], [ 4, 10, 18, 12, 5 ], [ 5, 11, 19, 13, 6 ], [ 6, 12, 19, 20, 14 ], 
      [ 6, 13, 20, 15, 7 ], [ 7, 14, 20, 21, 22 ], [ 7, 22, 23, 17, 8 ], [ 8, 16, 23, 18, 9 ], 
      [ 10, 17, 23, 24, 11 ], [ 12, 24, 21, 20, 13 ], [ 13, 19, 21, 15, 14 ], [ 15, 20, 19, 24, 22 ], 
      [ 15, 21, 24, 23, 16 ], [ 16, 22, 24, 18, 17 ], [ 18, 23, 22, 21, 19 ] ], 
  [ [ 2, 3, 4, 5, 6 ], [ 1, 6, 7, 8, 9 ], [ 1, 9, 10, 11, 4 ], [ 1, 3, 11, 12, 5 ], [ 1, 4, 12, 13, 6 ], 
      [ 1, 5, 13, 7, 2 ], [ 2, 6, 13, 14, 15 ], [ 2, 15, 16, 17, 9 ], [ 2, 8, 17, 10, 3 ], 
      [ 3, 9, 17, 18, 19 ], [ 3, 19, 20, 12, 4 ], [ 4, 11, 14, 13, 5 ], [ 5, 12, 14, 7, 6 ], 
      [ 7, 13, 12, 21, 15 ], [ 7, 14, 21, 16, 8 ], [ 8, 15, 21, 22, 23 ], [ 8, 23, 18, 10, 9 ], 
      [ 10, 17, 23, 24, 19 ], [ 10, 18, 24, 20, 11 ], [ 11, 19, 24, 22, 21 ], [ 14, 20, 22, 16, 15 ], 
      [ 16, 21, 20, 24, 23 ], [ 16, 22, 24, 18, 17 ], [ 18, 23, 22, 20, 19 ] ], 
  [ [ 2, 3, 4, 5, 6 ], [ 1, 7, 8, 9, 3 ], [ 1, 2, 9, 10, 4 ], [ 1, 3, 10, 11, 5 ], [ 1, 4, 11, 12, 6 ], 
      [ 1, 5, 13, 14, 7 ], [ 2, 6, 15, 16, 8 ], [ 2, 7, 17, 18, 9 ], [ 2, 8, 18, 10, 3 ], [ 3, 9, 18, 11, 4 ],
      [ 4, 10, 18, 12, 5 ], [ 5, 11, 17, 19, 13 ], [ 6, 12, 19, 20, 14 ], [ 6, 13, 20, 21, 15 ], 
      [ 7, 14, 21, 22, 16 ], [ 7, 15, 22, 23, 17 ], [ 8, 16, 23, 12, 18 ], [ 8, 17, 11, 10, 9 ], 
      [ 12, 23, 24, 20, 13 ], [ 13, 19, 24, 21, 14 ], [ 14, 20, 24, 22, 15 ], [ 15, 21, 24, 23, 16 ], 
      [ 16, 22, 24, 19, 17 ], [ 19, 23, 22, 21, 20 ] ], 
  [ [ 2, 3, 4, 5, 6 ], [ 1, 6, 7, 8, 3 ], [ 1, 2, 8, 9, 4 ], [ 1, 3, 9, 10, 5 ], [ 1, 4, 10, 11, 6 ], 
      [ 1, 5, 11, 12, 2 ], [ 2, 13, 14, 15, 8 ], [ 2, 7, 15, 9, 3 ], [ 3, 8, 16, 10, 4 ], [ 4, 9, 16, 11, 5 ],
      [ 5, 10, 16, 12, 6 ], [ 6, 11, 17, 18, 13 ], [ 7, 12, 18, 19, 14 ], [ 7, 13, 19, 20, 21 ], 
      [ 7, 21, 22, 16, 8 ], [ 9, 15, 22, 11, 10 ], [ 12, 22, 23, 24, 18 ], [ 12, 17, 24, 19, 13 ], 
      [ 13, 18, 24, 20, 14 ], [ 14, 19, 24, 23, 21 ], [ 14, 20, 23, 22, 15 ], [ 15, 21, 23, 17, 16 ], 
      [ 17, 22, 21, 20, 24 ], [ 17, 23, 20, 19, 18 ] ], 
  [ [ 2, 3, 4, 5, 6 ], [ 1, 6, 7, 8, 3 ], [ 1, 2, 9, 10, 4 ], [ 1, 3, 10, 11, 5 ], [ 1, 4, 11, 12, 6 ], 
      [ 1, 5, 12, 7, 2 ], [ 2, 6, 12, 13, 14 ], [ 2, 14, 15, 16, 17 ], [ 3, 17, 18, 19, 10 ], 
      [ 3, 9, 19, 11, 4 ], [ 4, 10, 19, 20, 5 ], [ 5, 20, 13, 7, 6 ], [ 7, 12, 21, 22, 14 ], 
      [ 7, 13, 22, 15, 8 ], [ 8, 14, 22, 23, 16 ], [ 8, 15, 23, 24, 17 ], [ 8, 16, 24, 18, 9 ], 
      [ 9, 17, 24, 20, 19 ], [ 9, 18, 20, 11, 10 ], [ 11, 19, 18, 21, 12 ], [ 13, 20, 24, 23, 22 ], 
      [ 13, 21, 23, 15, 14 ], [ 15, 22, 21, 24, 16 ], [ 16, 23, 21, 18, 17 ] ], 
  [ [ 2, 3, 4, 5, 6 ], [ 1, 6, 7, 8, 3 ], [ 1, 2, 8, 9, 4 ], [ 1, 3, 9, 10, 5 ], [ 1, 4, 10, 11, 6 ], 
      [ 1, 5, 11, 12, 2 ], [ 2, 12, 13, 14, 15 ], [ 2, 16, 17, 9, 3 ], [ 3, 8, 17, 10, 4 ], 
      [ 4, 9, 17, 11, 5 ], [ 5, 10, 17, 18, 6 ], [ 6, 18, 19, 13, 7 ], [ 7, 12, 19, 20, 14 ], 
      [ 7, 13, 20, 21, 15 ], [ 7, 14, 21, 22, 16 ], [ 8, 15, 22, 23, 18 ], [ 8, 18, 11, 10, 9 ], 
      [ 11, 17, 16, 23, 12 ], [ 12, 23, 24, 20, 13 ], [ 13, 19, 24, 21, 14 ], [ 14, 20, 24, 22, 15 ], 
      [ 15, 21, 24, 23, 16 ], [ 16, 22, 24, 19, 18 ], [ 19, 23, 22, 21, 20 ] ], 
  [ [ 2, 3, 4, 5, 6 ], [ 1, 6, 7, 8, 3 ], [ 1, 2, 8, 9, 4 ], [ 1, 3, 9, 10, 5 ], [ 1, 4, 10, 11, 6 ], 
      [ 1, 5, 11, 12, 2 ], [ 2, 13, 14, 15, 16 ], [ 2, 17, 18, 9, 3 ], [ 3, 8, 18, 10, 4 ], 
      [ 4, 9, 18, 11, 5 ], [ 5, 10, 18, 17, 6 ], [ 6, 17, 19, 20, 13 ], [ 7, 12, 20, 21, 14 ], 
      [ 7, 13, 21, 22, 15 ], [ 7, 14, 22, 23, 16 ], [ 7, 15, 23, 19, 17 ], [ 8, 16, 12, 11, 18 ], 
      [ 8, 17, 11, 10, 9 ], [ 12, 16, 23, 24, 20 ], [ 12, 19, 24, 21, 13 ], [ 13, 20, 24, 22, 14 ], 
      [ 14, 21, 24, 23, 15 ], [ 15, 22, 24, 19, 16 ], [ 19, 23, 22, 21, 20 ] ], 
  [ [ 2, 3, 4, 5, 6 ], [ 1, 6, 7, 8, 3 ], [ 1, 2, 9, 10, 4 ], [ 1, 3, 10, 11, 5 ], [ 1, 4, 11, 12, 6 ], 
      [ 1, 5, 12, 7, 2 ], [ 2, 6, 12, 13, 14 ], [ 2, 14, 15, 16, 17 ], [ 3, 17, 18, 19, 10 ], 
      [ 3, 9, 19, 11, 4 ], [ 4, 10, 19, 12, 5 ], [ 5, 11, 20, 7, 6 ], [ 7, 20, 21, 22, 14 ], 
      [ 7, 13, 22, 15, 8 ], [ 8, 14, 22, 23, 16 ], [ 8, 15, 23, 24, 17 ], [ 8, 16, 24, 18, 9 ], 
      [ 9, 17, 24, 20, 19 ], [ 9, 18, 20, 11, 10 ], [ 12, 19, 18, 21, 13 ], [ 13, 20, 24, 23, 22 ], 
      [ 13, 21, 23, 15, 14 ], [ 15, 22, 21, 24, 16 ], [ 16, 23, 21, 18, 17 ] ], 
  [ [ 2, 3, 4, 5, 6 ], [ 1, 6, 7, 8, 3 ], [ 1, 2, 9, 10, 4 ], [ 1, 3, 10, 11, 5 ], [ 1, 4, 11, 12, 6 ], 
      [ 1, 5, 13, 7, 2 ], [ 2, 6, 13, 14, 15 ], [ 2, 15, 16, 17, 18 ], [ 3, 18, 19, 20, 10 ], 
      [ 3, 9, 20, 11, 4 ], [ 4, 10, 20, 12, 5 ], [ 5, 11, 20, 19, 13 ], [ 6, 12, 21, 14, 7 ], 
      [ 7, 13, 21, 22, 15 ], [ 7, 14, 22, 16, 8 ], [ 8, 15, 22, 23, 17 ], [ 8, 16, 23, 24, 18 ], 
      [ 8, 17, 24, 19, 9 ], [ 9, 18, 24, 12, 20 ], [ 9, 19, 12, 11, 10 ], [ 13, 24, 23, 22, 14 ], 
      [ 14, 21, 23, 16, 15 ], [ 16, 22, 21, 24, 17 ], [ 17, 23, 21, 19, 18 ] ], 
  [ [ 2, 3, 4, 5, 6 ], [ 1, 7, 8, 9, 3 ], [ 1, 2, 10, 11, 4 ], [ 1, 3, 11, 12, 5 ], [ 1, 4, 12, 13, 6 ], 
      [ 1, 5, 13, 14, 7 ], [ 2, 6, 14, 15, 8 ], [ 2, 7, 15, 16, 17 ], [ 2, 17, 18, 19, 10 ], 
      [ 3, 9, 19, 20, 11 ], [ 3, 10, 20, 12, 4 ], [ 4, 11, 20, 13, 5 ], [ 5, 12, 20, 21, 6 ], 
      [ 6, 21, 22, 15, 7 ], [ 7, 14, 22, 16, 8 ], [ 8, 15, 22, 23, 17 ], [ 8, 16, 23, 18, 9 ], 
      [ 9, 17, 23, 24, 19 ], [ 9, 18, 24, 21, 10 ], [ 10, 21, 13, 12, 11 ], [ 13, 20, 19, 24, 14 ], 
      [ 14, 24, 23, 16, 15 ], [ 16, 22, 24, 18, 17 ], [ 18, 23, 22, 21, 19 ] ], 
  [ [ 2, 3, 4, 5, 6 ], [ 1, 7, 8, 9, 3 ], [ 1, 2, 10, 11, 4 ], [ 1, 3, 11, 12, 5 ], [ 1, 4, 12, 13, 6 ], 
      [ 1, 5, 13, 14, 7 ], [ 2, 6, 14, 15, 16 ], [ 2, 16, 17, 18, 9 ], [ 2, 8, 18, 19, 10 ], 
      [ 3, 9, 19, 20, 11 ], [ 3, 10, 20, 12, 4 ], [ 4, 11, 20, 13, 5 ], [ 5, 12, 21, 14, 6 ], 
      [ 6, 13, 22, 15, 7 ], [ 7, 14, 22, 23, 16 ], [ 7, 15, 23, 17, 8 ], [ 8, 16, 23, 24, 18 ], 
      [ 8, 17, 24, 19, 9 ], [ 9, 18, 21, 20, 10 ], [ 10, 19, 21, 12, 11 ], [ 13, 20, 19, 24, 22 ], 
      [ 14, 21, 24, 23, 15 ], [ 15, 22, 24, 17, 16 ], [ 17, 23, 22, 21, 18 ] ], 
  [ [ 2, 3, 4, 5, 6 ], [ 1, 6, 7, 8, 3 ], [ 1, 2, 8, 9, 4 ], [ 1, 3, 9, 10, 5 ], [ 1, 4, 10, 11, 6 ], 
      [ 1, 5, 11, 12, 2 ], [ 2, 13, 14, 15, 8 ], [ 2, 7, 15, 9, 3 ], [ 3, 8, 15, 10, 4 ], [ 4, 9, 15, 11, 5 ],
      [ 5, 10, 16, 12, 6 ], [ 6, 11, 16, 17, 18 ], [ 7, 18, 19, 20, 14 ], [ 7, 13, 20, 21, 15 ], 
      [ 7, 14, 10, 9, 8 ], [ 11, 21, 22, 17, 12 ], [ 12, 16, 22, 23, 18 ], [ 12, 17, 23, 19, 13 ], 
      [ 13, 18, 23, 24, 20 ], [ 13, 19, 24, 21, 14 ], [ 14, 20, 24, 22, 16 ], [ 16, 21, 24, 23, 17 ], 
      [ 17, 22, 24, 19, 18 ], [ 19, 23, 22, 21, 20 ] ], 
  [ [ 2, 3, 4, 5, 6 ], [ 1, 6, 7, 8, 3 ], [ 1, 2, 8, 9, 4 ], [ 1, 3, 9, 10, 5 ], [ 1, 4, 10, 11, 6 ], 
      [ 1, 5, 12, 13, 2 ], [ 2, 13, 14, 15, 8 ], [ 2, 7, 15, 9, 3 ], [ 3, 8, 15, 10, 4 ], [ 4, 9, 15, 11, 5 ],
      [ 5, 10, 15, 14, 12 ], [ 6, 11, 16, 17, 18 ], [ 6, 18, 19, 20, 7 ], [ 7, 20, 21, 16, 11 ], 
      [ 7, 11, 10, 9, 8 ], [ 12, 14, 21, 22, 17 ], [ 12, 16, 22, 23, 18 ], [ 12, 17, 23, 19, 13 ], 
      [ 13, 18, 23, 24, 20 ], [ 13, 19, 24, 21, 14 ], [ 14, 20, 24, 22, 16 ], [ 16, 21, 24, 23, 17 ], 
      [ 17, 22, 24, 19, 18 ], [ 19, 23, 22, 21, 20 ] ], 
  [ [ 2, 3, 4, 5, 6 ], [ 1, 7, 8, 9, 3 ], [ 1, 2, 9, 10, 4 ], [ 1, 3, 10, 11, 5 ], [ 1, 4, 11, 12, 6 ], 
      [ 1, 5, 12, 13, 7 ], [ 2, 6, 13, 14, 8 ], [ 2, 7, 15, 16, 17 ], [ 2, 17, 18, 10, 3 ], 
      [ 3, 9, 18, 11, 4 ], [ 4, 10, 18, 19, 5 ], [ 5, 19, 20, 13, 6 ], [ 6, 12, 20, 14, 7 ], 
      [ 7, 13, 20, 21, 15 ], [ 8, 14, 21, 22, 16 ], [ 8, 15, 22, 23, 17 ], [ 8, 16, 23, 18, 9 ], 
      [ 9, 17, 19, 11, 10 ], [ 11, 18, 23, 24, 12 ], [ 12, 24, 21, 14, 13 ], [ 14, 20, 24, 22, 15 ], 
      [ 15, 21, 24, 23, 16 ], [ 16, 22, 24, 19, 17 ], [ 19, 23, 22, 21, 20 ] ], 
  [ [ 2, 3, 4, 5, 6 ], [ 1, 6, 7, 8, 3 ], [ 1, 2, 9, 10, 4 ], [ 1, 3, 11, 12, 5 ], [ 1, 4, 12, 13, 6 ], 
      [ 1, 5, 13, 7, 2 ], [ 2, 6, 14, 15, 8 ], [ 2, 7, 15, 16, 9 ], [ 3, 8, 16, 17, 10 ], 
      [ 3, 9, 18, 19, 11 ], [ 4, 10, 19, 20, 12 ], [ 4, 11, 20, 13, 5 ], [ 5, 12, 20, 14, 6 ], 
      [ 7, 13, 20, 21, 22 ], [ 7, 22, 23, 16, 8 ], [ 8, 15, 23, 17, 9 ], [ 9, 16, 23, 24, 18 ], 
      [ 10, 17, 24, 21, 19 ], [ 10, 18, 21, 20, 11 ], [ 11, 19, 14, 13, 12 ], [ 14, 19, 18, 24, 22 ], 
      [ 14, 21, 24, 23, 15 ], [ 15, 22, 24, 17, 16 ], [ 17, 23, 22, 21, 18 ] ], 
  [ [ 2, 3, 4, 5, 6 ], [ 1, 6, 7, 8, 3 ], [ 1, 2, 8, 9, 4 ], [ 1, 3, 9, 10, 5 ], [ 1, 4, 10, 11, 6 ], 
      [ 1, 5, 12, 13, 2 ], [ 2, 13, 14, 15, 8 ], [ 2, 7, 15, 9, 3 ], [ 3, 8, 16, 10, 4 ], [ 4, 9, 16, 11, 5 ],
      [ 5, 10, 16, 17, 12 ], [ 6, 11, 18, 19, 13 ], [ 6, 12, 19, 20, 7 ], [ 7, 20, 21, 22, 15 ], 
      [ 7, 14, 22, 16, 8 ], [ 9, 15, 17, 11, 10 ], [ 11, 16, 22, 23, 18 ], [ 12, 17, 23, 24, 19 ], 
      [ 12, 18, 24, 20, 13 ], [ 13, 19, 24, 21, 14 ], [ 14, 20, 24, 23, 22 ], [ 14, 21, 23, 17, 15 ], 
      [ 17, 22, 21, 24, 18 ], [ 18, 23, 21, 20, 19 ] ], 
  [ [ 2, 3, 4, 5, 6 ], [ 1, 6, 7, 8, 3 ], [ 1, 2, 8, 9, 4 ], [ 1, 3, 9, 10, 5 ], [ 1, 4, 10, 11, 6 ], 
      [ 1, 5, 11, 7, 2 ], [ 2, 6, 11, 12, 13 ], [ 2, 13, 14, 9, 3 ], [ 3, 8, 15, 10, 4 ], [ 4, 9, 12, 11, 5 ],
      [ 5, 10, 12, 7, 6 ], [ 7, 11, 10, 15, 16 ], [ 7, 16, 17, 18, 8 ], [ 8, 18, 19, 20, 15 ], 
      [ 9, 14, 20, 21, 12 ], [ 12, 21, 22, 17, 13 ], [ 13, 16, 22, 23, 18 ], [ 13, 17, 23, 19, 14 ], 
      [ 14, 18, 23, 24, 20 ], [ 14, 19, 24, 21, 15 ], [ 15, 20, 24, 22, 16 ], [ 16, 21, 24, 23, 17 ], 
      [ 17, 22, 24, 19, 18 ], [ 19, 23, 22, 21, 20 ] ], 
  [ [ 2, 3, 4, 5, 6 ], [ 1, 7, 8, 9, 3 ], [ 1, 2, 9, 10, 4 ], [ 1, 3, 10, 11, 5 ], [ 1, 4, 11, 12, 6 ], 
      [ 1, 5, 13, 14, 7 ], [ 2, 6, 14, 15, 8 ], [ 2, 7, 16, 17, 18 ], [ 2, 18, 19, 10, 3 ], 
      [ 3, 9, 19, 11, 4 ], [ 4, 10, 19, 12, 5 ], [ 5, 11, 19, 20, 13 ], [ 6, 12, 21, 22, 14 ], 
      [ 6, 13, 22, 15, 7 ], [ 7, 14, 22, 23, 16 ], [ 8, 15, 23, 24, 17 ], [ 8, 16, 24, 20, 18 ], 
      [ 8, 17, 20, 19, 9 ], [ 9, 18, 12, 11, 10 ], [ 12, 18, 17, 24, 21 ], [ 13, 20, 24, 23, 22 ], 
      [ 13, 21, 23, 15, 14 ], [ 15, 22, 21, 24, 16 ], [ 16, 23, 21, 20, 17 ] ], 
  [ [ 2, 3, 4, 5, 6 ], [ 1, 6, 7, 8, 3 ], [ 1, 2, 9, 10, 4 ], [ 1, 3, 10, 11, 5 ], [ 1, 4, 11, 12, 6 ], 
      [ 1, 5, 12, 13, 2 ], [ 2, 13, 14, 15, 8 ], [ 2, 7, 16, 17, 9 ], [ 3, 8, 17, 18, 10 ], 
      [ 3, 9, 18, 11, 4 ], [ 4, 10, 18, 12, 5 ], [ 5, 11, 19, 13, 6 ], [ 6, 12, 20, 14, 7 ], 
      [ 7, 13, 20, 21, 15 ], [ 7, 14, 21, 22, 16 ], [ 8, 15, 22, 23, 17 ], [ 8, 16, 23, 18, 9 ], 
      [ 9, 17, 19, 11, 10 ], [ 12, 18, 23, 24, 20 ], [ 13, 19, 24, 21, 14 ], [ 14, 20, 24, 22, 15 ], 
      [ 15, 21, 24, 23, 16 ], [ 16, 22, 24, 19, 17 ], [ 19, 23, 22, 21, 20 ] ], 
  [ [ 2, 3, 4, 5, 6 ], [ 1, 6, 7, 8, 3 ], [ 1, 2, 9, 10, 4 ], [ 1, 3, 10, 11, 5 ], [ 1, 4, 11, 12, 6 ], 
      [ 1, 5, 12, 13, 2 ], [ 2, 13, 14, 15, 8 ], [ 2, 7, 16, 17, 9 ], [ 3, 8, 17, 18, 10 ], 
      [ 3, 9, 18, 11, 4 ], [ 4, 10, 18, 12, 5 ], [ 5, 11, 18, 19, 6 ], [ 6, 19, 20, 14, 7 ], 
      [ 7, 13, 20, 21, 15 ], [ 7, 14, 21, 22, 16 ], [ 8, 15, 22, 23, 17 ], [ 8, 16, 23, 18, 9 ], 
      [ 9, 17, 12, 11, 10 ], [ 12, 23, 24, 20, 13 ], [ 13, 19, 24, 21, 14 ], [ 14, 20, 24, 22, 15 ], 
      [ 15, 21, 24, 23, 16 ], [ 16, 22, 24, 19, 17 ], [ 19, 23, 22, 21, 20 ] ], 
  [ [ 2, 3, 4, 5, 6 ], [ 1, 6, 7, 8, 9 ], [ 1, 9, 10, 11, 4 ], [ 1, 3, 12, 13, 5 ], [ 1, 4, 13, 14, 6 ], 
      [ 1, 5, 14, 7, 2 ], [ 2, 6, 14, 15, 8 ], [ 2, 7, 16, 17, 18 ], [ 2, 18, 19, 10, 3 ], 
      [ 3, 9, 19, 20, 11 ], [ 3, 10, 21, 22, 12 ], [ 4, 11, 22, 15, 13 ], [ 4, 12, 15, 14, 5 ], 
      [ 5, 13, 15, 7, 6 ], [ 7, 14, 13, 12, 22 ], [ 8, 22, 21, 23, 17 ], [ 8, 16, 23, 24, 18 ], 
      [ 8, 17, 24, 19, 9 ], [ 9, 18, 24, 20, 10 ], [ 10, 19, 24, 23, 21 ], [ 11, 20, 23, 16, 22 ], 
      [ 11, 21, 16, 15, 12 ], [ 16, 21, 20, 24, 17 ], [ 17, 23, 20, 19, 18 ] ], 
  [ [ 2, 3, 4, 5, 6 ], [ 1, 7, 8, 9, 3 ], [ 1, 2, 9, 10, 4 ], [ 1, 3, 11, 12, 5 ], [ 1, 4, 12, 13, 6 ], 
      [ 1, 5, 13, 14, 7 ], [ 2, 6, 14, 15, 16 ], [ 2, 16, 17, 18, 9 ], [ 2, 8, 18, 10, 3 ], 
      [ 3, 9, 19, 20, 11 ], [ 4, 10, 20, 21, 12 ], [ 4, 11, 21, 13, 5 ], [ 5, 12, 21, 14, 6 ], 
      [ 6, 13, 21, 15, 7 ], [ 7, 14, 22, 23, 16 ], [ 7, 15, 23, 17, 8 ], [ 8, 16, 23, 24, 18 ], 
      [ 8, 17, 24, 19, 9 ], [ 10, 18, 24, 22, 20 ], [ 10, 19, 22, 21, 11 ], [ 11, 20, 14, 13, 12 ], 
      [ 15, 20, 19, 24, 23 ], [ 15, 22, 24, 17, 16 ], [ 17, 23, 22, 19, 18 ] ], 
  [ [ 2, 3, 4, 5, 6 ], [ 1, 6, 7, 8, 3 ], [ 1, 2, 8, 9, 4 ], [ 1, 3, 10, 11, 5 ], [ 1, 4, 11, 12, 6 ], 
      [ 1, 5, 12, 7, 2 ], [ 2, 6, 12, 13, 14 ], [ 2, 15, 16, 9, 3 ], [ 3, 8, 16, 17, 18 ], 
      [ 4, 18, 19, 20, 11 ], [ 4, 10, 20, 12, 5 ], [ 5, 11, 13, 7, 6 ], [ 7, 12, 20, 21, 14 ], 
      [ 7, 13, 21, 22, 15 ], [ 8, 14, 22, 23, 16 ], [ 8, 15, 23, 17, 9 ], [ 9, 16, 23, 24, 18 ], 
      [ 9, 17, 24, 19, 10 ], [ 10, 18, 24, 21, 20 ], [ 10, 19, 21, 13, 11 ], [ 13, 20, 19, 22, 14 ], 
      [ 14, 21, 24, 23, 15 ], [ 15, 22, 24, 17, 16 ], [ 17, 23, 22, 19, 18 ] ], 
  [ [ 2, 3, 4, 5, 6 ], [ 1, 7, 8, 9, 3 ], [ 1, 2, 9, 10, 4 ], [ 1, 3, 10, 11, 5 ], [ 1, 4, 11, 12, 6 ], 
      [ 1, 5, 12, 13, 7 ], [ 2, 6, 13, 14, 8 ], [ 2, 7, 14, 15, 16 ], [ 2, 16, 17, 18, 3 ], 
      [ 3, 18, 19, 11, 4 ], [ 4, 10, 19, 20, 5 ], [ 5, 20, 21, 13, 6 ], [ 6, 12, 22, 14, 7 ], 
      [ 7, 13, 22, 15, 8 ], [ 8, 14, 22, 23, 16 ], [ 8, 15, 23, 17, 9 ], [ 9, 16, 23, 24, 18 ], 
      [ 9, 17, 24, 19, 10 ], [ 10, 18, 24, 20, 11 ], [ 11, 19, 24, 21, 12 ], [ 12, 20, 24, 23, 22 ], 
      [ 13, 21, 23, 15, 14 ], [ 15, 22, 21, 17, 16 ], [ 17, 21, 20, 19, 18 ] ], 
  [ [ 2, 3, 4, 5, 6 ], [ 1, 6, 7, 8, 9 ], [ 1, 9, 10, 11, 4 ], [ 1, 3, 12, 13, 5 ], [ 1, 4, 13, 14, 6 ], 
      [ 1, 5, 14, 7, 2 ], [ 2, 6, 14, 15, 8 ], [ 2, 7, 16, 17, 18 ], [ 2, 18, 19, 10, 3 ], 
      [ 3, 9, 19, 20, 21 ], [ 3, 21, 22, 16, 12 ], [ 4, 11, 16, 15, 13 ], [ 4, 12, 15, 14, 5 ], 
      [ 5, 13, 15, 7, 6 ], [ 7, 14, 13, 12, 16 ], [ 8, 15, 12, 11, 22 ], [ 8, 22, 23, 24, 18 ], 
      [ 8, 17, 24, 19, 9 ], [ 9, 18, 24, 20, 10 ], [ 10, 19, 24, 23, 21 ], [ 10, 20, 23, 22, 11 ], 
      [ 11, 21, 23, 17, 16 ], [ 17, 22, 21, 20, 24 ], [ 17, 23, 20, 19, 18 ] ], 
  [ [ 2, 3, 4, 5, 6 ], [ 1, 6, 7, 8, 9 ], [ 1, 9, 10, 11, 4 ], [ 1, 3, 12, 13, 5 ], [ 1, 4, 13, 14, 6 ], 
      [ 1, 5, 14, 7, 2 ], [ 2, 6, 14, 15, 8 ], [ 2, 7, 15, 16, 9 ], [ 2, 8, 16, 10, 3 ], [ 3, 9, 16, 17, 18 ],
      [ 3, 18, 19, 20, 12 ], [ 4, 11, 20, 21, 13 ], [ 4, 12, 21, 14, 5 ], [ 5, 13, 15, 7, 6 ], 
      [ 7, 14, 21, 22, 8 ], [ 8, 22, 17, 10, 9 ], [ 10, 16, 22, 23, 18 ], [ 10, 17, 23, 19, 11 ], 
      [ 11, 18, 23, 24, 20 ], [ 11, 19, 24, 21, 12 ], [ 12, 20, 24, 15, 13 ], [ 15, 24, 23, 17, 16 ], 
      [ 17, 22, 24, 19, 18 ], [ 19, 23, 22, 21, 20 ] ], 
  [ [ 2, 3, 4, 5, 6 ], [ 1, 7, 8, 9, 10 ], [ 1, 10, 11, 12, 4 ], [ 1, 3, 12, 13, 5 ], [ 1, 4, 13, 14, 6 ], 
      [ 1, 5, 14, 15, 7 ], [ 2, 6, 15, 16, 8 ], [ 2, 7, 16, 17, 9 ], [ 2, 8, 17, 18, 19 ], 
      [ 2, 19, 20, 11, 3 ], [ 3, 10, 20, 21, 12 ], [ 3, 11, 21, 13, 4 ], [ 4, 12, 22, 14, 5 ], 
      [ 5, 13, 22, 15, 6 ], [ 6, 14, 22, 16, 7 ], [ 7, 15, 23, 17, 8 ], [ 8, 16, 23, 18, 9 ], 
      [ 9, 17, 23, 24, 19 ], [ 9, 18, 24, 20, 10 ], [ 10, 19, 24, 21, 11 ], [ 11, 20, 24, 22, 12 ], 
      [ 13, 21, 23, 15, 14 ], [ 16, 22, 24, 18, 17 ], [ 18, 23, 21, 20, 19 ] ], 
  [ [ 2, 3, 4, 5, 6 ], [ 1, 6, 7, 8, 3 ], [ 1, 2, 8, 9, 4 ], [ 1, 3, 9, 10, 5 ], [ 1, 4, 10, 11, 6 ], 
      [ 1, 5, 11, 12, 2 ], [ 2, 12, 13, 14, 15 ], [ 2, 15, 16, 9, 3 ], [ 3, 8, 17, 10, 4 ], 
      [ 4, 9, 17, 11, 5 ], [ 5, 10, 17, 12, 6 ], [ 6, 11, 18, 13, 7 ], [ 7, 12, 19, 20, 14 ], 
      [ 7, 13, 20, 21, 15 ], [ 7, 14, 21, 22, 8 ], [ 8, 22, 23, 18, 17 ], [ 9, 16, 18, 11, 10 ], 
      [ 12, 17, 16, 23, 19 ], [ 13, 18, 23, 24, 20 ], [ 13, 19, 24, 21, 14 ], [ 14, 20, 24, 22, 15 ], 
      [ 15, 21, 24, 23, 16 ], [ 16, 22, 24, 19, 18 ], [ 19, 23, 22, 21, 20 ] ], 
  [ [ 2, 3, 4, 5, 6 ], [ 1, 7, 8, 9, 3 ], [ 1, 2, 9, 10, 4 ], [ 1, 3, 10, 11, 5 ], [ 1, 4, 11, 12, 6 ], 
      [ 1, 5, 12, 13, 7 ], [ 2, 6, 13, 14, 15 ], [ 2, 15, 16, 17, 18 ], [ 2, 18, 19, 10, 3 ], 
      [ 3, 9, 19, 11, 4 ], [ 4, 10, 19, 12, 5 ], [ 5, 11, 19, 13, 6 ], [ 6, 12, 20, 14, 7 ], 
      [ 7, 13, 21, 22, 15 ], [ 7, 14, 22, 16, 8 ], [ 8, 15, 22, 23, 17 ], [ 8, 16, 23, 24, 18 ], 
      [ 8, 17, 24, 20, 9 ], [ 9, 20, 12, 11, 10 ], [ 13, 19, 18, 24, 21 ], [ 14, 20, 24, 23, 22 ], 
      [ 14, 21, 23, 16, 15 ], [ 16, 22, 21, 24, 17 ], [ 17, 23, 21, 20, 18 ] ], 
  [ [ 2, 3, 4, 5, 6 ], [ 1, 7, 8, 9, 3 ], [ 1, 2, 10, 11, 4 ], [ 1, 3, 11, 12, 5 ], [ 1, 4, 12, 13, 6 ], 
      [ 1, 5, 13, 14, 7 ], [ 2, 6, 14, 15, 8 ], [ 2, 7, 15, 16, 17 ], [ 2, 17, 18, 19, 10 ], 
      [ 3, 9, 19, 20, 11 ], [ 3, 10, 20, 12, 4 ], [ 4, 11, 20, 13, 5 ], [ 5, 12, 20, 14, 6 ], 
      [ 6, 13, 21, 15, 7 ], [ 7, 14, 22, 16, 8 ], [ 8, 15, 22, 23, 17 ], [ 8, 16, 23, 18, 9 ], 
      [ 9, 17, 23, 24, 19 ], [ 9, 18, 24, 21, 10 ], [ 10, 21, 13, 12, 11 ], [ 14, 20, 19, 24, 22 ], 
      [ 15, 21, 24, 23, 16 ], [ 16, 22, 24, 18, 17 ], [ 18, 23, 22, 21, 19 ] ], 
  [ [ 2, 3, 4, 5, 6 ], [ 1, 6, 7, 8, 3 ], [ 1, 2, 8, 9, 4 ], [ 1, 3, 9, 10, 5 ], [ 1, 4, 10, 11, 6 ], 
      [ 1, 5, 11, 12, 2 ], [ 2, 13, 14, 15, 16 ], [ 2, 17, 18, 9, 3 ], [ 3, 8, 18, 10, 4 ], 
      [ 4, 9, 18, 11, 5 ], [ 5, 10, 18, 12, 6 ], [ 6, 11, 17, 19, 13 ], [ 7, 12, 19, 20, 14 ], 
      [ 7, 13, 20, 21, 15 ], [ 7, 14, 21, 22, 16 ], [ 7, 15, 22, 23, 17 ], [ 8, 16, 23, 12, 18 ], 
      [ 8, 17, 11, 10, 9 ], [ 12, 23, 24, 20, 13 ], [ 13, 19, 24, 21, 14 ], [ 14, 20, 24, 22, 15 ], 
      [ 15, 21, 24, 23, 16 ], [ 16, 22, 24, 19, 17 ], [ 19, 23, 22, 21, 20 ] ], 
  [ [ 2, 3, 4, 5, 6 ], [ 1, 6, 7, 8, 9 ], [ 1, 9, 10, 11, 4 ], [ 1, 3, 11, 12, 5 ], [ 1, 4, 12, 13, 6 ], 
      [ 1, 5, 13, 7, 2 ], [ 2, 6, 13, 14, 8 ], [ 2, 7, 14, 15, 9 ], [ 2, 8, 15, 16, 3 ], 
      [ 3, 16, 17, 18, 19 ], [ 3, 19, 20, 12, 4 ], [ 4, 11, 20, 13, 5 ], [ 5, 12, 14, 7, 6 ], 
      [ 7, 13, 20, 21, 8 ], [ 8, 21, 22, 16, 9 ], [ 9, 15, 22, 17, 10 ], [ 10, 16, 22, 23, 18 ], 
      [ 10, 17, 23, 24, 19 ], [ 10, 18, 24, 20, 11 ], [ 11, 19, 24, 14, 12 ], [ 14, 24, 23, 22, 15 ], 
      [ 15, 21, 23, 17, 16 ], [ 17, 22, 21, 24, 18 ], [ 18, 23, 21, 20, 19 ] ], 
  [ [ 2, 3, 4, 5, 6 ], [ 1, 6, 7, 8, 9 ], [ 1, 9, 10, 11, 4 ], [ 1, 3, 12, 13, 5 ], [ 1, 4, 13, 14, 6 ], 
      [ 1, 5, 14, 7, 2 ], [ 2, 6, 14, 15, 8 ], [ 2, 7, 15, 16, 17 ], [ 2, 17, 18, 10, 3 ], 
      [ 3, 9, 18, 19, 11 ], [ 3, 10, 19, 20, 12 ], [ 4, 11, 20, 21, 13 ], [ 4, 12, 21, 14, 5 ], 
      [ 5, 13, 15, 7, 6 ], [ 7, 14, 21, 22, 8 ], [ 8, 22, 23, 24, 17 ], [ 8, 16, 24, 18, 9 ], 
      [ 9, 17, 24, 19, 10 ], [ 10, 18, 24, 23, 11 ], [ 11, 23, 22, 21, 12 ], [ 12, 20, 22, 15, 13 ], 
      [ 15, 21, 20, 23, 16 ], [ 16, 22, 20, 19, 24 ], [ 16, 23, 19, 18, 17 ] ], 
  [ [ 2, 3, 4, 5, 6 ], [ 1, 6, 7, 8, 3 ], [ 1, 2, 8, 9, 4 ], [ 1, 3, 9, 10, 5 ], [ 1, 4, 11, 12, 6 ], 
      [ 1, 5, 12, 7, 2 ], [ 2, 6, 13, 14, 15 ], [ 2, 15, 16, 9, 3 ], [ 3, 8, 16, 10, 4 ], 
      [ 4, 9, 16, 17, 11 ], [ 5, 10, 17, 18, 19 ], [ 5, 19, 20, 13, 6 ], [ 7, 12, 20, 21, 14 ], 
      [ 7, 13, 21, 22, 15 ], [ 7, 14, 22, 16, 8 ], [ 8, 15, 22, 10, 9 ], [ 10, 22, 23, 18, 11 ], 
      [ 11, 17, 23, 24, 19 ], [ 11, 18, 24, 20, 12 ], [ 12, 19, 24, 21, 13 ], [ 13, 20, 24, 23, 14 ], 
      [ 14, 23, 17, 16, 15 ], [ 17, 22, 21, 24, 18 ], [ 18, 23, 21, 20, 19 ] ], 
  [ [ 2, 3, 4, 5, 6 ], [ 1, 6, 7, 8, 9 ], [ 1, 9, 10, 11, 4 ], [ 1, 3, 11, 12, 5 ], [ 1, 4, 12, 13, 6 ], 
      [ 1, 5, 13, 7, 2 ], [ 2, 6, 13, 14, 8 ], [ 2, 7, 15, 16, 9 ], [ 2, 8, 16, 17, 3 ], 
      [ 3, 17, 18, 19, 11 ], [ 3, 10, 19, 20, 4 ], [ 4, 20, 14, 13, 5 ], [ 5, 12, 14, 7, 6 ], 
      [ 7, 13, 12, 20, 15 ], [ 8, 14, 20, 21, 22 ], [ 8, 22, 23, 17, 9 ], [ 9, 16, 23, 18, 10 ], 
      [ 10, 17, 23, 24, 19 ], [ 10, 18, 24, 21, 11 ], [ 11, 21, 15, 14, 12 ], [ 15, 20, 19, 24, 22 ], 
      [ 15, 21, 24, 23, 16 ], [ 16, 22, 24, 18, 17 ], [ 18, 23, 22, 21, 19 ] ], 
  [ [ 2, 3, 4, 5, 6 ], [ 1, 6, 7, 8, 3 ], [ 1, 2, 9, 10, 4 ], [ 1, 3, 11, 12, 5 ], [ 1, 4, 12, 13, 6 ], 
      [ 1, 5, 13, 7, 2 ], [ 2, 6, 13, 14, 8 ], [ 2, 7, 15, 16, 9 ], [ 3, 8, 16, 17, 18 ], 
      [ 3, 18, 19, 20, 11 ], [ 4, 10, 15, 14, 12 ], [ 4, 11, 14, 13, 5 ], [ 5, 12, 14, 7, 6 ], 
      [ 7, 13, 12, 11, 15 ], [ 8, 14, 11, 20, 21 ], [ 8, 21, 22, 17, 9 ], [ 9, 16, 22, 23, 18 ], 
      [ 9, 17, 23, 19, 10 ], [ 10, 18, 23, 24, 20 ], [ 10, 19, 24, 21, 15 ], [ 15, 20, 24, 22, 16 ], 
      [ 16, 21, 24, 23, 17 ], [ 17, 22, 24, 19, 18 ], [ 19, 23, 22, 21, 20 ] ], 
  [ [ 2, 3, 4, 5, 6 ], [ 1, 6, 7, 8, 3 ], [ 1, 2, 9, 10, 4 ], [ 1, 3, 10, 11, 5 ], [ 1, 4, 11, 12, 6 ], 
      [ 1, 5, 12, 7, 2 ], [ 2, 6, 12, 13, 14 ], [ 2, 14, 15, 16, 17 ], [ 3, 17, 18, 19, 10 ], 
      [ 3, 9, 20, 11, 4 ], [ 4, 10, 13, 12, 5 ], [ 5, 11, 13, 7, 6 ], [ 7, 12, 11, 20, 14 ], 
      [ 7, 13, 20, 15, 8 ], [ 8, 14, 21, 22, 16 ], [ 8, 15, 22, 23, 17 ], [ 8, 16, 23, 18, 9 ], 
      [ 9, 17, 23, 24, 19 ], [ 9, 18, 24, 21, 20 ], [ 10, 19, 21, 14, 13 ], [ 15, 20, 19, 24, 22 ], 
      [ 15, 21, 24, 23, 16 ], [ 16, 22, 24, 18, 17 ], [ 18, 23, 22, 21, 19 ] ], 
  [ [ 2, 3, 4, 5, 6 ], [ 1, 6, 7, 8, 3 ], [ 1, 2, 9, 10, 4 ], [ 1, 3, 10, 11, 5 ], [ 1, 4, 11, 12, 6 ], 
      [ 1, 5, 12, 13, 2 ], [ 2, 14, 15, 16, 8 ], [ 2, 7, 16, 17, 9 ], [ 3, 8, 17, 18, 10 ], 
      [ 3, 9, 19, 11, 4 ], [ 4, 10, 19, 12, 5 ], [ 5, 11, 20, 13, 6 ], [ 6, 12, 20, 21, 14 ], 
      [ 7, 13, 21, 22, 15 ], [ 7, 14, 22, 23, 16 ], [ 7, 15, 23, 17, 8 ], [ 8, 16, 23, 18, 9 ], 
      [ 9, 17, 23, 24, 19 ], [ 10, 18, 24, 20, 11 ], [ 12, 19, 24, 21, 13 ], [ 13, 20, 24, 22, 14 ], 
      [ 14, 21, 24, 23, 15 ], [ 15, 22, 18, 17, 16 ], [ 18, 22, 21, 20, 19 ] ], 
  [ [ 2, 3, 4, 5, 6 ], [ 1, 6, 7, 8, 3 ], [ 1, 2, 8, 9, 4 ], [ 1, 3, 9, 10, 5 ], [ 1, 4, 10, 11, 6 ], 
      [ 1, 5, 11, 12, 2 ], [ 2, 13, 14, 15, 16 ], [ 2, 16, 17, 9, 3 ], [ 3, 8, 17, 10, 4 ], 
      [ 4, 9, 17, 18, 5 ], [ 5, 18, 19, 12, 6 ], [ 6, 11, 19, 20, 13 ], [ 7, 12, 20, 21, 14 ], 
      [ 7, 13, 21, 22, 15 ], [ 7, 14, 22, 23, 16 ], [ 7, 15, 18, 17, 8 ], [ 8, 16, 18, 10, 9 ], 
      [ 10, 17, 16, 23, 11 ], [ 11, 23, 24, 20, 12 ], [ 12, 19, 24, 21, 13 ], [ 13, 20, 24, 22, 14 ], 
      [ 14, 21, 24, 23, 15 ], [ 15, 22, 24, 19, 18 ], [ 19, 23, 22, 21, 20 ] ], 
  [ [ 2, 3, 4, 5, 6 ], [ 1, 6, 7, 8, 3 ], [ 1, 2, 9, 10, 4 ], [ 1, 3, 10, 11, 5 ], [ 1, 4, 11, 12, 6 ], 
      [ 1, 5, 12, 13, 2 ], [ 2, 14, 15, 16, 8 ], [ 2, 7, 16, 17, 9 ], [ 3, 8, 18, 19, 10 ], 
      [ 3, 9, 19, 11, 4 ], [ 4, 10, 19, 12, 5 ], [ 5, 11, 19, 18, 6 ], [ 6, 18, 20, 21, 14 ], 
      [ 7, 13, 21, 22, 15 ], [ 7, 14, 22, 23, 16 ], [ 7, 15, 23, 17, 8 ], [ 8, 16, 23, 24, 20 ], 
      [ 9, 20, 13, 12, 19 ], [ 9, 18, 12, 11, 10 ], [ 13, 18, 17, 24, 21 ], [ 13, 20, 24, 22, 14 ], 
      [ 14, 21, 24, 23, 15 ], [ 15, 22, 24, 17, 16 ], [ 17, 23, 22, 21, 20 ] ], 
  [ [ 2, 3, 4, 5, 6 ], [ 1, 7, 8, 9, 3 ], [ 1, 2, 9, 10, 4 ], [ 1, 3, 10, 11, 5 ], [ 1, 4, 11, 12, 6 ], 
      [ 1, 5, 13, 14, 7 ], [ 2, 6, 14, 15, 8 ], [ 2, 7, 15, 16, 17 ], [ 2, 17, 18, 10, 3 ], 
      [ 3, 9, 18, 11, 4 ], [ 4, 10, 18, 12, 5 ], [ 5, 11, 18, 19, 13 ], [ 6, 12, 19, 20, 14 ], 
      [ 6, 13, 20, 21, 7 ], [ 7, 21, 22, 16, 8 ], [ 8, 15, 22, 23, 17 ], [ 8, 16, 23, 18, 9 ], 
      [ 9, 17, 12, 11, 10 ], [ 12, 23, 24, 20, 13 ], [ 13, 19, 24, 21, 14 ], [ 14, 20, 24, 22, 15 ], 
      [ 15, 21, 24, 23, 16 ], [ 16, 22, 24, 19, 17 ], [ 19, 23, 22, 21, 20 ] ] ];
