return [ [ [ 2, 3, 4, 5, 6 ], [ 1, 6, 7, 8, 3 ], [ 1, 2, 8, 9, 4 ], [ 1, 3, 10, 11, 5 ], [ 1, 4, 11, 12, 6 ], 
      [ 1, 5, 12, 13, 2 ], [ 2, 13, 14, 15, 8 ], [ 2, 7, 15, 9, 3 ], [ 3, 8, 15, 16, 10 ], 
      [ 4, 9, 16, 17, 11 ], [ 4, 10, 17, 18, 5 ], [ 5, 18, 19, 13, 6 ], [ 6, 12, 19, 14, 7 ], 
      [ 7, 13, 19, 20, 15 ], [ 7, 14, 16, 9, 8 ], [ 9, 15, 20, 17, 10 ], [ 10, 16, 20, 18, 11 ], 
      [ 11, 17, 20, 19, 12 ], [ 12, 18, 20, 14, 13 ], [ 14, 19, 18, 17, 16 ] ], 
  [ [ 2, 3, 4, 5, 6 ], [ 1, 6, 7, 8, 9 ], [ 1, 9, 10, 11, 4 ], [ 1, 3, 11, 12, 5 ], [ 1, 4, 12, 13, 6 ], 
      [ 1, 5, 13, 14, 2 ], [ 2, 14, 15, 16, 8 ], [ 2, 7, 16, 17, 9 ], [ 2, 8, 17, 10, 3 ], 
      [ 3, 9, 17, 18, 19 ], [ 3, 19, 20, 12, 4 ], [ 4, 11, 20, 13, 5 ], [ 5, 12, 20, 14, 6 ], 
      [ 6, 13, 20, 15, 7 ], [ 7, 14, 19, 18, 16 ], [ 7, 15, 18, 17, 8 ], [ 8, 16, 18, 10, 9 ], 
      [ 10, 17, 16, 15, 19 ], [ 10, 18, 15, 20, 11 ], [ 11, 19, 14, 13, 12 ] ], 
  [ [ 2, 3, 4, 5, 6 ], [ 1, 6, 7, 8, 3 ], [ 1, 2, 9, 10, 4 ], [ 1, 3, 10, 11, 5 ], [ 1, 4, 11, 12, 6 ], 
      [ 1, 5, 12, 7, 2 ], [ 2, 6, 12, 13, 8 ], [ 2, 7, 13, 14, 15 ], [ 3, 15, 16, 17, 10 ], 
      [ 3, 9, 17, 11, 4 ], [ 4, 10, 17, 18, 5 ], [ 5, 19, 13, 7, 6 ], [ 7, 12, 19, 14, 8 ], 
      [ 8, 13, 19, 20, 15 ], [ 8, 14, 20, 16, 9 ], [ 9, 15, 20, 18, 17 ], [ 9, 16, 18, 11, 10 ], 
      [ 11, 17, 16, 20, 19 ], [ 12, 18, 20, 14, 13 ], [ 14, 19, 18, 16, 15 ] ], 
  [ [ 2, 3, 4, 5, 6 ], [ 1, 6, 7, 8, 9 ], [ 1, 9, 10, 11, 4 ], [ 1, 3, 11, 12, 5 ], [ 1, 4, 12, 13, 6 ], 
      [ 1, 5, 14, 7, 2 ], [ 2, 6, 14, 15, 8 ], [ 2, 7, 15, 16, 9 ], [ 2, 8, 17, 10, 3 ], [ 3, 9, 17, 18, 11 ],
      [ 3, 10, 18, 12, 4 ], [ 4, 11, 18, 13, 5 ], [ 5, 12, 19, 20, 14 ], [ 6, 13, 20, 15, 7 ], 
      [ 7, 14, 20, 16, 8 ], [ 8, 15, 20, 19, 17 ], [ 9, 16, 19, 18, 10 ], [ 10, 17, 19, 12, 11 ], 
      [ 13, 18, 17, 16, 20 ], [ 13, 19, 16, 15, 14 ] ], 
  [ [ 2, 3, 4, 5, 6 ], [ 1, 6, 7, 8, 9 ], [ 1, 9, 10, 11, 4 ], [ 1, 3, 11, 12, 5 ], [ 1, 4, 12, 13, 6 ], 
      [ 1, 5, 13, 7, 2 ], [ 2, 6, 13, 14, 8 ], [ 2, 7, 14, 15, 9 ], [ 2, 8, 15, 16, 3 ], 
      [ 3, 16, 17, 18, 11 ], [ 3, 10, 18, 12, 4 ], [ 4, 11, 18, 13, 5 ], [ 5, 12, 19, 7, 6 ], 
      [ 7, 19, 20, 15, 8 ], [ 8, 14, 20, 16, 9 ], [ 9, 15, 20, 17, 10 ], [ 10, 16, 20, 19, 18 ], 
      [ 10, 17, 19, 12, 11 ], [ 13, 18, 17, 20, 14 ], [ 14, 19, 17, 16, 15 ] ], 
  [ [ 2, 3, 4, 5, 6 ], [ 1, 6, 7, 8, 9 ], [ 1, 9, 10, 11, 4 ], [ 1, 3, 11, 12, 5 ], [ 1, 4, 12, 13, 6 ], 
      [ 1, 5, 13, 7, 2 ], [ 2, 6, 14, 15, 8 ], [ 2, 7, 15, 16, 9 ], [ 2, 8, 16, 17, 3 ], 
      [ 3, 17, 18, 19, 11 ], [ 3, 10, 19, 12, 4 ], [ 4, 11, 19, 13, 5 ], [ 5, 12, 19, 14, 6 ], 
      [ 7, 13, 18, 20, 15 ], [ 7, 14, 20, 16, 8 ], [ 8, 15, 20, 17, 9 ], [ 9, 16, 20, 18, 10 ], 
      [ 10, 17, 20, 14, 19 ], [ 10, 18, 13, 12, 11 ], [ 14, 18, 17, 16, 15 ] ] ];
