return 
[ [ [ 2, 3, 4, 5, 6 ], [ 1, 6, 7, 8, 3 ], [ 1, 2, 8, 9, 4 ], [ 1, 3, 9, 10, 11 ], [ 1, 11, 12, 13, 6 ], 
      [ 1, 5, 13, 14, 2 ], [ 2, 14, 15, 16, 8 ], [ 2, 7, 16, 9, 3 ], [ 3, 8, 17, 10, 4 ], 
      [ 4, 9, 17, 18, 11 ], [ 4, 10, 18, 12, 5 ], [ 5, 11, 18, 19, 20 ], [ 5, 20, 21, 14, 6 ], 
      [ 6, 13, 21, 15, 7 ], [ 7, 14, 21, 22, 16 ], [ 7, 15, 22, 17, 8 ], [ 9, 16, 19, 18, 10 ], 
      [ 10, 17, 19, 12, 11 ], [ 12, 18, 17, 22, 20 ], [ 12, 19, 22, 21, 13 ], [ 13, 20, 22, 15, 14 ], 
      [ 15, 21, 20, 19, 16 ] ], 
  [ [ 2, 3, 4, 5, 6 ], [ 1, 6, 7, 8, 3 ], [ 1, 2, 8, 9, 4 ], [ 1, 3, 9, 10, 5 ], [ 1, 4, 11, 12, 6 ], 
      [ 1, 5, 13, 7, 2 ], [ 2, 6, 13, 14, 15 ], [ 2, 16, 17, 9, 3 ], [ 3, 8, 17, 10, 4 ], 
      [ 4, 9, 17, 18, 11 ], [ 5, 10, 18, 19, 12 ], [ 5, 11, 19, 20, 13 ], [ 6, 12, 20, 14, 7 ], 
      [ 7, 13, 20, 21, 15 ], [ 7, 14, 21, 22, 16 ], [ 8, 15, 22, 18, 17 ], [ 8, 16, 18, 10, 9 ], 
      [ 10, 17, 16, 22, 11 ], [ 11, 22, 21, 20, 12 ], [ 12, 19, 21, 14, 13 ], [ 14, 20, 19, 22, 15 ], 
      [ 15, 21, 19, 18, 16 ] ], 
  [ [ 2, 3, 4, 5, 6 ], [ 1, 6, 7, 8, 3 ], [ 1, 2, 9, 10, 4 ], [ 1, 3, 11, 12, 5 ], [ 1, 4, 12, 13, 6 ], 
      [ 1, 5, 13, 14, 2 ], [ 2, 14, 15, 16, 8 ], [ 2, 7, 16, 17, 9 ], [ 3, 8, 17, 18, 10 ], 
      [ 3, 9, 18, 19, 11 ], [ 4, 10, 19, 20, 12 ], [ 4, 11, 20, 13, 5 ], [ 5, 12, 20, 14, 6 ], 
      [ 6, 13, 21, 15, 7 ], [ 7, 14, 21, 22, 16 ], [ 7, 15, 22, 17, 8 ], [ 8, 16, 22, 18, 9 ], 
      [ 9, 17, 22, 19, 10 ], [ 10, 18, 21, 20, 11 ], [ 11, 19, 21, 13, 12 ], [ 14, 20, 19, 22, 15 ], 
      [ 15, 21, 18, 17, 16 ] ], 
  [ [ 2, 3, 4, 5, 6 ], [ 1, 6, 7, 8, 9 ], [ 1, 9, 10, 11, 4 ], [ 1, 3, 11, 12, 5 ], [ 1, 4, 12, 13, 6 ], 
      [ 1, 5, 14, 7, 2 ], [ 2, 6, 14, 15, 8 ], [ 2, 7, 15, 16, 9 ], [ 2, 8, 16, 10, 3 ], [ 3, 9, 16, 17, 11 ],
      [ 3, 10, 17, 18, 4 ], [ 4, 18, 19, 13, 5 ], [ 5, 12, 19, 20, 14 ], [ 6, 13, 20, 15, 7 ], 
      [ 7, 14, 21, 16, 8 ], [ 8, 15, 21, 10, 9 ], [ 10, 21, 22, 18, 11 ], [ 11, 17, 22, 19, 12 ], 
      [ 12, 18, 22, 20, 13 ], [ 13, 19, 22, 21, 14 ], [ 15, 20, 22, 17, 16 ], [ 17, 21, 20, 19, 18 ] ], 
  [ [ 2, 3, 4, 5, 6 ], [ 1, 6, 7, 8, 9 ], [ 1, 9, 10, 11, 4 ], [ 1, 3, 11, 12, 5 ], [ 1, 4, 12, 13, 14 ], 
      [ 1, 14, 15, 7, 2 ], [ 2, 6, 15, 16, 8 ], [ 2, 7, 16, 17, 9 ], [ 2, 8, 17, 18, 3 ], 
      [ 3, 18, 19, 20, 11 ], [ 3, 10, 20, 12, 4 ], [ 4, 11, 20, 13, 5 ], [ 5, 12, 20, 21, 14 ], 
      [ 5, 13, 21, 15, 6 ], [ 6, 14, 21, 16, 7 ], [ 7, 15, 22, 17, 8 ], [ 8, 16, 22, 18, 9 ], 
      [ 9, 17, 22, 19, 10 ], [ 10, 18, 22, 21, 20 ], [ 10, 19, 13, 12, 11 ], [ 13, 19, 22, 15, 14 ], 
      [ 16, 21, 19, 18, 17 ] ], 
  [ [ 2, 3, 4, 5, 6 ], [ 1, 6, 7, 8, 9 ], [ 1, 9, 10, 11, 4 ], [ 1, 3, 11, 12, 5 ], [ 1, 4, 12, 13, 6 ], 
      [ 1, 5, 13, 7, 2 ], [ 2, 6, 14, 15, 8 ], [ 2, 7, 15, 16, 9 ], [ 2, 8, 17, 10, 3 ], [ 3, 9, 17, 18, 11 ],
      [ 3, 10, 18, 19, 4 ], [ 4, 19, 20, 13, 5 ], [ 5, 12, 20, 14, 6 ], [ 7, 13, 20, 21, 15 ], 
      [ 7, 14, 21, 16, 8 ], [ 8, 15, 21, 22, 17 ], [ 9, 16, 22, 18, 10 ], [ 10, 17, 22, 19, 11 ], 
      [ 11, 18, 22, 20, 12 ], [ 12, 19, 21, 14, 13 ], [ 14, 20, 22, 16, 15 ], [ 16, 21, 19, 18, 17 ] ], 
  [ [ 2, 3, 4, 5, 6 ], [ 1, 6, 7, 8, 3 ], [ 1, 2, 8, 9, 4 ], [ 1, 3, 9, 10, 5 ], [ 1, 4, 10, 11, 6 ], 
      [ 1, 5, 12, 13, 2 ], [ 2, 14, 15, 16, 8 ], [ 2, 7, 16, 9, 3 ], [ 3, 8, 16, 10, 4 ], [ 4, 9, 16, 11, 5 ],
      [ 5, 10, 17, 18, 12 ], [ 6, 11, 18, 19, 13 ], [ 6, 12, 19, 20, 14 ], [ 7, 13, 20, 21, 15 ], 
      [ 7, 14, 21, 17, 16 ], [ 7, 15, 10, 9, 8 ], [ 11, 15, 21, 22, 18 ], [ 11, 17, 22, 19, 12 ], 
      [ 12, 18, 22, 20, 13 ], [ 13, 19, 22, 21, 14 ], [ 14, 20, 22, 17, 15 ], [ 17, 21, 20, 19, 18 ] ], 
  [ [ 2, 3, 4, 5, 6 ], [ 1, 6, 7, 8, 3 ], [ 1, 2, 9, 10, 4 ], [ 1, 3, 10, 11, 5 ], [ 1, 4, 11, 12, 6 ], 
      [ 1, 5, 12, 7, 2 ], [ 2, 6, 13, 14, 15 ], [ 2, 15, 16, 17, 9 ], [ 3, 8, 17, 18, 10 ], 
      [ 3, 9, 18, 11, 4 ], [ 4, 10, 18, 12, 5 ], [ 5, 11, 18, 13, 6 ], [ 7, 12, 19, 20, 14 ], 
      [ 7, 13, 20, 21, 15 ], [ 7, 14, 21, 16, 8 ], [ 8, 15, 21, 22, 17 ], [ 8, 16, 22, 19, 9 ], 
      [ 9, 19, 12, 11, 10 ], [ 13, 18, 17, 22, 20 ], [ 13, 19, 22, 21, 14 ], [ 14, 20, 22, 16, 15 ], 
      [ 16, 21, 20, 19, 17 ] ], 
  [ [ 2, 3, 4, 5, 6 ], [ 1, 6, 7, 8, 3 ], [ 1, 2, 8, 9, 4 ], [ 1, 3, 9, 10, 5 ], [ 1, 4, 10, 11, 6 ], 
      [ 1, 5, 11, 12, 2 ], [ 2, 12, 13, 14, 15 ], [ 2, 15, 16, 9, 3 ], [ 3, 8, 16, 10, 4 ], 
      [ 4, 9, 16, 11, 5 ], [ 5, 10, 16, 17, 6 ], [ 6, 17, 18, 13, 7 ], [ 7, 12, 18, 19, 14 ], 
      [ 7, 13, 19, 20, 15 ], [ 7, 14, 20, 21, 8 ], [ 8, 21, 11, 10, 9 ], [ 11, 21, 22, 18, 12 ], 
      [ 12, 17, 22, 19, 13 ], [ 13, 18, 22, 20, 14 ], [ 14, 19, 22, 21, 15 ], [ 15, 20, 22, 17, 16 ], 
      [ 17, 21, 20, 19, 18 ] ], 
  [ [ 2, 3, 4, 5, 6 ], [ 1, 6, 7, 8, 3 ], [ 1, 2, 9, 10, 4 ], [ 1, 3, 10, 11, 5 ], [ 1, 4, 11, 12, 6 ], 
      [ 1, 5, 12, 7, 2 ], [ 2, 6, 13, 14, 15 ], [ 2, 15, 16, 17, 9 ], [ 3, 8, 17, 18, 10 ], 
      [ 3, 9, 18, 11, 4 ], [ 4, 10, 18, 12, 5 ], [ 5, 11, 19, 13, 6 ], [ 7, 12, 19, 20, 14 ], 
      [ 7, 13, 20, 21, 15 ], [ 7, 14, 21, 16, 8 ], [ 8, 15, 21, 22, 17 ], [ 8, 16, 22, 18, 9 ], 
      [ 9, 17, 19, 11, 10 ], [ 12, 18, 22, 20, 13 ], [ 13, 19, 22, 21, 14 ], [ 14, 20, 22, 16, 15 ], 
      [ 16, 21, 20, 19, 17 ] ], 
  [ [ 2, 3, 4, 5, 6 ], [ 1, 6, 7, 8, 9 ], [ 1, 9, 10, 11, 4 ], [ 1, 3, 11, 12, 5 ], [ 1, 4, 12, 13, 6 ], 
      [ 1, 5, 13, 7, 2 ], [ 2, 6, 14, 15, 8 ], [ 2, 7, 15, 16, 17 ], [ 2, 17, 18, 10, 3 ], 
      [ 3, 9, 18, 19, 11 ], [ 3, 10, 19, 12, 4 ], [ 4, 11, 20, 13, 5 ], [ 5, 12, 20, 14, 6 ], 
      [ 7, 13, 20, 21, 15 ], [ 7, 14, 21, 16, 8 ], [ 8, 15, 21, 22, 17 ], [ 8, 16, 22, 18, 9 ], 
      [ 9, 17, 22, 19, 10 ], [ 10, 18, 22, 20, 11 ], [ 12, 19, 21, 14, 13 ], [ 14, 20, 22, 16, 15 ], 
      [ 16, 21, 19, 18, 17 ] ], 
  [ [ 2, 3, 4, 5, 6 ], [ 1, 6, 7, 8, 3 ], [ 1, 2, 8, 9, 4 ], [ 1, 3, 9, 10, 5 ], [ 1, 4, 10, 11, 6 ], 
      [ 1, 5, 11, 12, 2 ], [ 2, 12, 13, 14, 15 ], [ 2, 15, 16, 9, 3 ], [ 3, 8, 16, 10, 4 ], 
      [ 4, 9, 17, 11, 5 ], [ 5, 10, 17, 18, 6 ], [ 6, 18, 19, 13, 7 ], [ 7, 12, 19, 20, 14 ], 
      [ 7, 13, 20, 21, 15 ], [ 7, 14, 21, 16, 8 ], [ 8, 15, 21, 17, 9 ], [ 10, 16, 22, 18, 11 ], 
      [ 11, 17, 22, 19, 12 ], [ 12, 18, 22, 20, 13 ], [ 13, 19, 22, 21, 14 ], [ 14, 20, 22, 16, 15 ], 
      [ 17, 21, 20, 19, 18 ] ], 
  [ [ 2, 3, 4, 5, 6 ], [ 1, 6, 7, 8, 3 ], [ 1, 2, 9, 10, 4 ], [ 1, 3, 10, 11, 5 ], [ 1, 4, 11, 12, 6 ], 
      [ 1, 5, 12, 7, 2 ], [ 2, 6, 13, 14, 15 ], [ 2, 15, 16, 17, 9 ], [ 3, 8, 17, 18, 10 ], 
      [ 3, 9, 18, 11, 4 ], [ 4, 10, 19, 12, 5 ], [ 5, 11, 19, 13, 6 ], [ 7, 12, 19, 20, 14 ], 
      [ 7, 13, 20, 21, 15 ], [ 7, 14, 21, 16, 8 ], [ 8, 15, 21, 22, 17 ], [ 8, 16, 22, 18, 9 ], 
      [ 9, 17, 22, 19, 10 ], [ 11, 18, 20, 13, 12 ], [ 13, 19, 22, 21, 14 ], [ 14, 20, 22, 16, 15 ], 
      [ 16, 21, 20, 18, 17 ] ], 
  [ [ 2, 3, 4, 5, 6 ], [ 1, 7, 8, 9, 3 ], [ 1, 2, 9, 10, 4 ], [ 1, 3, 10, 11, 5 ], [ 1, 4, 11, 12, 6 ], 
      [ 1, 5, 12, 13, 7 ], [ 2, 6, 13, 14, 15 ], [ 2, 15, 16, 17, 9 ], [ 2, 8, 17, 10, 3 ], 
      [ 3, 9, 17, 11, 4 ], [ 4, 10, 17, 12, 5 ], [ 5, 11, 18, 19, 6 ], [ 6, 19, 20, 14, 7 ], 
      [ 7, 13, 20, 21, 15 ], [ 7, 14, 21, 16, 8 ], [ 8, 15, 21, 22, 18 ], [ 8, 18, 11, 10, 9 ], 
      [ 12, 17, 16, 22, 19 ], [ 12, 18, 22, 20, 13 ], [ 13, 19, 22, 21, 14 ], [ 14, 20, 22, 16, 15 ], 
      [ 16, 21, 20, 19, 18 ] ] ];
