return [ rec(
      invers := (  1, 13)(  2,207)(  3,200)(  4,215)(  5,184)(  6,193)(  7,186)(  8,  9)( 10, 58)( 11, 67)( 12, 60)
        ( 14, 55)( 15, 16)( 17, 22)( 18, 19)( 20, 41)( 21,198)( 23,105)( 24, 98)( 25, 93)( 26, 27)( 28,261)( 29,196)
        ( 30, 43)( 31,238)( 32, 37)( 33,240)( 34, 36)( 35, 38)( 39, 42)( 40,239)( 44,119)( 45,112)( 46,107)( 47, 48)
        ( 49, 56)( 50, 68)( 51,142)( 52, 66)( 53, 57)( 54, 69)( 59, 64)( 61, 63)( 62, 65)( 70,146)( 71, 87)( 72, 85)
        ( 73,149)( 74, 79)( 75,148)( 76, 78)( 77, 80)( 81, 84)( 82,147)( 83, 94)( 86, 96)( 88,106)( 89,505)( 90,104)
        ( 91, 95)( 92,547)( 97,102)( 99,101)(100,103)(108,263)(109,122)(110,181)(111,116)(113,115)(114,117)(118,121)
        (120,347)(123,124)(125,165)(126,143)(127,140)(128,170)(129,134)(130,168)(131,133)(132,135)(136,139)(137,167)
        (138,141)(144,145)(150,459)(151,164)(152,372)(153,158)(154,174)(155,157)(156,159)(160,163)(161,173)(162,496)
        (166,321)(169,368)(171,172)(175,226)(176,219)(177,194)(178,265)(179,192)(180,183)(182,217)(185,190)(187,189)
        (188,191)(195,227)(197,210)(199,204)(201,203)(202,205)(206,209)(208,230)(211,225)(212,216)(213,237)(214,228)
        (218,223)(220,222)(221,224)(229,308)(231,232)(233,260)(234,235)(236,314)(241,242)(243,635)(244,598)(245,258)
        (246,581)(247,252)(248,638)(249,251)(250,253)(254,257)(255,637)(256,259)(262,551)(264,349)(266,273)(267,268)
        (269,307)(270,271)(272,359)(274,309)(275,313)(276,289)(277,567)(278,283)(279,311)(280,282)(281,284)(285,288)
        (286,310)(287,290)(291,379)(292,305)(293,422)(294,299)(295,424)(296,298)(297,300)(301,304)(302,423)(303,306)
        (312,569)(315,579)(316,358)(317,351)(318,319)(320,342)(322,346)(323,324)(325,366)(326,436)(327,340)(328,377)
        (329,334)(330,375)(331,333)(332,335)(336,339)(337,374)(338,341)(343,357)(344,348)(345,360)(350,355)(352,354)
        (353,356)(361,390)(362,383)(363,378)(364,365)(367,381)(369,447)(370,440)(371,457)(373,438)(376,413)(380,393)
        (382,387)(384,386)(385,388)(389,392)(391,414)(394,395)(396,397)(398,630)(399,412)(400,493)(401,406)(402,421)
        (403,405)(404,407)(408,411)(409,420)(410,472)(415,416)(417,430)(418,419)(425,426)(427,611)(428,604)(429,599)
        (431,448)(432,449)(433,446)(434,437)(435,469)(439,444)(441,443)(442,445)(450,473)(451,452)(453,492)(454,455)
        (456,498)(458,471)(460,465)(461,495)(462,464)(463,466)(467,470)(468,494)(474,618)(475,620)(476,510)(477,490)
        (478,545)(479,484)(480,691)(481,483)(482,485)(486,489)(487,690)(488,491)(497,500)(499,541)(501,506)(502,503)
        (504,540)(507,542)(508,546)(509,522)(511,516)(512,544)(513,515)(514,517)(518,521)(519,543)(520,523)(524,642)
        (525,538)(526,662)(527,532)(528,685)(529,531)(530,533)(534,537)(535,684)(536,539)(548,653)(549,646)(550,641)
        (552,644)(553,578)(554,571)(555,556)(557,602)(558,597)(559,590)(560,585)(561,562)(563,600)(564,577)(565,568)
        (566,588)(570,575)(572,574)(573,576)(580,586)(582,596)(583,587)(584,663)(589,594)(591,593)(592,595)(601,614)
        (603,608)(605,607)(606,609)(610,613)(612,633)(615,616)(617,697)(619,632)(621,626)(622,696)(623,625)(624,627)
        (628,631)(629,695)(634,681)(636,640)(639,661)(643,656)(645,650)(647,649)(648,651)(652,655)(654,657)(658,659)
        (660,682)(664,683)(665,700)(666,679)(667,694)(668,673)(669,689)(670,672)(671,674)(675,678)(676,688)(677,680)
        (686,687)(692,693)(698,699),
      nbP := 700,
      next := (  1, 21, 20, 18, 15, 11, 12)(  2,  3, 13, 10,  8,  5,  4)(  6,  7,  9, 49, 47, 44, 45)
        ( 14, 16, 22, 86, 84, 85, 54)( 17, 19, 42, 43, 26, 23, 24)( 25, 27,261,551,548,549, 92)( 28, 30, 32, 34, 36,
          38, 40)( 29, 31, 33, 35, 37, 39, 41)( 46, 48, 50,142,139,140,123)( 51, 52, 53, 69,146,144,141)
        ( 55, 57, 59, 61, 63, 65, 67)( 56, 58, 60, 62, 64, 66, 68)( 70, 72, 74, 76, 78, 80, 82)( 71, 73, 75, 77, 79,
          81, 83)( 87, 88,505,502,497,163,164)( 89, 90, 91,547,552,539,504)( 93, 95, 97, 99,101,103,105)
        ( 94, 96, 98,100,102,104,106)(107,109,111,113,115,117,119)(108,110,112,114,116,118,120)(121,122,124,165,321,
         318,264)(125,127,129,131,133,135,137)(126,128,130,132,134,136,138)(143,145,147,148,173,174,171)
        (149,151,153,155,157,159,161)(150,152,154,156,158,160,162)(166,167,168,368,373,341,320)(169,170,172,372,371,
         369,370)(175,176,177,265,273,309,229)(178,179,180,263,272,270,267)(181,183,185,187,189,191,193)
        (182,184,186,188,190,192,194)(195,197,199,201,203,205,207)(196,198,200,202,204,206,208)(209,210,211,212,237,
         234,231)(213,228,308,310,311,315,236)(214,216,218,220,222,224,226)(215,217,219,221,223,225,227)
        (230,232,260,257,258,241,238)(233,235,314,564,565,580,259)(239,240,242,635,640,550,262)(243,245,247,249,251,
         253,255)(244,246,248,250,252,254,256)(266,268,307,304,305,288,289)(269,271,343,344,360,367,306)
        (274,276,278,280,282,284,286)(275,277,279,281,283,285,287)(290,292,294,296,298,300,302)(291,293,295,297,299,
         301,303)(312,313,423,424,426,557,555)(316,317,319,342,339,340,323)(322,324,366,364,361,362,345)
        (325,327,329,331,333,335,337)(326,328,330,332,334,336,338)(346,348,350,352,354,356,358)(347,349,351,353,355,
         357,359)(363,365,374,375,413,396,394)(376,377,431,449,473,411,412)(378,380,382,384,386,388,390)
        (379,381,383,385,387,389,391)(392,393,395,420,421,418,415)(397,399,401,403,405,407,409)(398,400,402,404,406,
         408,410)(414,416,430,427,428,425,422)(417,419,493,631,632,615,429)(432,433,434,470,471,454,451)
        (435,437,439,441,443,445,447)(436,438,440,442,444,446,448)(450,452,492,489,490,474,472)(453,455,498,541,543,
         544,491)(456,458,460,462,464,466,468)(457,459,461,463,465,467,469)(475,477,479,481,483,485,487)
        (476,478,480,482,484,486,488)(494,495,496,500,506,542,499)(501,503,540,537,538,521,522)(507,509,511,513,515,
         517,519)(508,510,512,514,516,518,520)(523,525,527,529,531,533,535)(524,526,528,530,532,534,536)
        (545,546,684,685,687,694,692)(553,554,556,563,561,558,559)(560,562,633,681,678,679,584)(566,568,570,572,574,
         576,578)(567,569,571,573,575,577,579)(581,582,583,663,683,660,639)(585,587,589,591,593,595,597)
        (586,588,590,592,594,596,598)(599,601,603,605,607,609,611)(600,602,604,606,608,610,612)(613,614,616,697,699,
         680,634)(617,619,621,623,625,627,629)(618,620,622,624,626,628,630)(636,637,638,661,658,655,656)
        (641,643,645,647,649,651,653)(642,644,646,648,650,652,654)(657,659,682,688,689,686,662)(664,666,668,670,672,
         674,676)(665,667,669,671,673,675,677)(690,691,693,700,698,695,696) ), rec(
      invers := (  1, 12)(  2,192)(  3,185)(  4,200)(  5,169)(  6,178)(  7,171)(  8,  9)( 10, 60)( 11, 48)( 13, 74)
        ( 14, 83)( 15, 76)( 16, 17)( 18, 40)( 19,223)( 20, 33)( 21,224)( 22, 27)( 23,246)( 24, 26)( 25, 28)( 29, 32)
        ( 30,245)( 31,181)( 34,183)( 35,104)( 36, 97)( 37, 92)( 38, 39)( 41,166)( 42, 43)( 44,106)( 45, 46)( 47, 63)
        ( 49, 62)( 50, 72)( 51, 56)( 52, 66)( 53, 55)( 54, 57)( 58, 61)( 59, 65)( 64,111)( 67, 84)( 68,131)( 69, 82)
        ( 70, 73)( 71, 95)( 75, 80)( 77, 79)( 78, 81)( 85, 93)( 86,150)( 87,105)( 88,519)( 89,103)( 90, 94)( 91,561)
        ( 96,101)( 98,100)( 99,102)(107,263)(108,124)(109,117)(110,112)(113,152)(114,127)(115,251)(116,121)(118,120)
        (119,122)(123,126)(125,154)(128,129)(130,132)(133,134)(135,456)(136,149)(137,373)(138,143)(139,158)(140,142)
        (141,144)(145,148)(146,157)(147,510)(151,253)(153,369)(155,156)(159,211)(160,204)(161,179)(162,266)(163,177)
        (164,168)(165,248)(167,202)(170,175)(172,174)(173,176)(180,212)(182,195)(184,189)(186,188)(187,190)(191,194)
        (193,215)(196,210)(197,201)(198,222)(199,213)(203,208)(205,207)(206,209)(214,309)(216,217)(218,244)(219,220)
        (221,315)(225,226)(227,637)(228,612)(229,242)(230,613)(231,236)(232,640)(233,235)(234,237)(238,241)(239,639)
        (240,243)(247,565)(249,347)(250,349)(252,265)(254,259)(255,320)(256,258)(257,260)(261,264)(262,319)(267,274)
        (268,269)(270,308)(271,272)(273,359)(275,310)(276,314)(277,290)(278,598)(279,284)(280,312)(281,283)(282,285)
        (286,289)(287,311)(288,291)(292,412)(293,306)(294,421)(295,300)(296,423)(297,299)(298,301)(302,305)(303,422)
        (304,307)(313,600)(316,610)(317,358)(318,351)(321,342)(322,346)(323,324)(325,326)(327,377)(328,341)(329,375)
        (330,335)(331,367)(332,334)(333,336)(337,340)(338,366)(339,433)(343,357)(344,348)(345,360)(350,355)(352,354)
        (353,356)(361,402)(362,411)(363,404)(364,365)(368,400)(370,444)(371,437)(372,454)(374,435)(376,398)(378,399)
        (379,380)(381,382)(383,471)(384,397)(385,492)(386,391)(387,420)(388,390)(389,392)(393,396)(394,419)(395,469)
        (401,414)(403,408)(405,407)(406,409)(410,413)(415,416)(417,504)(418,497)(424,425)(426,579)(427,495)(428,445)
        (429,446)(430,443)(431,434)(432,466)(436,441)(438,440)(439,442)(447,470)(448,449)(450,491)(451,452)(453,512)
        (455,468)(457,462)(458,509)(459,461)(460,463)(464,467)(465,508)(472,473)(474,679)(475,524)(476,489)(477,559)
        (478,483)(479,675)(480,482)(481,484)(485,488)(486,674)(487,490)(493,581)(494,507)(496,501)(498,500)(499,502)
        (503,506)(505,633)(511,514)(513,555)(515,520)(516,517)(518,554)(521,556)(522,560)(523,536)(525,530)(526,558)
        (527,529)(528,531)(532,535)(533,557)(534,537)(538,656)(539,552)(540,663)(541,546)(542,670)(543,545)(544,547)
        (548,551)(549,669)(550,553)(562,646)(563,655)(564,648)(566,644)(567,609)(568,602)(569,570)(571,591)(572,597)
        (573,574)(575,630)(576,577)(578,635)(580,593)(582,587)(583,632)(584,586)(585,588)(589,592)(590,631)(594,608)
        (595,599)(596,611)(601,606)(603,605)(604,607)(614,688)(615,628)(616,668)(617,622)(618,662)(619,621)(620,623)
        (624,627)(625,661)(626,629)(634,682)(636,667)(638,641)(642,643)(645,658)(647,652)(649,651)(650,653)(654,657)
        (659,660)(664,697)(665,690)(666,685)(671,672)(673,686)(676,677)(678,698)(680,681)(683,684)(687,700)(689,694)
        (691,693)(692,695)(696,699),
      nbP := 700,
      next := (  1, 34, 32, 33, 16, 13, 11)(  2,  3, 12, 10,  8,  5,  4)(  6,  7,  9, 61, 62, 45, 42)
        ( 14, 15, 17, 40, 38, 35, 36)( 18, 20, 22, 24, 26, 28, 30)( 19, 21, 23, 25, 27, 29, 31)( 37, 39,245,246,565,
         562, 91)( 41, 43,106,264,265,249,165)( 44, 46, 63,111,108,109,107)( 47, 49, 51, 53, 55, 57, 59)
        ( 48, 50, 52, 54, 56, 58, 60)( 64, 65, 66, 67,131,128,110)( 68, 69, 70, 85,150,133,130)( 71, 73, 75, 77, 79,
          81, 83)( 72, 74, 76, 78, 80, 82, 84)( 86, 87,519,516,511,148,149)( 88, 89, 90,561,566,553,518)
        ( 92, 94, 96, 98,100,102,104)( 93, 95, 97, 99,101,103,105)(112,114,116,118,120,122,124)(113,115,117,119,121,
         123,125)(126,127,129,132,157,158,155)(134,136,138,140,142,144,146)(135,137,139,141,143,145,147)
        (151,152,369,374,340,341,321)(153,154,156,373,372,370,371)(159,160,161,266,274,310,214)(162,163,164,248,273,
         271,268)(166,168,170,172,174,176,178)(167,169,171,173,175,177,179)(180,182,184,186,188,190,192)
        (181,183,185,187,189,191,193)(194,195,196,197,222,219,216)(198,213,309,311,312,316,221)(199,201,203,205,207,
         209,211)(200,202,204,206,208,210,212)(215,217,244,241,242,225,223)(218,220,315,594,595,611,243)
        (224,226,637,641,563,564,247)(227,229,231,233,235,237,239)(228,230,232,234,236,238,240)(250,252,254,256,258,
         260,262)(251,253,255,257,259,261,263)(267,269,308,305,306,289,290)(270,272,343,344,360,368,307)
        (275,277,279,281,283,285,287)(276,278,280,282,284,286,288)(291,293,295,297,299,301,303)(292,294,296,298,300,
         302,304)(313,314,422,423,425,571,569)(317,318,319,320,342,325,323)(322,324,366,367,364,361,345)
        (326,328,330,332,334,336,338)(327,329,331,333,335,337,339)(346,348,350,352,354,356,358)(347,349,351,353,355,
         357,359)(362,363,365,375,398,381,379)(376,377,428,446,470,396,397)(378,380,419,420,417,418,415)
        (382,384,386,388,390,392,394)(383,385,387,389,391,393,395)(399,401,403,405,407,409,411)(400,402,404,406,408,
         410,412)(413,414,416,427,426,424,421)(429,430,431,467,468,451,448)(432,434,436,438,440,442,444)
        (433,435,437,439,441,443,445)(447,449,491,488,489,472,469)(450,452,512,555,557,558,490)(453,455,457,459,461,
         463,465)(454,456,458,460,462,464,466)(471,473,679,681,634,506,507)(474,476,478,480,482,484,486)
        (475,477,479,481,483,485,487)(492,494,496,498,500,502,504)(493,495,497,499,501,503,505)(508,509,510,514,520,
         556,513)(515,517,554,551,552,535,536)(521,523,525,527,529,531,533)(522,524,526,528,530,532,534)
        (537,539,541,543,545,547,549)(538,540,542,544,546,548,550)(559,560,669,670,672,678,676)(567,568,570,592,593,
         576,573)(572,574,630,627,628,612,596)(575,577,635,667,664,665,629)(578,580,582,584,586,588,590)
        (579,581,583,585,587,589,591)(597,599,601,603,605,607,609)(598,600,602,604,606,608,610)(613,615,617,619,621,
         623,625)(614,616,618,620,622,624,626)(631,632,633,682,684,666,636)(638,639,640,661,662,659,642)
        (643,645,647,649,651,653,655)(644,646,648,650,652,654,656)(657,658,660,668,673,671,663)(674,675,677,699,700,
         683,680)(685,687,689,691,693,695,697)(686,688,690,692,694,696,698) ), rec(
      invers := (  1, 23)(  2, 16)(  3,183)(  4,176)(  5, 12)(  6,160)(  7, 24)(  8, 55)(  9, 22)( 10, 13)( 11, 75)
        ( 14,174)( 15, 20)( 17, 19)( 18, 21)( 25, 63)( 26, 90)( 27, 99)( 28, 92)( 29, 30)( 31, 52)( 32,172)( 33, 87)
        ( 34, 35)( 36,108)( 37, 38)( 39,230)( 40,184)( 41, 54)( 42,221)( 43, 48)( 44,223)( 45, 47)( 46, 49)( 50, 53)
        ( 51,222)( 56,165)( 57, 58)( 59,109)( 60, 61)( 62, 78)( 64, 77)( 65, 88)( 66, 71)( 67, 81)( 68, 70)( 69, 72)
        ( 73, 76)( 74, 80)( 79,114)( 82,100)( 83,134)( 84, 98)( 85, 89)( 86,101)( 91, 96)( 93, 95)( 94, 97)(102,516)
        (103,509)(104,504)(105,106)(107,547)(110,249)(111,127)(112,120)(113,115)(116,141)(117,130)(118,237)(119,124)
        (121,123)(122,125)(126,129)(128,142)(131,132)(133,135)(136,159)(137,138)(139,507)(140,239)(143,359)(144,157)
        (145,407)(146,151)(147,356)(148,150)(149,152)(153,156)(154,355)(155,158)(161,264)(162,257)(163,272)(164,274)
        (166,171)(167,168)(169,218)(170,255)(173,186)(175,180)(177,179)(178,181)(182,185)(187,188)(189,229)(190,316)
        (191,204)(192,594)(193,198)(194,597)(195,197)(196,199)(200,203)(201,596)(202,205)(206,253)(207,220)(208,308)
        (209,214)(210,310)(211,213)(212,215)(216,219)(217,309)(224,225)(226,624)(227,228)(231,551)(232,283)(233,276)
        (234,235)(236,317)(238,251)(240,245)(241,320)(242,244)(243,246)(247,250)(248,319)(252,284)(254,267)(256,261)
        (258,260)(259,262)(263,266)(265,287)(268,282)(269,273)(270,307)(271,285)(275,280)(277,279)(278,281)(286,344)
        (288,289)(290,291)(292,396)(293,306)(294,560)(295,300)(296,315)(297,299)(298,301)(302,305)(303,314)(304,367)
        (311,312)(313,558)(318,322)(321,343)(323,346)(324,325)(326,353)(327,417)(328,341)(329,365)(330,335)(331,363)
        (332,334)(333,336)(337,340)(338,362)(339,342)(345,347)(348,378)(349,371)(350,366)(351,352)(354,369)(357,416)
        (358,409)(360,480)(361,405)(364,388)(368,381)(370,375)(372,374)(373,376)(377,380)(379,389)(382,383)(384,395)
        (385,386)(387,455)(390,391)(392,475)(393,468)(394,463)(397,569)(398,562)(399,579)(400,466)(401,415)(402,406)
        (403,420)(404,418)(408,413)(410,412)(411,414)(419,454)(421,456)(422,462)(423,436)(424,460)(425,430)(426,458)
        (427,429)(428,431)(432,435)(433,457)(434,437)(438,486)(439,452)(440,539)(441,446)(442,541)(443,445)(444,447)
        (448,451)(449,540)(450,453)(459,479)(461,679)(464,581)(465,478)(467,472)(469,471)(470,473)(474,477)(476,620)
        (481,497)(482,490)(483,505)(484,488)(485,517)(487,500)(489,494)(491,493)(492,495)(496,499)(498,518)(501,515)
        (502,506)(503,538)(508,513)(510,512)(511,514)(519,520)(521,522)(523,651)(524,537)(525,667)(526,531)(527,546)
        (528,530)(529,532)(533,536)(534,545)(535,631)(542,543)(544,665)(548,642)(549,635)(550,630)(552,633)(553,570)
        (554,571)(555,568)(556,559)(557,591)(561,566)(563,565)(564,567)(572,595)(573,574)(575,617)(576,577)(578,622)
        (580,593)(582,587)(583,619)(584,586)(585,588)(589,592)(590,618)(598,599)(600,628)(601,688)(602,615)(603,656)
        (604,609)(605,650)(606,608)(607,610)(611,614)(612,649)(613,616)(621,682)(623,655)(625,629)(626,627)(632,645)
        (634,639)(636,638)(637,640)(641,644)(643,646)(647,648)(652,697)(653,690)(654,685)(657,676)(658,669)(659,686)
        (660,677)(661,678)(662,675)(663,666)(664,698)(668,673)(670,672)(671,674)(680,681)(683,684)(687,700)(689,694)
        (691,693)(692,695)(696,699),
      nbP := 700,
      next := (  1,  2, 32, 31, 29, 26, 25)(  3,  4,  5,160,170,169,167)(  6,  7, 55,165,163,161,162)
        (  8,  9, 10, 76, 77, 60, 57)( 11, 13, 15, 17, 19, 21, 23)( 12, 14, 16, 18, 20, 22, 24)( 27, 28, 30, 53, 54,
          37, 34)( 33, 35,108,105,102,103, 86)( 36, 38,230,551,548,549,107)( 39, 41, 43, 45, 47, 49, 51)
        ( 40, 42, 44, 46, 48, 50, 52)( 56, 58,109,250,251,234,164)( 59, 61, 78,114,111,112,110)( 62, 64, 66, 68, 70,
          72, 74)( 63, 65, 67, 69, 71, 73, 75)( 79, 80, 81, 82,134,131,113)( 83, 84, 85,101,139,137,133)
        ( 87, 89, 91, 93, 95, 97, 99)( 88, 90, 92, 94, 96, 98,100)(104,106,547,552,536,537,503)(115,117,119,121,123,
         125,127)(116,118,120,122,124,126,128)(129,130,132,135,159,156,157)(136,138,483,481,482,360,158)
        (140,141,355,356,361,342,321)(142,144,146,148,150,152,154)(143,145,147,149,151,153,155)(166,168,219,220,203,
         204,187)(171,173,175,177,179,181,183)(172,174,176,178,180,182,184)(185,186,188,229,227,224,221)
        (189,191,193,195,197,199,201)(190,192,194,196,198,200,202)(205,207,209,211,213,215,217)(206,208,210,212,214,
         216,218)(222,223,225,624,629,550,231)(226,228,596,597,599,628,626)(232,233,235,317,322,346,286)
        (236,238,240,242,244,246,248)(237,239,241,243,245,247,249)(252,254,256,258,260,262,264)(253,255,257,259,261,
         263,265)(266,267,268,269,307,290,288)(270,285,344,347,354,305,306)(271,273,275,277,279,281,283)
        (272,274,276,278,280,282,284)(287,289,314,315,313,311,308)(291,293,295,297,299,301,303)(292,294,296,298,300,
         302,304)(309,310,312,553,571,595,316)(318,319,320,343,340,341,324)(323,325,353,351,348,349,345)
        (326,328,330,332,334,336,338)(327,329,331,333,335,337,339)(350,352,362,363,388,385,382)(357,358,359,480,484,
         453,419)(364,365,401,402,420,456,387)(366,368,370,372,374,376,378)(367,369,371,373,375,377,379)
        (380,381,383,395,392,393,390)(384,386,455,457,458,479,394)(389,391,400,399,397,398,396)(403,418,454,451,452,
         435,436)(404,406,408,410,412,414,416)(405,407,409,411,413,415,417)(421,423,425,427,429,431,433)
        (422,424,426,428,430,432,434)(437,439,441,443,445,447,449)(438,440,442,444,446,448,450)(459,460,679,681,621,
         477,478)(461,462,540,541,543,660,678)(463,465,467,469,471,473,475)(464,466,468,470,472,474,476)
        (485,487,489,491,493,495,497)(486,488,490,492,494,496,498)(499,500,501,502,538,521,519)(504,506,508,510,512,
         514,516)(505,507,509,511,513,515,517)(518,520,545,546,544,542,539)(522,524,526,528,530,532,534)
        (523,525,527,529,531,533,535)(554,555,556,592,593,576,573)(557,559,561,563,565,567,569)(558,560,562,564,566,
         568,570)(572,574,617,614,615,598,594)(575,577,622,655,652,653,616)(578,580,582,584,586,588,590)
        (579,581,583,585,587,589,591)(600,602,604,606,608,610,612)(601,603,605,607,609,611,613)(618,619,620,682,684,
         654,623)(625,627,649,650,647,644,645)(630,632,634,636,638,640,642)(631,633,635,637,639,641,643)
        (646,648,656,659,657,658,651)(661,662,663,699,700,683,680)(664,666,668,670,672,674,676)(665,667,669,671,673,
         675,677)(685,687,689,691,693,695,697)(686,688,690,692,694,696,698) ), rec(
      invers := (  1,208)(  2,201)(  3,216)(  4,185)(  5,194)(  6,187)(  7,  8)(  9, 75)( 10, 11)( 12, 29)( 13, 27)
        ( 14, 18)( 15, 79)( 16, 30)( 17,199)( 19, 52)( 20, 25)( 21, 33)( 22, 24)( 23, 26)( 28, 32)( 31, 34)( 35, 88)
        ( 36, 90)( 37, 38)( 39,248)( 40,197)( 41, 54)( 42,239)( 43, 48)( 44,241)( 45, 47)( 46, 49)( 50, 53)( 51,240)
        ( 55,182)( 56, 57)( 58,106)( 59,118)( 60, 73)( 61,111)( 62, 67)( 63,109)( 64, 66)( 65, 68)( 69, 72)( 70,108)
        ( 71, 74)( 76,120)( 77,129)( 78,122)( 80,117)( 81, 82)( 83,100)( 84, 98)( 85, 89)( 86,149)( 87,101)( 91, 96)
        ( 92,104)( 93, 95)( 94, 97)( 99,103)(102,505)(105,547)(107,268)(110,150)(112,130)(113,171)(114,128)(115,119)
        (116,131)(121,126)(123,125)(124,127)(132,133)(134,441)(135,148)(136,359)(137,142)(138,174)(139,141)(140,143)
        (144,147)(145,173)(146,496)(151,323)(152,420)(153,166)(154,340)(155,160)(156,344)(157,159)(158,161)(162,165)
        (163,343)(164,167)(168,169)(170,172)(175,227)(176,220)(177,195)(178,269)(179,193)(180,184)(181,250)(183,218)
        (186,191)(188,190)(189,192)(196,228)(198,211)(200,205)(202,204)(203,206)(207,210)(209,231)(212,226)(213,217)
        (214,238)(215,229)(219,224)(221,223)(222,225)(230,312)(232,233)(234,247)(235,236)(237,318)(242,243)(244,610)
        (245,603)(246,598)(249,551)(251,276)(252,320)(253,266)(254,324)(255,260)(256,346)(257,259)(258,261)(262,265)
        (263,345)(264,267)(270,277)(271,272)(273,311)(274,275)(278,313)(279,317)(280,293)(281,584)(282,287)(283,315)
        (284,286)(285,288)(289,292)(290,314)(291,294)(295,365)(296,309)(297,400)(298,303)(299,393)(300,302)(301,304)
        (305,308)(306,392)(307,310)(316,586)(319,596)(321,322)(325,326)(327,354)(328,418)(329,342)(330,363)(331,336)
        (332,361)(333,335)(334,337)(338,341)(339,360)(347,348)(349,376)(350,369)(351,364)(352,353)(355,367)(356,429)
        (357,422)(358,439)(362,385)(366,379)(368,373)(370,372)(371,374)(375,378)(377,402)(380,381)(382,459)(383,468)
        (384,461)(386,411)(387,404)(388,399)(389,390)(391,457)(394,412)(395,558)(396,410)(397,401)(398,618)(403,408)
        (405,407)(406,409)(413,430)(414,431)(415,428)(416,419)(417,451)(421,426)(423,425)(424,427)(432,455)(433,434)
        (435,491)(436,437)(438,498)(440,453)(442,447)(443,495)(444,446)(445,448)(449,452)(450,494)(454,456)(458,471)
        (460,465)(462,464)(463,466)(467,470)(469,492)(472,473)(474,680)(475,510)(476,489)(477,545)(478,483)(479,675)
        (480,482)(481,484)(485,488)(486,674)(487,490)(493,622)(497,500)(499,541)(501,506)(502,503)(504,540)(507,542)
        (508,546)(509,522)(511,516)(512,544)(513,515)(514,517)(518,521)(519,543)(520,523)(524,630)(525,538)(526,654)
        (527,532)(528,671)(529,531)(530,533)(534,537)(535,670)(536,539)(548,641)(549,634)(550,629)(552,632)(553,595)
        (554,588)(555,556)(557,579)(559,583)(560,561)(562,617)(563,684)(564,577)(565,652)(566,571)(567,650)(568,570)
        (569,572)(573,576)(574,649)(575,578)(580,594)(581,585)(582,597)(587,592)(589,591)(590,593)(599,626)(600,613)
        (601,624)(602,607)(604,606)(605,608)(609,612)(611,614)(615,616)(619,695)(620,688)(621,683)(623,686)(625,628)
        (627,648)(631,644)(633,638)(635,637)(636,639)(640,643)(642,656)(645,665)(646,658)(647,653)(651,669)(655,668)
        (657,662)(659,661)(660,663)(664,667)(666,672)(673,679)(676,677)(678,700)(681,682)(685,698)(687,692)(689,691)
        (690,693)(694,697)(696,699),
      nbP := 700,
      next := (  1,  2, 12, 10,  7,  4,  3)(  5,  6,  8, 75, 72, 73, 56)(  9, 11, 13, 14, 79, 76, 74)
        ( 15, 30, 34, 83, 81, 77, 78)( 16, 18, 20, 22, 24, 26, 28)( 17, 19, 21, 23, 25, 27, 29)( 31, 32, 33, 53, 54,
          37, 35)( 36, 38,248,551,548,549,105)( 39, 41, 43, 45, 47, 49, 51)( 40, 42, 44, 46, 48, 50, 52)
        ( 55, 57,106,268,265,266,181)( 58, 60, 62, 64, 66, 68, 70)( 59, 61, 63, 65, 67, 69, 71)( 80, 82, 84, 85,149,
         132,116)( 86,101,505,502,497,147,148)( 87, 89, 91, 93, 95, 97, 99)( 88, 90, 92, 94, 96, 98,100)
        (102,103,104,547,552,539,504)(107,108,109,150,323,321,267)(110,111,112,171,168,165,166)(113,114,115,131,173,
         174,170)(117,119,121,123,125,127,129)(118,120,122,124,126,128,130)(133,135,137,139,141,143,145)
        (134,136,138,140,142,144,146)(151,153,155,157,159,161,163)(152,154,156,158,160,162,164)(167,169,172,359,358,
         356,357)(175,176,177,269,277,313,230)(178,179,180,250,276,274,271)(182,184,186,188,190,192,194)
        (183,185,187,189,191,193,195)(196,198,200,202,204,206,208)(197,199,201,203,205,207,209)(210,211,212,213,238,
         235,232)(214,229,312,314,315,319,237)(215,217,219,221,223,225,227)(216,218,220,222,224,226,228)
        (231,233,247,244,245,242,239)(234,236,318,580,581,597,246)(240,241,243,624,628,550,249)(251,253,255,257,259,
         261,263)(252,254,256,258,260,262,264)(270,272,311,308,309,292,293)(273,275,345,346,348,355,310)
        (278,280,282,284,286,288,290)(279,281,283,285,287,289,291)(294,296,298,300,302,304,306)(295,297,299,301,303,
         305,307)(316,317,392,393,394,558,555)(320,322,343,344,341,342,325)(324,326,354,352,349,350,347)
        (327,329,331,333,335,337,339)(328,330,332,334,336,338,340)(351,353,360,361,385,382,380)(362,363,413,431,455,
         383,384)(364,366,368,370,372,374,376)(365,367,369,371,373,375,377)(378,379,381,391,389,386,387)
        (388,390,492,622,619,620,398)(395,396,397,618,623,578,557)(399,401,403,405,407,409,411)(400,402,404,406,408,
         410,412)(414,415,416,452,453,436,433)(417,419,421,423,425,427,429)(418,420,422,424,426,428,430)
        (432,434,491,488,489,472,454)(435,437,498,541,543,544,490)(438,440,442,444,446,448,450)(439,441,443,445,447,
         449,451)(456,458,460,462,464,466,468)(457,459,461,463,465,467,469)(470,471,473,680,682,621,493)
        (474,476,478,480,482,484,486)(475,477,479,481,483,485,487)(494,495,496,500,506,542,499)(501,503,540,537,538,
         521,522)(507,509,511,513,515,517,519)(508,510,512,514,516,518,520)(523,525,527,529,531,533,535)
        (524,526,528,530,532,534,536)(545,546,670,671,672,679,676)(553,554,556,579,576,577,560)(559,561,617,615,612,
         613,582)(562,564,566,568,570,572,574)(563,565,567,569,571,573,575)(583,585,587,589,591,593,595)
        (584,586,588,590,592,594,596)(598,600,602,604,606,608,610)(599,601,603,605,607,609,611)(614,616,649,650,669,
         647,627)(625,626,648,645,646,643,644)(629,631,633,635,637,639,641)(630,632,634,636,638,640,642)
        (651,652,699,678,673,667,668)(653,655,657,659,661,663,665)(654,656,658,660,662,664,666)(674,675,677,700,697,
         698,681)(683,685,687,689,691,693,695)(684,686,688,690,692,694,696) ), rec(
      invers := (  1,209)(  2,202)(  3,221)(  4,230)(  5,223)(  6,  7)(  8, 59)(  9, 10)( 11, 93)( 12, 13)( 14, 31)
        ( 15, 29)( 16, 20)( 17, 97)( 18, 32)( 19,200)( 21, 56)( 22, 27)( 23, 35)( 24, 26)( 25, 28)( 30, 34)( 33, 36)
        ( 37,100)( 38, 39)( 40,122)( 41, 42)( 43,260)( 44,198)( 45, 58)( 46,247)( 47, 52)( 48,240)( 49, 51)( 50, 53)
        ( 54, 57)( 55,239)( 60,196)( 61,123)( 62, 75)( 63,265)( 64, 69)( 65,263)( 66, 68)( 67, 70)( 71, 74)( 72,262)
        ( 73, 76)( 77,133)( 78, 91)( 79,127)( 80, 85)( 81,125)( 82, 84)( 83, 86)( 87, 90)( 88,124)( 89, 92)( 94,135)
        ( 95,144)( 96,137)( 98,150)( 99,152)(101,161)(102,154)(103,104)(105,506)(106,618)(107,120)(108,522)(109,114)
        (110,526)(111,113)(112,115)(116,119)(117,525)(118,121)(126,165)(128,145)(129,186)(130,143)(131,134)(132,162)
        (136,141)(138,140)(139,142)(146,160)(147,151)(148,189)(149,163)(153,158)(155,157)(156,159)(164,484)(166,339)
        (167,435)(168,181)(169,357)(170,175)(171,361)(172,174)(173,176)(177,180)(178,360)(179,182)(183,184)(185,187)
        (188,375)(190,218)(191,192)(193,267)(194,195)(197,219)(199,212)(201,206)(203,205)(204,207)(208,211)(210,249)
        (213,231)(214,238)(215,229)(216,220)(217,309)(222,227)(224,226)(225,228)(232,258)(233,251)(234,246)(235,236)
        (237,332)(241,259)(242,608)(243,257)(244,248)(245,599)(250,255)(252,254)(253,256)(261,553)(264,288)(266,335)
        (268,289)(269,270)(271,272)(273,381)(274,287)(275,304)(276,281)(277,308)(278,280)(279,282)(283,286)(284,307)
        (285,362)(290,323)(291,311)(292,379)(293,306)(294,415)(295,300)(296,408)(297,299)(298,301)(302,305)(303,407)
        (310,326)(312,325)(313,331)(314,319)(315,329)(316,318)(317,320)(321,324)(322,328)(327,334)(330,554)(333,595)
        (336,340)(337,338)(341,363)(342,343)(344,369)(345,433)(346,359)(347,457)(348,353)(349,377)(350,352)(351,354)
        (355,358)(356,376)(364,390)(365,383)(366,378)(367,368)(370,444)(371,437)(372,491)(373,500)(374,493)(380,393)
        (382,387)(384,386)(385,388)(389,392)(391,417)(394,395)(396,406)(397,398)(399,469)(400,426)(401,419)(402,414)
        (403,404)(405,478)(409,427)(410,559)(411,425)(412,416)(413,603)(418,423)(420,422)(421,424)(428,468)(429,461)
        (430,443)(431,434)(432,489)(436,441)(438,440)(439,442)(445,459)(446,456)(447,448)(449,477)(450,451)(452,501)
        (453,467)(454,458)(455,470)(460,465)(462,464)(463,466)(471,679)(472,672)(473,667)(474,475)(476,545)(479,670)
        (480,488)(481,482)(483,502)(485,499)(486,490)(487,527)(492,497)(494,496)(495,498)(503,507)(504,505)(508,541)
        (509,529)(510,616)(511,524)(512,640)(513,518)(514,657)(515,517)(516,519)(520,523)(521,656)(528,544)(530,543)
        (531,549)(532,537)(533,547)(534,536)(535,538)(539,542)(540,546)(548,660)(550,627)(551,620)(552,615)(555,560)
        (556,557)(558,594)(561,596)(562,602)(563,576)(564,600)(565,570)(566,598)(567,569)(568,571)(572,575)(573,597)
        (574,577)(578,684)(579,592)(580,638)(581,586)(582,636)(583,585)(584,587)(588,591)(589,635)(590,593)(601,613)
        (604,695)(605,688)(606,668)(607,686)(609,614)(610,611)(612,634)(617,630)(619,624)(621,623)(622,625)(626,629)
        (628,642)(631,651)(632,644)(633,639)(637,655)(641,654)(643,648)(645,647)(646,649)(650,653)(652,658)(659,665)
        (661,666)(662,663)(664,700)(669,682)(671,676)(673,675)(674,677)(678,681)(680,683)(685,698)(687,692)(689,691)
        (690,693)(694,697)(696,699),
      nbP := 700,
      next := (  1,  2, 14, 12,  9,  6,  3)(  4,  5,  7, 59,196,194,191)(  8, 10, 93, 90, 91, 74, 75)
        ( 11, 13, 15, 16, 97, 94, 92)( 17, 32, 36,100, 98, 95, 96)( 18, 20, 22, 24, 26, 28, 30)( 19, 21, 23, 25, 27,
          29, 31)( 33, 34, 35, 57, 58, 41, 38)( 37, 39,122,119,120,103, 99)( 40, 42,260,553,550,551,121)
        ( 43, 45, 47, 49, 51, 53, 55)( 44, 46, 48, 50, 52, 54, 56)( 60, 62, 64, 66, 68, 70, 72)( 61, 63, 65, 67, 69,
          71, 73)( 76, 78, 80, 82, 84, 86, 88)( 77, 79, 81, 83, 85, 87, 89)(101,102,104,506,504,483,164)
        (105,107,109,111,113,115,117)(106,108,110,112,114,116,118)(123,124,125,165,339,337,266)(126,127,128,186,183,
         180,181)(129,130,131,146,147,189,185)(132,134,136,138,140,142,144)(133,135,137,139,141,143,145)
        (148,163,484,481,373,374,188)(149,151,153,155,157,159,161)(150,152,154,156,158,160,162)(166,168,170,172,174,
         176,178)(167,169,171,173,175,177,179)(182,184,187,375,372,370,371)(190,192,267,289,324,325,217)
        (193,195,262,263,288,271,269)(197,199,201,203,205,207,209)(198,200,202,204,206,208,210)(211,212,213,238,235,
         232,233)(214,215,216,309,326,334,237)(218,220,222,224,226,228,230)(219,221,223,225,227,229,231)
        (234,236,332,595,597,598,245)(239,240,241,608,614,552,261)(242,243,244,599,600,613,610)(246,248,250,252,254,
         256,258)(247,249,251,253,255,257,259)(264,265,335,340,363,286,287)(268,270,307,308,305,306,290)
        (272,274,276,278,280,282,284)(273,275,277,279,281,283,285)(291,293,295,297,299,301,303)(292,294,296,298,300,
         302,304)(310,312,314,316,318,320,322)(311,313,315,317,319,321,323)(327,328,329,554,560,596,333)
        (330,331,407,408,409,559,556)(336,338,360,361,358,359,342)(341,343,369,367,364,365,362)(344,346,348,350,352,
         354,356)(345,347,349,351,353,355,357)(366,368,376,377,399,397,394)(378,380,382,384,386,388,390)
        (379,381,383,385,387,389,391)(392,393,395,406,403,400,401)(396,398,453,454,470,479,405)(402,404,478,606,604,
         605,413)(410,411,412,603,607,593,558)(414,416,418,420,422,424,426)(415,417,419,421,423,425,427)
        (428,429,430,431,452,450,447)(432,434,436,438,440,442,444)(433,435,437,439,441,443,445)(446,448,477,474,471,
         472,455)(449,451,485,486,527,544,476)(456,458,460,462,464,466,468)(457,459,461,463,465,467,469)
        (473,475,545,546,547,660,666)(480,482,502,507,542,543,487)(488,490,492,494,496,498,500)(489,491,493,495,497,
         499,501)(503,505,525,526,523,524,508)(509,511,513,515,517,519,521)(510,512,514,516,518,520,522)
        (528,530,532,534,536,538,540)(529,531,533,535,537,539,541)(548,549,656,657,658,665,662)(555,557,594,591,592,
         575,576)(561,563,565,567,569,571,573)(562,564,566,568,570,572,574)(577,579,581,583,585,587,589)
        (578,580,582,584,586,588,590)(601,602,635,636,655,633,612)(609,611,634,631,632,629,630)(615,617,619,621,623,
         625,627)(616,618,620,622,624,626,628)(637,638,699,664,659,653,654)(639,641,643,645,647,649,651)
        (640,642,644,646,648,650,652)(661,663,700,697,698,681,682)(667,669,671,673,675,677,679)(668,670,672,674,676,
         678,680)(683,685,687,689,691,693,695)(684,686,688,690,692,694,696) ), rec(
      invers := (  1, 21)(  2, 14)(  3,183)(  4,176)(  5, 22)(  6, 54)(  7, 20)(  8, 11)(  9, 74)( 10,174)( 12,210)
        ( 13, 18)( 15, 17)( 16, 19)( 23, 62)( 24, 89)( 25, 98)( 26, 91)( 27, 28)( 29, 53)( 30, 31)( 32,222)( 33, 86)
        ( 34, 35)( 36,106)( 37,624)( 38, 51)( 39,534)( 40, 45)( 41,532)( 42, 44)( 43, 46)( 47, 50)( 48,531)( 49, 52)
        ( 55,163)( 56, 57)( 58,107)( 59, 60)( 61, 77)( 63, 76)( 64, 87)( 65, 70)( 66, 80)( 67, 69)( 68, 71)( 72, 75)
        ( 73, 79)( 78,112)( 81, 99)( 82,132)( 83, 97)( 84, 88)( 85,100)( 90, 95)( 92, 94)( 93, 96)(101,502)(102,495)
        (103,490)(104,105)(108,248)(109,125)(110,118)(111,113)(114,139)(115,128)(116,236)(117,122)(119,121)(120,123)
        (124,127)(126,140)(129,130)(131,133)(134,157)(135,136)(137,493)(138,238)(141,474)(142,155)(143,363)(144,149)
        (145,353)(146,148)(147,150)(151,154)(152,352)(153,156)(158,171)(159,160)(161,257)(162,259)(164,221)(165,214)
        (166,184)(167,205)(168,182)(169,173)(170,278)(172,212)(175,180)(177,179)(178,181)(185,209)(186,187)(188,229)
        (189,299)(190,203)(191,593)(192,197)(193,596)(194,196)(195,198)(199,202)(200,595)(201,204)(206,220)(207,211)
        (208,223)(213,218)(215,217)(216,219)(224,635)(225,628)(226,623)(227,228)(230,626)(231,268)(232,261)(233,234)
        (235,301)(237,250)(239,244)(240,304)(241,243)(242,245)(246,249)(247,303)(251,269)(252,272)(253,267)(254,258)
        (255,277)(256,270)(260,265)(262,264)(263,266)(271,328)(273,292)(274,347)(275,340)(276,335)(279,295)(280,338)
        (281,294)(282,557)(283,288)(284,298)(285,287)(286,289)(290,293)(291,297)(296,300)(302,306)(305,327)(307,329)
        (308,384)(309,322)(310,333)(311,316)(312,331)(313,315)(314,317)(318,321)(319,330)(320,323)(324,325)(326,356)
        (332,351)(334,386)(336,559)(337,350)(339,344)(341,343)(342,345)(346,349)(348,407)(354,483)(355,476)(357,375)
        (358,395)(359,388)(360,361)(362,413)(364,377)(365,472)(366,371)(367,416)(368,370)(369,372)(373,376)(374,415)
        (378,396)(379,399)(380,394)(381,385)(382,406)(383,397)(387,392)(389,391)(390,393)(398,438)(400,408)(401,402)
        (403,459)(404,452)(405,447)(409,568)(410,561)(411,578)(412,450)(414,417)(418,439)(419,445)(420,433)(421,443)
        (422,427)(423,441)(424,426)(425,428)(429,432)(430,440)(431,434)(435,436)(437,484)(442,463)(444,679)(446,528)
        (448,580)(449,462)(451,456)(453,455)(454,457)(458,461)(460,619)(464,471)(465,466)(467,491)(468,482)(469,473)
        (470,510)(475,480)(477,479)(478,481)(485,503)(486,504)(487,501)(488,492)(489,509)(494,499)(496,498)(497,500)
        (505,524)(506,547)(507,540)(508,535)(511,527)(512,538)(513,526)(514,665)(515,520)(516,530)(517,519)(518,521)
        (522,525)(523,529)(533,551)(536,667)(537,550)(539,544)(541,543)(542,545)(546,549)(548,650)(552,569)(553,570)
        (554,567)(555,558)(556,590)(560,565)(562,564)(563,566)(571,594)(572,573)(574,616)(575,576)(577,621)(579,592)
        (581,586)(582,618)(583,585)(584,587)(588,591)(589,617)(597,598)(599,641)(600,688)(601,614)(602,656)(603,608)
        (604,649)(605,607)(606,609)(610,613)(611,648)(612,615)(620,682)(622,655)(625,638)(627,632)(629,631)(630,633)
        (634,637)(636,642)(639,640)(643,644)(645,651)(646,647)(652,697)(653,690)(654,685)(657,676)(658,669)(659,686)
        (660,677)(661,678)(662,675)(663,666)(664,698)(668,673)(670,672)(671,674)(680,681)(683,684)(687,700)(689,694)
        (691,693)(692,695)(696,699),
      nbP := 700,
      next := (  1,  2, 32, 30, 27, 24, 23)(  3,  4,  5, 54,163,161,159)(  6,  7,  8, 75, 76, 59, 56)
        (  9, 11, 13, 15, 17, 19, 21)( 10, 12, 14, 16, 18, 20, 22)( 25, 26, 28, 53, 50, 51, 34)( 29, 31,206,207,223,
         230, 52)( 33, 35,106,104,101,102, 85)( 36, 38, 40, 42, 44, 46, 48)( 37, 39, 41, 43, 45, 47, 49)
        ( 55, 57,107,249,250,233,162)( 58, 60, 77,112,109,110,108)( 61, 63, 65, 67, 69, 71, 73)( 62, 64, 66, 68, 70,
          72, 74)( 78, 79, 80, 81,132,129,111)( 82, 83, 84,100,137,135,131)( 86, 88, 90, 92, 94, 96, 98)
        ( 87, 89, 91, 93, 95, 97, 99)(103,105,531,532,551,508,489)(113,115,117,119,121,123,125)(114,116,118,120,122,
         124,126)(127,128,130,133,157,154,155)(134,136,467,465,354,355,156)(138,139,352,353,357,326,305)
        (140,142,144,146,148,150,152)(141,143,145,147,149,151,153)(158,160,251,272,293,294,170)(164,165,166,205,202,
         203,186)(167,168,169,278,295,300,204)(171,173,175,177,179,181,183)(172,174,176,178,180,182,184)
        (185,187,229,227,224,225,208)(188,190,192,194,196,198,200)(189,191,193,195,197,199,201)(209,211,213,215,217,
         219,221)(210,212,214,216,218,220,222)(226,228,595,596,598,641,639)(231,232,234,301,306,329,271)
        (235,237,239,241,243,245,247)(236,238,240,242,244,246,248)(252,253,254,277,274,275,273)(255,270,328,330,331,
         351,276)(256,258,260,262,264,266,268)(257,259,261,263,265,267,269)(279,281,283,285,287,289,291)
        (280,282,284,286,288,290,292)(296,297,298,552,570,594,299)(302,303,304,327,324,321,322)(307,309,311,313,315,
         317,319)(308,310,312,314,316,318,320)(323,325,356,376,377,360,334)(332,333,378,399,408,349,350)
        (335,337,339,341,343,345,347)(336,338,340,342,344,346,348)(358,359,361,413,417,439,398)(362,364,366,368,370,
         372,374)(363,365,367,369,371,373,375)(379,380,381,406,403,404,401)(382,397,438,440,441,463,405)
        (383,385,387,389,391,393,395)(384,386,388,390,392,394,396)(400,402,412,411,409,410,407)(414,415,416,437,435,
         432,433)(418,420,422,424,426,428,430)(419,421,423,425,427,429,431)(434,436,468,469,510,527,446)
        (442,443,679,681,620,461,462)(444,445,528,529,530,660,678)(447,449,451,453,455,457,459)(448,450,452,454,456,
         458,460)(464,466,485,504,525,526,470)(471,473,475,477,479,481,483)(472,474,476,478,480,482,484)
        (486,487,488,509,506,507,505)(490,492,494,496,498,500,502)(491,493,495,497,499,501,503)(511,513,515,517,519,
         521,523)(512,514,516,518,520,522,524)(533,534,642,644,651,549,550)(535,537,539,541,543,545,547)
        (536,538,540,542,544,546,548)(553,554,555,591,592,575,572)(556,558,560,562,564,566,568)(557,559,561,563,565,
         567,569)(571,573,616,613,614,597,593)(574,576,621,655,652,653,615)(577,579,581,583,585,587,589)
        (578,580,582,584,586,588,590)(599,601,603,605,607,609,611)(600,602,604,606,608,610,612)(617,618,619,682,684,
         654,622)(623,625,627,629,631,633,635)(624,626,628,630,632,634,636)(637,638,640,648,649,646,643)
        (645,647,656,659,657,658,650)(661,662,663,699,700,683,680)(664,666,668,670,672,674,676)(665,667,669,671,673,
         675,677)(685,687,689,691,693,695,697)(686,688,690,692,694,696,698) ), rec(
      invers := (  1,228)(  2,201)(  3,184)(  4,193)(  5,186)(  6,  7)(  8, 86)(  9, 74)( 10, 31)( 11, 24)( 12, 29)
        ( 13, 18)( 14, 27)( 15, 17)( 16, 19)( 20, 23)( 21, 26)( 22,240)( 25, 76)( 28, 32)( 30, 66)( 33, 98)( 34,104)
        ( 35, 48)( 36,102)( 37, 42)( 38,100)( 39, 41)( 40, 43)( 44, 47)( 45, 99)( 46, 49)( 50,611)( 51, 64)( 52,532)
        ( 53, 58)( 54,530)( 55, 57)( 56, 59)( 60, 63)( 61,529)( 62, 65)( 67,181)( 68, 69)( 70,105)( 71, 72)( 73, 89)
        ( 75, 88)( 77, 82)( 78, 92)( 79, 81)( 80, 83)( 84, 87)( 85, 91)( 90,112)( 93, 94)( 95,132)( 96, 97)(101,151)
        (103,501)(106,252)(107,108)(109,125)(110,118)(111,113)(114,153)(115,128)(116,152)(117,122)(119,121)(120,123)
        (124,127)(126,169)(129,130)(131,133)(134,135)(136,451)(137,150)(138,355)(139,144)(140,173)(141,143)(142,145)
        (146,149)(147,172)(148,492)(154,356)(155,168)(156,329)(157,162)(158,309)(159,161)(160,163)(164,167)(165,308)
        (166,374)(170,171)(174,212)(175,205)(176,194)(177,253)(178,192)(179,183)(180,248)(182,203)(185,190)(187,189)
        (188,191)(195,239)(196,232)(197,211)(198,202)(199,223)(200,214)(204,209)(206,208)(207,210)(213,230)(215,282)
        (216,227)(217,218)(219,246)(220,221)(222,288)(224,238)(225,229)(226,241)(231,236)(233,235)(234,237)(242,622)
        (243,615)(244,630)(245,632)(247,613)(249,302)(250,295)(251,290)(254,261)(255,256)(257,281)(258,259)(260,293)
        (262,283)(263,287)(264,277)(265,581)(266,271)(267,285)(268,270)(269,272)(273,276)(274,284)(275,339)(278,348)
        (279,341)(280,336)(286,583)(289,593)(291,330)(292,305)(294,299)(296,298)(297,300)(301,304)(303,310)(306,307)
        (311,382)(312,325)(313,334)(314,319)(315,332)(316,318)(317,320)(321,324)(322,331)(323,326)(327,328)(333,352)
        (335,384)(337,419)(338,351)(340,345)(342,344)(343,346)(347,350)(349,435)(353,362)(354,449)(357,393)(358,386)
        (359,360)(361,437)(363,376)(364,461)(365,370)(366,440)(367,369)(368,371)(372,375)(373,439)(377,394)(378,396)
        (379,392)(380,383)(381,415)(385,390)(387,389)(388,391)(395,403)(397,425)(398,434)(399,427)(400,401)(402,488)
        (404,417)(405,464)(406,411)(407,467)(408,410)(409,412)(413,416)(414,466)(418,423)(420,433)(421,424)(422,562)
        (426,431)(428,430)(429,432)(436,564)(438,441)(442,465)(443,444)(445,487)(446,447)(448,494)(450,463)(452,457)
        (453,491)(454,456)(455,458)(459,462)(460,490)(468,469)(470,679)(471,506)(472,485)(473,527)(474,479)(475,675)
        (476,478)(477,480)(481,484)(482,674)(483,486)(489,607)(493,496)(495,523)(497,502)(498,499)(500,522)(503,524)
        (504,528)(505,518)(507,512)(508,526)(509,511)(510,513)(514,517)(515,525)(516,536)(519,545)(520,538)(521,533)
        (531,549)(534,657)(535,548)(537,542)(539,541)(540,543)(544,547)(546,673)(550,592)(551,585)(552,553)(554,574)
        (555,580)(556,557)(558,601)(559,560)(561,608)(563,576)(565,570)(566,603)(567,569)(568,571)(572,575)(573,602)
        (577,591)(578,582)(579,594)(584,589)(586,588)(587,590)(595,641)(596,634)(597,629)(598,599)(600,651)(604,605)
        (606,682)(609,655)(610,642)(612,625)(614,619)(616,618)(617,620)(621,624)(623,643)(626,640)(627,631)(628,649)
        (633,638)(635,637)(636,639)(644,645)(646,663)(647,672)(648,665)(650,661)(652,697)(653,690)(654,685)(656,688)
        (658,671)(659,662)(660,686)(664,669)(666,668)(667,670)(676,677)(678,698)(680,681)(683,684)(687,700)(689,694)
        (691,693)(692,695)(696,699),
      nbP := 700,
      next := (  1, 23, 24,  8,  6,  3,  2)(  4,  5,  7, 87, 88, 71, 68)(  9, 11, 13, 15, 17, 19, 21)
        ( 10, 12, 14, 16, 18, 20, 22)( 25, 26, 27, 32, 98, 96, 93)( 28, 29, 66, 63, 64, 47, 48)( 30, 31,224,225,241,
         247, 65)( 33, 35, 37, 39, 41, 43, 45)( 34, 36, 38, 40, 42, 44, 46)( 49, 51, 53, 55, 57, 59, 61)
        ( 50, 52, 54, 56, 58, 60, 62)( 67, 69,105,252,249,250,180)( 70, 72, 89,112,109,110,107)( 73, 75, 77, 79, 81,
          83, 85)( 74, 76, 78, 80, 82, 84, 86)( 90, 91, 92, 94,132,129,111)( 95, 97, 99,100,151,134,131)
        (101,102,501,498,493,149,150)(103,104,529,530,549,521,500)(106,108,152,308,309,306,251)(113,115,117,119,121,
         123,125)(114,116,118,120,122,124,126)(127,128,130,133,172,173,170)(135,137,139,141,143,145,147)
        (136,138,140,142,144,146,148)(153,155,157,159,161,163,165)(154,156,158,160,162,164,166)(167,168,169,171,355,
         354,353)(174,175,176,253,261,283,215)(177,178,179,248,260,258,255)(181,183,185,187,189,191,193)
        (182,184,186,188,190,192,194)(195,196,197,198,223,220,217)(199,214,282,284,285,289,222)(200,202,204,206,208,
         210,212)(201,203,205,207,209,211,213)(216,218,246,244,242,243,226)(219,221,288,577,578,594,245)
        (227,229,231,233,235,237,239)(228,230,232,234,236,238,240)(254,256,281,278,279,276,277)(257,259,330,331,332,
         352,280)(262,264,266,268,270,272,274)(263,265,267,269,271,273,275)(286,287,419,420,421,554,552)
        (290,292,294,296,298,300,302)(291,293,295,297,299,301,303)(304,305,307,329,327,324,325)(310,312,314,316,318,
         320,322)(311,313,315,317,319,321,323)(326,328,356,375,376,359,335)(333,334,377,396,418,350,351)
        (336,338,340,342,344,346,348)(337,339,341,343,345,347,349)(357,358,360,437,441,465,395)(361,363,365,367,369,
         371,373)(362,364,366,368,370,372,374)(378,379,380,416,417,400,397)(381,383,385,387,389,391,393)
        (382,384,386,388,390,392,394)(398,399,401,488,607,604,436)(402,404,406,408,410,412,414)(403,405,407,409,411,
         413,415)(422,424,426,428,430,432,434)(423,425,427,429,431,433,435)(438,439,440,462,463,446,443)
        (442,444,487,484,485,468,464)(445,447,494,523,525,526,486)(448,450,452,454,456,458,460)(449,451,453,455,457,
         459,461)(466,467,469,679,681,606,489)(470,472,474,476,478,480,482)(471,473,475,477,479,481,483)
        (490,491,492,496,502,524,495)(497,499,522,519,520,517,518)(503,505,507,509,511,513,515)(504,506,508,510,512,
         514,516)(527,528,657,658,659,678,676)(531,532,643,645,650,547,548)(533,535,537,539,541,543,545)
        (534,536,538,540,542,544,546)(550,551,553,575,576,559,556)(555,557,601,598,595,596,579)(558,560,608,655,652,
         653,600)(561,563,565,567,569,571,573)(562,564,566,568,570,572,574)(580,582,584,586,588,590,592)
        (581,583,585,587,589,591,593)(597,599,651,656,647,648,628)(602,603,605,682,684,654,609)(610,612,614,616,618,
         620,622)(611,613,615,617,619,621,623)(624,625,626,627,649,646,644)(629,631,633,635,637,639,641)
        (630,632,634,636,638,640,642)(660,662,664,666,668,670,672)(661,663,665,667,669,671,673)(674,675,677,699,700,
         683,680)(685,687,689,691,693,695,697)(686,688,690,692,694,696,698) ), rec(
      invers := (  1, 28)(  2,211)(  3,170)(  4,163)(  5,158)(  6,  7)(  8, 74)(  9, 10)( 11, 12)( 13,118)( 14, 27)
        ( 15, 91)( 16, 21)( 17, 95)( 18, 20)( 19, 22)( 23, 26)( 24, 94)( 25, 29)( 30, 31)( 32, 39)( 33, 34)( 35, 73)
        ( 36, 37)( 38,223)( 40,101)( 41,105)( 42, 55)( 43,497)( 44, 49)( 45,103)( 46, 48)( 47, 50)( 51, 54)( 52,102)
        ( 53, 56)( 57,609)( 58, 71)( 59,551)( 60, 65)( 61,549)( 62, 64)( 63, 66)( 67, 70)( 68,548)( 69, 72)( 75,193)
        ( 76, 77)( 78,106)( 79,116)( 80, 93)( 81,140)( 82, 87)( 83,109)( 84, 86)( 85, 88)( 89, 92)( 90,108)( 96,127)
        ( 97,120)( 98,115)( 99,100)(104,499)(107,233)(110,151)(111,144)(112,126)(113,117)(114,129)(119,124)(121,123)
        (122,125)(128,142)(130,157)(131,132)(133,509)(134,152)(135,305)(136,150)(137,141)(138,350)(139,153)(143,148)
        (145,147)(146,149)(154,155)(156,355)(159,196)(160,173)(161,213)(162,167)(164,166)(165,168)(169,172)(171,198)
        (174,175)(176,234)(177,289)(178,191)(179,239)(180,185)(181,237)(182,184)(183,186)(187,190)(188,236)(189,192)
        (194,222)(195,215)(197,206)(199,246)(200,210)(201,202)(203,281)(204,274)(205,269)(207,221)(208,212)(209,224)
        (214,219)(216,218)(217,220)(225,620)(226,613)(227,628)(228,272)(229,611)(230,298)(231,291)(232,286)(235,240)
        (238,245)(241,252)(242,345)(243,338)(244,333)(247,264)(248,262)(249,253)(250,285)(251,265)(254,336)(255,260)
        (256,268)(257,259)(258,261)(263,267)(266,569)(270,630)(271,284)(273,278)(275,277)(276,279)(280,283)(282,596)
        (287,327)(288,301)(290,295)(292,294)(293,296)(297,300)(299,306)(302,303)(304,326)(307,383)(308,321)(309,331)
        (310,315)(311,329)(312,314)(313,316)(317,320)(318,328)(319,322)(323,324)(325,356)(330,349)(332,385)(334,422)
        (335,348)(337,342)(339,341)(340,343)(344,347)(346,420)(351,363)(352,490)(353,483)(354,478)(357,375)(358,394)
        (359,387)(360,361)(362,443)(364,377)(365,481)(366,371)(367,446)(368,370)(369,372)(373,376)(374,445)(378,395)
        (379,397)(380,393)(381,384)(382,417)(386,391)(388,390)(389,392)(396,405)(398,421)(399,400)(401,442)(402,403)
        (404,476)(406,419)(407,463)(408,413)(409,456)(410,412)(411,414)(415,418)(416,455)(423,424)(425,573)(426,686)
        (427,440)(428,591)(429,434)(430,595)(431,433)(432,435)(436,439)(437,594)(438,441)(444,447)(448,474)(449,467)
        (450,462)(451,452)(453,479)(454,465)(457,475)(458,680)(459,473)(460,464)(461,529)(466,471)(468,470)(469,472)
        (477,607)(480,493)(482,487)(484,486)(485,488)(489,492)(491,512)(494,495)(496,514)(498,511)(500,505)(501,517)
        (502,504)(503,506)(507,510)(508,516)(513,525)(515,519)(518,524)(520,531)(521,564)(522,557)(523,552)(526,543)
        (527,541)(528,532)(530,544)(533,555)(534,539)(535,547)(536,538)(537,540)(542,546)(545,674)(550,568)(553,655)
        (554,567)(556,561)(558,560)(559,562)(563,566)(565,649)(570,574)(571,572)(575,597)(576,577)(578,603)(579,684)
        (580,593)(581,659)(582,587)(583,652)(584,586)(585,588)(589,592)(590,651)(598,639)(599,632)(600,627)(601,602)
        (604,695)(605,688)(606,683)(608,640)(610,623)(612,617)(614,616)(615,618)(619,622)(621,641)(624,638)(625,629)
        (626,648)(631,636)(633,635)(634,637)(642,643)(644,650)(645,646)(647,653)(654,671)(656,657)(658,678)(660,673)
        (661,696)(662,667)(663,700)(664,666)(665,668)(669,672)(670,699)(675,679)(676,677)(681,682)(685,698)(687,692)
        (689,691)(690,693)(694,697),
      nbP := 700,
      next := (  1, 38, 36, 33, 30, 26, 27)(  2, 28, 11,  9,  6,  3,  4)(  5,  7, 74,193,190,191,174)
        (  8, 10, 94, 95, 92, 93, 76)( 12, 14, 16, 18, 20, 22, 24)( 13, 15, 17, 19, 21, 23, 25)( 29, 31, 39,101, 99,
          96, 97)( 32, 34, 73, 70, 71, 54, 55)( 35, 37,207,208,224,229, 72)( 40, 42, 44, 46, 48, 50, 52)
        ( 41, 43, 45, 47, 49, 51, 53)( 56, 58, 60, 62, 64, 66, 68)( 57, 59, 61, 63, 65, 67, 69)( 75, 77,106,233,230,
         231,192)( 78, 80, 82, 84, 86, 88, 90)( 79, 81, 83, 85, 87, 89, 91)( 98,100,102,103,133,131,114)
        (104,105,548,549,568,523,518)(107,108,109,134,305,302,232)(110,111,112,113,129,157,154)(115,117,119,121,123,
         125,127)(116,118,120,122,124,126,128)(130,132,510,511,494,354,156)(135,136,137,350,357,325,304)
        (138,153,155,355,352,353,351)(139,141,143,145,147,149,151)(140,142,144,146,148,150,152)(158,160,162,164,166,
         168,170)(159,161,163,165,167,169,171)(172,173,175,234,240,247,199)(176,178,180,182,184,186,188)
        (177,179,181,183,185,187,189)(194,195,196,206,203,204,201)(197,198,246,248,249,285,205)(200,202,228,227,225,
         226,209)(210,212,214,216,218,220,222)(211,213,215,217,219,221,223)(235,236,237,245,242,243,241)
        (238,239,327,328,329,349,244)(250,265,569,574,597,283,284)(251,253,255,257,259,261,263)(252,254,256,258,260,
         262,264)(266,267,268,422,424,573,571)(269,271,273,275,277,279,281)(270,272,274,276,278,280,282)
        (286,288,290,292,294,296,298)(287,289,291,293,295,297,299)(300,301,303,326,323,320,321)(306,308,310,312,314,
         316,318)(307,309,311,313,315,317,319)(322,324,356,376,377,360,332)(330,331,378,397,421,347,348)
        (333,335,337,339,341,343,345)(334,336,338,340,342,344,346)(358,359,361,443,447,454,396)(362,364,366,368,370,
         372,374)(363,365,367,369,371,373,375)(379,380,381,418,419,402,399)(382,384,386,388,390,392,394)
        (383,385,387,389,391,393,395)(398,400,442,439,440,423,420)(401,403,476,607,604,605,441)(404,406,408,410,412,
         414,416)(405,407,409,411,413,415,417)(425,427,429,431,433,435,437)(426,428,430,432,434,436,438)
        (444,445,446,453,451,448,449)(450,452,512,525,527,528,461)(455,456,457,680,682,606,477)(458,459,460,529,544,
         674,679)(462,464,466,468,470,472,474)(463,465,467,469,471,473,475)(478,480,482,484,486,488,490)
        (479,481,483,485,487,489,491)(492,493,495,514,519,526,513)(496,498,500,502,504,506,508)(497,499,501,503,505,
         507,509)(515,516,517,524,521,522,520)(530,532,534,536,538,540,542)(531,533,535,537,539,541,543)
        (545,546,547,655,657,678,676)(550,551,641,643,650,566,567)(552,554,556,558,560,562,564)(553,555,557,559,561,
         563,565)(570,572,594,595,592,593,576)(575,577,603,601,598,599,596)(578,580,582,584,586,588,590)
        (579,581,583,585,587,589,591)(600,602,651,652,654,647,626)(608,610,612,614,616,618,620)(609,611,613,615,617,
         619,621)(622,623,624,625,648,645,642)(627,629,631,633,635,637,639)(628,630,632,634,636,638,640)
        (644,646,653,672,673,656,649)(658,660,662,664,666,668,670)(659,661,663,665,667,669,671)(675,677,699,700,697,
         698,681)(683,685,687,689,691,693,695)(684,686,688,690,692,694,696) ), rec(
      invers := (  1, 15)(  2,  6)(  3, 50)(  4, 18)(  5, 25)(  7, 23)(  8, 13)(  9, 21)( 10, 12)( 11, 14)( 16, 20)
        ( 17, 92)( 19,181)( 22,176)( 24, 73)( 26, 80)( 27, 82)( 28, 29)( 30, 51)( 31, 32)( 33, 34)( 35,610)( 36, 49)
        ( 37, 68)( 38, 43)( 39, 72)( 40, 42)( 41, 44)( 45, 48)( 46, 71)( 47,223)( 52,118)( 53, 54)( 55,124)( 56,608)
        ( 57, 70)( 58,638)( 59, 64)( 60,535)( 61, 63)( 62, 65)( 66, 69)( 67,534)( 74,137)( 75,130)( 76,125)( 77, 78)
        ( 79, 95)( 81, 94)( 83, 88)( 84, 98)( 85, 87)( 86, 89)( 90, 93)( 91, 97)( 96,146)( 99,100)(101,165)(102,506)
        (103,116)(104,169)(105,110)(106,167)(107,109)(108,111)(112,115)(113,166)(114,117)(119,515)(120,508)(121,503)
        (122,123)(126,257)(127,140)(128,180)(129,134)(131,133)(132,135)(136,139)(138,233)(141,142)(143,159)(144,152)
        (145,147)(148,172)(149,162)(150,170)(151,156)(153,155)(154,157)(158,161)(160,337)(163,164)(168,175)(171,293)
        (173,325)(174,327)(177,247)(178,240)(179,255)(182,187)(183,184)(185,220)(186,238)(188,224)(189,190)(191,230)
        (192,287)(193,206)(194,572)(195,200)(196,565)(197,199)(198,201)(202,205)(203,564)(204,207)(208,236)(209,222)
        (210,278)(211,216)(212,280)(213,215)(214,217)(218,221)(219,279)(225,619)(226,612)(227,607)(228,229)(231,266)
        (232,259)(234,288)(235,267)(237,250)(239,244)(241,243)(242,245)(246,249)(248,270)(251,265)(252,256)(253,277)
        (254,268)(258,263)(260,262)(261,264)(269,315)(271,272)(273,286)(274,275)(276,319)(281,282)(283,423)(284,416)
        (285,411)(289,294)(290,291)(292,314)(295,316)(296,370)(297,310)(298,397)(299,304)(300,318)(301,303)(302,305)
        (306,309)(307,317)(308,346)(311,355)(312,348)(313,343)(320,409)(321,335)(322,326)(323,359)(324,338)(328,333)
        (329,341)(330,332)(331,334)(336,340)(339,435)(342,479)(344,372)(345,358)(347,352)(349,351)(350,353)(354,357)
        (356,362)(360,381)(361,374)(363,430)(364,408)(365,401)(366,380)(367,371)(368,392)(369,383)(373,378)(375,377)
        (376,379)(382,399)(384,471)(385,396)(386,387)(388,429)(389,390)(391,477)(393,407)(394,398)(395,410)(400,405)
        (402,404)(403,406)(412,540)(413,426)(414,538)(415,420)(417,419)(418,421)(422,425)(424,560)(427,548)(428,550)
        (431,436)(432,433)(434,470)(437,472)(438,476)(439,452)(440,590)(441,446)(442,474)(443,445)(444,447)(448,451)
        (449,473)(450,453)(454,485)(455,468)(456,525)(457,462)(458,527)(459,461)(460,463)(464,467)(465,526)(466,469)
        (475,592)(478,602)(480,496)(481,489)(482,504)(483,487)(484,516)(486,499)(488,493)(490,492)(491,494)(495,498)
        (497,517)(500,514)(501,505)(502,524)(507,512)(509,511)(510,513)(518,519)(520,533)(521,522)(523,536)(528,529)
        (530,671)(531,664)(532,659)(537,650)(539,541)(542,583)(543,576)(544,571)(545,546)(547,605)(549,562)(551,556)
        (552,586)(553,555)(554,557)(558,561)(559,585)(563,574)(566,584)(567,626)(568,582)(569,573)(570,651)(575,580)
        (577,579)(578,581)(587,588)(589,682)(591,604)(593,598)(594,681)(595,597)(596,599)(600,603)(601,680)(606,655)
        (609,622)(611,616)(613,615)(614,617)(618,621)(620,640)(623,624)(625,633)(627,649)(628,642)(629,637)(630,631)
        (632,656)(634,648)(635,639)(636,658)(641,646)(643,645)(644,647)(652,697)(653,690)(654,685)(657,688)(660,678)
        (661,674)(662,676)(663,668)(665,667)(666,669)(670,673)(672,698)(675,686)(677,679)(683,684)(687,700)(689,694)
        (691,693)(692,695)(696,699),
      nbP := 700,
      next := (  1,  2, 50, 33, 31, 28, 26)(  3, 18,181,187,224, 48, 49)(  4,  6,  8, 10, 12, 14, 16)
        (  5,  7,  9, 11, 13, 15, 17)( 19, 20, 21,176,186,185,183)( 22, 23, 73,180,179,177,178)( 24, 25, 93, 94, 77,
          74, 75)( 27, 29, 51,118,115,116, 99)( 30, 32, 71, 72, 69, 70, 53)( 34, 36, 38, 40, 42, 44, 46)
        ( 35, 37, 39, 41, 43, 45, 47)( 52, 54,124,122,119,120,117)( 55, 57, 59, 61, 63, 65, 67)( 56, 58, 60, 62, 64,
          66, 68)( 76, 78, 95,146,143,144,141)( 79, 81, 83, 85, 87, 89, 91)( 80, 82, 84, 86, 88, 90, 92)
        ( 96, 97, 98,100,165,163,145)(101,103,105,107,109,111,113)(102,104,106,108,110,112,114)(121,123,534,535,537,
         523,502)(125,127,129,131,133,135,137)(126,128,130,132,134,136,138)(139,140,142,170,293,290,234)
        (147,149,151,153,155,157,159)(148,150,152,154,156,158,160)(161,162,164,166,167,175,173)(168,169,482,480,481,
         342,174)(171,172,321,322,359,313,292)(182,184,221,222,205,206,189)(188,190,230,228,225,226,223)
        (191,193,195,197,199,201,203)(192,194,196,198,200,202,204)(207,209,211,213,215,217,219)(208,210,212,214,216,
         218,220)(227,229,564,565,566,626,623)(231,232,233,288,294,316,269)(235,237,239,241,243,245,247)
        (236,238,240,242,244,246,248)(249,250,251,252,277,274,271)(253,268,315,317,318,320,276)(254,256,258,260,262,
         264,266)(255,257,259,261,263,265,267)(270,272,286,283,284,281,278)(273,275,319,393,394,410,285)
        (279,280,282,538,541,563,287)(289,291,314,311,312,309,310)(295,297,299,301,303,305,307)(296,298,300,302,304,
         306,308)(323,338,435,432,363,357,358)(324,326,328,330,332,334,336)(325,327,329,331,333,335,337)
        (339,340,341,479,483,469,434)(343,345,347,349,351,353,355)(344,346,348,350,352,354,356)(360,361,362,430,436,
         472,384)(364,365,366,367,392,389,386)(368,383,471,473,474,478,391)(369,371,373,375,377,379,381)
        (370,372,374,376,378,380,382)(385,387,429,427,425,426,395)(388,390,477,603,604,587,428)(396,398,400,402,404,
         406,408)(397,399,401,403,405,407,409)(411,413,415,417,419,421,423)(412,414,416,418,420,422,424)
        (431,433,470,467,468,451,452)(437,439,441,443,445,447,449)(438,440,442,444,446,448,450)(453,455,457,459,461,
         463,465)(454,456,458,460,462,464,466)(475,476,526,527,529,676,679)(484,486,488,490,492,494,496)
        (485,487,489,491,493,495,497)(498,499,500,501,524,521,518)(503,505,507,509,511,513,515)(504,506,508,510,512,
         514,516)(517,519,533,530,531,528,525)(520,522,536,634,635,658,532)(539,540,561,562,545,542,543)
        (544,546,605,655,652,653,570)(547,549,551,553,555,557,559)(548,550,552,554,556,558,560)(567,568,569,651,657,
         632,625)(571,573,575,577,579,581,583)(572,574,576,578,580,582,584)(585,586,588,682,684,654,606)
        (589,591,593,595,597,599,601)(590,592,594,596,598,600,602)(607,609,611,613,615,617,619)(608,610,612,614,616,
         618,620)(621,622,624,633,630,627,628)(629,631,656,675,673,674,636)(637,639,641,643,645,647,649)
        (638,640,642,644,646,648,650)(659,661,663,665,667,669,671)(660,662,664,666,668,670,672)(677,678,699,700,683,
         680,681)(685,687,689,691,693,695,697)(686,688,690,692,694,696,698) ), rec(
      invers := (  1, 28)(  2, 52)(  3,  4)(  5,199)(  6, 87)(  7, 80)(  8, 75)(  9, 10)( 11, 12)( 13,137)( 14, 27)
        ( 15,106)( 16, 21)( 17,110)( 18, 20)( 19, 22)( 23, 26)( 24,109)( 25, 29)( 30, 31)( 32, 53)( 33, 34)( 35, 36)
        ( 37,596)( 38, 51)( 39, 70)( 40, 45)( 41, 74)( 42, 44)( 43, 46)( 47, 50)( 48, 73)( 49,236)( 54,117)( 55, 56)
        ( 57,124)( 58,594)( 59, 72)( 60,624)( 61, 66)( 62,537)( 63, 65)( 64, 67)( 68, 71)( 69,536)( 76,191)( 77, 90)
        ( 78,201)( 79, 84)( 81, 83)( 82, 85)( 86, 89)( 88,256)( 91, 92)( 93,125)( 94,135)( 95,108)( 96,172)( 97,102)
        ( 98,128)( 99,101)(100,103)(104,107)(105,127)(111,146)(112,139)(113,134)(114,115)(116,118)(119,504)(120,497)
        (121,492)(122,123)(126,249)(129,183)(130,176)(131,145)(132,136)(133,148)(138,143)(140,142)(141,144)(147,174)
        (149,188)(150,484)(151,164)(152,459)(153,158)(154,341)(155,157)(156,159)(160,163)(161,340)(162,493)(165,495)
        (166,184)(167,307)(168,182)(169,173)(170,335)(171,185)(175,180)(177,179)(178,181)(186,187)(189,210)(190,203)
        (192,258)(193,211)(194,214)(195,209)(196,200)(197,235)(198,212)(202,207)(204,206)(205,208)(213,293)(215,237)
        (216,217)(218,243)(219,557)(220,233)(221,580)(222,227)(223,582)(224,226)(225,228)(229,232)(230,581)(231,234)
        (238,605)(239,598)(240,593)(241,242)(244,267)(245,260)(246,247)(248,302)(250,268)(251,271)(252,266)(253,257)
        (254,292)(255,269)(259,264)(261,263)(262,265)(270,329)(272,294)(273,299)(274,287)(275,547)(276,281)(277,296)
        (278,280)(279,282)(283,286)(284,295)(285,288)(289,290)(291,333)(297,556)(298,549)(300,410)(301,545)(303,308)
        (304,305)(306,328)(309,330)(310,369)(311,324)(312,396)(313,318)(314,332)(315,317)(316,319)(320,323)(321,331)
        (322,345)(325,354)(326,347)(327,342)(334,408)(336,358)(337,338)(339,457)(343,371)(344,357)(346,351)(348,350)
        (349,352)(353,356)(355,361)(359,380)(360,373)(362,431)(363,407)(364,400)(365,379)(366,370)(367,391)(368,382)
        (372,377)(374,376)(375,378)(381,398)(383,472)(384,395)(385,386)(387,430)(388,389)(390,479)(392,406)(393,397)
        (394,409)(399,404)(401,403)(402,405)(411,412)(413,543)(414,686)(415,428)(416,575)(417,422)(418,579)(419,421)
        (420,423)(424,427)(425,578)(426,429)(432,436)(433,434)(435,469)(437,473)(438,678)(439,452)(440,477)(441,446)
        (442,475)(443,445)(444,447)(448,451)(449,474)(450,453)(454,455)(456,485)(458,471)(460,465)(461,483)(462,464)
        (463,466)(467,470)(468,482)(476,481)(478,666)(480,592)(486,528)(487,505)(488,506)(489,503)(490,494)(491,527)
        (496,501)(498,500)(499,502)(507,529)(508,534)(509,522)(510,668)(511,516)(512,531)(513,515)(514,517)(518,521)
        (519,530)(520,523)(524,525)(526,538)(532,677)(533,670)(535,642)(539,636)(540,544)(541,542)(546,559)(548,553)
        (550,552)(551,554)(555,558)(560,561)(562,588)(563,684)(564,577)(565,646)(566,571)(567,638)(568,570)(569,572)
        (573,576)(574,637)(583,584)(585,612)(586,587)(589,695)(590,688)(591,683)(595,608)(597,602)(599,601)(600,603)
        (604,607)(606,626)(609,610)(611,619)(613,635)(614,628)(615,623)(616,617)(618,639)(620,634)(621,625)(622,641)
        (627,632)(629,631)(630,633)(640,658)(643,644)(645,664)(647,660)(648,696)(649,654)(650,700)(651,653)(652,655)
        (656,659)(657,699)(661,665)(662,663)(667,680)(669,674)(671,673)(672,675)(676,679)(681,682)(685,698)(687,692)
        (689,691)(690,693)(694,697),
      nbP := 700,
      next := (  1, 52, 35, 33, 30, 26, 27)(  2,  4,193,214,237, 50, 51)(  3, 28, 11,  9,  6,  7,  5)
        (  8, 10,109,110,107,108, 91)( 12, 14, 16, 18, 20, 22, 24)( 13, 15, 17, 19, 21, 23, 25)( 29, 31, 53,117,114,
         111,112)( 32, 34, 73, 74, 71, 72, 55)( 36, 38, 40, 42, 44, 46, 48)( 37, 39, 41, 43, 45, 47, 49)
        ( 54, 56,124,122,119,120,116)( 57, 59, 61, 63, 65, 67, 69)( 58, 60, 62, 64, 66, 68, 70)( 75, 77, 79, 81, 83,
          85, 87)( 76, 78, 80, 82, 84, 86, 88)( 89, 90, 92,125,249,246,192)( 93, 95, 97, 99,101,103,105)
        ( 94, 96, 98,100,102,104,106)(113,115,118,165,163,164,133)(121,123,536,537,539,526,491)(126,127,128,166,307,
         304,248)(129,130,131,132,148,188,186)(134,136,138,140,142,144,146)(135,137,139,141,143,145,147)
        (149,151,153,155,157,159,161)(150,152,154,156,158,160,162)(167,168,169,335,358,327,306)(170,185,187,340,341,
         339,337)(171,173,175,177,179,181,183)(172,174,176,178,180,182,184)(189,190,191,250,271,294,213)
        (194,195,196,235,232,233,216)(197,212,293,295,296,301,234)(198,200,202,204,206,208,210)(199,201,203,205,207,
         209,211)(215,217,243,241,238,239,236)(218,220,222,224,226,228,230)(219,221,223,225,227,229,231)
        (240,242,581,582,584,612,609)(244,245,247,302,308,330,270)(251,252,253,292,289,286,287)(254,269,329,331,332,
         334,291)(255,257,259,261,263,265,267)(256,258,260,262,264,266,268)(272,274,276,278,280,282,284)
        (273,275,277,279,281,283,285)(288,290,333,392,393,409,300)(297,298,299,410,412,543,541)(303,305,328,325,326,
         323,324)(309,311,313,315,317,319,321)(310,312,314,316,318,320,322)(336,338,435,433,362,356,357)
        (342,344,346,348,350,352,354)(343,345,347,349,351,353,355)(359,360,361,431,436,473,383)(363,364,365,366,391,
         388,385)(367,382,472,474,475,481,390)(368,370,372,374,376,378,380)(369,371,373,375,377,379,381)
        (384,386,430,427,428,411,394)(387,389,479,592,589,590,429)(395,397,399,401,403,405,407)(396,398,400,402,404,
         406,408)(413,415,417,419,421,423,425)(414,416,418,420,422,424,426)(432,434,470,471,454,451,452)
        (437,439,441,443,445,447,449)(438,440,442,444,446,448,450)(453,455,485,528,530,531,478)(456,458,460,462,464,
         466,468)(457,459,461,463,465,467,469)(476,477,679,680,682,591,480)(482,483,484,487,506,529,486)
        (488,489,490,527,524,521,522)(492,494,496,498,500,502,504)(493,495,497,499,501,503,505)(507,509,511,513,515,
         517,519)(508,510,512,514,516,518,520)(523,525,538,620,621,641,535)(532,533,534,642,644,664,662)
        (540,542,578,579,576,577,560)(544,546,548,550,552,554,556)(545,547,549,551,553,555,557)(558,559,561,588,586,
         583,580)(562,564,566,568,570,572,574)(563,565,567,569,571,573,575)(585,587,637,638,640,618,611)
        (593,595,597,599,601,603,605)(594,596,598,600,602,604,606)(607,608,610,619,616,613,614)(615,617,639,659,660,
         643,622)(623,625,627,629,631,633,635)(624,626,628,630,632,634,636)(645,647,649,651,653,655,657)
        (646,648,650,652,654,656,658)(661,663,699,700,697,698,681)(665,667,669,671,673,675,677)(666,668,670,672,674,
         676,678)(683,685,687,689,691,693,695)(684,686,688,690,692,694,696) ), rec(
      invers := (  1, 43)(  2, 36)(  3, 21)(  4,162)(  5, 19)(  6, 10)(  7,154)(  8, 22)(  9, 34)( 11, 74)( 12, 17)
        ( 13, 25)( 14, 16)( 15, 18)( 20, 24)( 23, 54)( 26, 97)( 27, 90)( 28, 42)( 29, 33)( 30, 53)( 31, 45)( 32, 62)
        ( 35, 40)( 37, 39)( 38, 41)( 44, 88)( 46,204)( 47,106)( 48,115)( 49,108)( 50, 51)( 52,226)( 55,161)( 56, 57)
        ( 58,118)( 59, 60)( 61, 77)( 63, 76)( 64, 86)( 65, 70)( 66, 80)( 67, 69)( 68, 71)( 72, 75)( 73, 79)( 78,123)
        ( 81, 98)( 82,143)( 83, 96)( 84, 87)( 85,104)( 89, 94)( 91, 93)( 92, 95)( 99,116)(100,149)(101,114)(102,105)
        (103,538)(107,112)(109,111)(110,113)(117,540)(119,244)(120,136)(121,129)(122,124)(125,340)(126,139)(127,232)
        (128,133)(130,132)(131,134)(135,138)(137,377)(140,141)(142,144)(145,153)(146,147)(148,510)(150,386)(151,379)
        (152,374)(155,259)(156,252)(157,247)(158,159)(160,229)(163,168)(164,165)(166,201)(167,250)(169,205)(170,210)
        (171,184)(172,209)(173,178)(174,207)(175,177)(176,179)(180,183)(181,206)(182,185)(186,187)(188,327)(189,248)
        (190,203)(191,304)(192,197)(193,306)(194,196)(195,198)(199,202)(200,305)(208,228)(211,616)(212,225)(213,643)
        (214,219)(215,641)(216,218)(217,220)(221,224)(222,640)(223,615)(227,581)(230,279)(231,267)(233,246)(234,352)
        (235,240)(236,331)(237,239)(238,241)(242,245)(243,330)(249,262)(251,256)(253,255)(254,257)(258,261)(260,282)
        (263,264)(265,301)(266,289)(268,281)(269,329)(270,275)(271,333)(272,274)(273,276)(277,280)(278,332)(283,284)
        (285,326)(286,287)(288,365)(290,303)(291,355)(292,297)(293,357)(294,296)(295,298)(299,302)(300,356)(307,308)
        (309,584)(310,406)(311,324)(312,608)(313,318)(314,587)(315,317)(316,319)(320,323)(321,586)(322,325)(328,611)
        (334,335)(336,364)(337,338)(339,388)(341,354)(342,375)(343,348)(344,368)(345,347)(346,349)(350,353)(351,367)
        (358,359)(360,395)(361,362)(363,390)(366,422)(369,387)(370,445)(371,385)(372,376)(373,506)(378,383)(380,382)
        (381,384)(389,394)(391,438)(392,431)(393,426)(396,402)(397,398)(399,479)(400,472)(401,429)(403,423)(404,596)
        (405,418)(407,412)(408,425)(409,411)(410,413)(414,417)(415,424)(416,493)(419,502)(420,495)(421,470)(427,467)
        (428,441)(430,435)(432,434)(433,436)(437,440)(439,446)(442,443)(444,466)(447,448)(449,489)(450,513)(451,464)
        (452,553)(453,458)(454,555)(455,457)(456,459)(460,463)(461,554)(462,465)(468,490)(469,482)(471,476)(473,475)
        (474,477)(478,481)(480,483)(484,485)(486,679)(487,488)(491,598)(492,505)(494,499)(496,498)(497,500)(501,504)
        (503,636)(507,524)(508,517)(509,512)(511,515)(514,527)(516,521)(518,520)(519,522)(523,526)(525,531)(528,529)
        (530,550)(532,533)(534,575)(535,536)(537,582)(539,552)(541,546)(542,577)(543,545)(544,547)(548,551)(549,576)
        (556,557)(558,674)(559,651)(560,573)(561,698)(562,567)(563,677)(564,566)(565,568)(569,572)(570,676)(571,574)
        (578,579)(580,645)(583,666)(585,588)(589,613)(590,591)(592,633)(593,594)(595,638)(597,610)(599,604)(600,635)
        (601,603)(602,605)(606,609)(607,634)(612,614)(617,688)(618,631)(619,661)(620,625)(621,665)(622,624)(623,626)
        (627,630)(628,664)(629,632)(637,682)(639,671)(642,644)(646,647)(648,667)(649,686)(650,663)(652,657)(653,673)
        (654,656)(655,658)(659,662)(660,672)(668,697)(669,690)(670,685)(675,678)(680,681)(683,684)(687,700)(689,694)
        (691,693)(692,695)(696,699),
      nbP := 700,
      next := (  1,  2,  3,162,168,205, 46)(  4,  5,  6,154,167,166,164)(  7, 22, 54,161,158,155,156)
        (  8, 10, 12, 14, 16, 18, 20)(  9, 11, 13, 15, 17, 19, 21)( 23, 24, 25, 75, 76, 59, 56)( 26, 27, 28, 29, 53,
          50, 47)( 30, 45,204,206,207,228, 52)( 31, 33, 35, 37, 39, 41, 43)( 32, 34, 36, 38, 40, 42, 44)
        ( 48, 49, 51,226,581,578,117)( 55, 57,118,245,246,230,160)( 58, 60, 77,123,120,121,119)( 61, 63, 65, 67, 69,
          71, 73)( 62, 64, 66, 68, 70, 72, 74)( 78, 79, 80, 81,143,140,122)( 82, 83, 84, 99,149,146,142)
        ( 85, 87, 89, 91, 93, 95, 97)( 86, 88, 90, 92, 94, 96, 98)(100,101,102,530,528,509,148)(103,105,107,109,111,
         113,115)(104,106,108,110,112,114,116)(124,126,128,130,132,134,136)(125,127,129,131,133,135,137)
        (138,139,141,144,153,150,151)(145,147,510,507,508,373,152)(157,159,229,280,281,265,263)(163,165,202,203,186,
         183,184)(169,171,173,175,177,179,181)(170,172,174,176,178,180,182)(185,187,327,611,614,224,225)
        (188,190,192,194,196,198,200)(189,191,193,195,197,199,201)(208,209,640,641,644,580,227)(210,212,214,216,218,
         220,222)(211,213,215,217,219,221,223)(231,233,235,237,239,241,243)(232,234,236,238,240,242,244)
        (247,249,251,253,255,257,259)(248,250,252,254,256,258,260)(261,262,264,302,303,286,283)(266,268,270,272,274,
         276,278)(267,269,271,273,275,277,279)(282,284,326,323,324,307,304)(285,287,365,422,424,425,325)
        (288,290,292,294,296,298,300)(289,291,293,295,297,299,301)(305,306,308,584,588,613,328)(309,311,313,315,317,
         319,321)(310,312,314,316,318,320,322)(329,330,331,353,354,337,334)(332,333,335,364,361,358,355)
        (336,338,388,394,391,392,363)(339,341,343,345,347,349,351)(340,342,344,346,348,350,352)(356,357,359,395,402,
         423,366)(360,362,390,401,399,400,397)(367,368,369,445,442,393,389)(370,371,372,506,511,465,444)
        (374,376,378,380,382,384,386)(375,377,379,381,383,385,387)(396,398,421,419,420,417,418)(403,405,407,409,411,
         413,415)(404,406,408,410,412,414,416)(426,428,430,432,434,436,438)(427,429,431,433,435,437,439)
        (440,441,443,466,463,464,447)(446,448,489,487,484,481,482)(449,451,453,455,457,459,461)(450,452,454,456,458,
         460,462)(467,469,471,473,475,477,479)(468,470,472,474,476,478,480)(483,485,679,681,637,504,505)
        (486,488,554,555,557,674,678)(490,492,494,496,498,500,502)(491,493,495,497,499,501,503)(512,514,516,518,520,
         522,524)(513,515,517,519,521,523,525)(526,527,529,551,552,535,532)(531,533,575,572,573,556,553)
        (534,536,582,666,672,673,574)(537,539,541,543,545,547,549)(538,540,542,544,546,548,550)(558,560,562,564,566,
         568,570)(559,561,563,565,567,569,571)(576,577,579,645,647,667,583)(585,586,587,609,610,593,590)
        (589,591,633,630,631,615,612)(592,594,638,671,668,669,632)(595,597,599,601,603,605,607)(596,598,600,602,604,
         606,608)(616,618,620,622,624,626,628)(617,619,621,623,625,627,629)(634,635,636,682,684,670,639)
        (642,643,664,665,662,663,646)(648,650,652,654,656,658,660)(649,651,653,655,657,659,661)(675,676,677,699,700,
         683,680)(685,687,689,691,693,695,697)(686,688,690,692,694,696,698) ), rec(
      invers := (  1,212)(  2, 15)(  3,  6)(  4,162)(  5, 39)(  7, 22)(  8, 13)(  9, 20)( 10, 12)( 11, 14)( 16, 19)
        ( 17,210)( 18,164)( 21, 89)( 23, 37)( 24, 28)( 25, 93)( 26, 40)( 27,222)( 29, 45)( 30, 35)( 31, 43)( 32, 34)
        ( 33, 36)( 38, 42)( 41, 46)( 44, 67)( 47, 98)( 48, 49)( 50,105)( 51,626)( 52, 65)( 53,566)( 54, 59)( 55,564)
        ( 56, 58)( 57, 60)( 61, 64)( 62,563)( 63, 66)( 68,173)( 69,166)( 70, 71)( 72,106)( 73,118)( 74, 87)( 75,111)
        ( 76, 81)( 77,109)( 78, 80)( 79, 82)( 83, 86)( 84,108)( 85, 88)( 90,120)( 91,129)( 92,122)( 94,117)( 95, 96)
        ( 97, 99)(100,531)(101,524)(102,519)(103,104)(107,236)(110,135)(112,130)(113,155)(114,128)(115,119)(116,131)
        (121,126)(123,125)(124,127)(132,509)(133,502)(134,522)(136,308)(137,390)(138,151)(139,372)(140,145)(141,330)
        (142,144)(143,146)(147,150)(148,329)(149,359)(152,361)(153,370)(154,363)(156,500)(157,174)(158,184)(159,172)
        (160,163)(161,243)(165,170)(167,169)(168,171)(175,245)(176,221)(177,214)(178,179)(180,205)(181,182)(183,266)
        (185,209)(186,187)(188,229)(189,288)(190,203)(191,610)(192,197)(193,612)(194,196)(195,198)(199,202)(200,611)
        (201,204)(206,220)(207,211)(208,223)(213,218)(215,217)(216,219)(224,637)(225,630)(226,625)(227,228)(230,628)
        (231,254)(232,247)(233,234)(235,304)(237,255)(238,258)(239,253)(240,244)(241,265)(242,256)(246,251)(248,250)
        (249,252)(257,331)(259,268)(260,261)(262,350)(263,343)(264,338)(267,269)(270,301)(271,289)(272,440)(273,286)
        (274,423)(275,280)(276,586)(277,279)(278,281)(282,285)(283,585)(284,339)(287,341)(290,303)(291,584)(292,297)
        (293,589)(294,296)(295,298)(299,302)(300,588)(305,309)(306,307)(310,332)(311,399)(312,325)(313,336)(314,319)
        (315,334)(316,318)(317,320)(321,324)(322,333)(323,326)(327,328)(335,354)(337,401)(340,353)(342,347)(344,346)
        (345,348)(349,352)(351,428)(355,380)(356,369)(357,360)(358,498)(362,367)(364,366)(365,368)(371,378)(373,410)
        (374,403)(375,376)(377,441)(379,392)(381,386)(382,444)(383,385)(384,387)(388,391)(389,443)(393,411)(394,414)
        (395,409)(396,400)(397,421)(398,412)(402,407)(404,406)(405,408)(413,468)(415,439)(416,432)(417,427)(418,419)
        (420,490)(422,430)(424,438)(425,429)(426,619)(431,436)(433,435)(434,437)(442,446)(445,467)(447,469)(448,474)
        (449,462)(450,473)(451,456)(452,471)(453,455)(454,457)(458,461)(459,470)(460,463)(464,465)(466,511)(472,492)
        (475,546)(476,489)(477,675)(478,483)(479,680)(480,482)(481,484)(485,488)(486,679)(487,545)(491,623)(493,510)
        (494,513)(495,508)(496,499)(497,520)(501,506)(503,505)(504,507)(512,541)(514,532)(515,533)(516,530)(517,521)
        (518,540)(523,528)(525,527)(526,529)(534,543)(535,536)(537,579)(538,572)(539,567)(542,544)(547,670)(548,561)
        (549,674)(550,555)(551,677)(552,554)(553,556)(557,560)(558,676)(559,568)(562,570)(565,583)(569,582)(571,576)
        (573,575)(574,577)(578,581)(580,658)(587,609)(590,591)(592,618)(593,684)(594,607)(595,656)(596,601)(597,654)
        (598,600)(599,602)(603,606)(604,653)(605,608)(613,614)(615,644)(616,617)(620,695)(621,688)(622,683)(624,686)
        (627,640)(629,634)(631,633)(632,635)(636,639)(638,645)(641,642)(643,651)(646,647)(648,669)(649,662)(650,657)
        (652,660)(655,673)(659,672)(661,666)(663,665)(664,667)(668,671)(678,700)(681,682)(685,698)(687,692)(689,691)
        (690,693)(694,697)(696,699),
      nbP := 700,
      next := (  1,  2,  3,157,184,181,178)(  4,  6,  8, 10, 12, 14, 16)(  5,  7,  9, 11, 13, 15, 17)
        ( 18, 19, 20, 89, 86, 87, 70)( 21, 22, 23, 24, 93, 90, 88)( 25, 40, 46, 98, 95, 91, 92)( 26, 28, 30, 32, 34,
          36, 38)( 27, 29, 31, 33, 35, 37, 39)( 41, 42, 43, 67, 64, 65, 48)( 44, 45,206,207,223,230, 66)
        ( 47, 49,105,103,100,101, 97)( 50, 52, 54, 56, 58, 60, 62)( 51, 53, 55, 57, 59, 61, 63)( 68, 69, 71,106,236,
         233,175)( 72, 74, 76, 78, 80, 82, 84)( 73, 75, 77, 79, 81, 83, 85)( 94, 96, 99,134,132,133,116)
        (102,104,563,564,583,539,518)(107,108,109,135,308,306,235)(110,111,112,155,152,150,151)(113,114,115,131,156,
         153,154)(117,119,121,123,125,127,129)(118,120,122,124,126,128,130)(136,138,140,142,144,146,148)
        (137,139,141,143,145,147,149)(158,159,160,237,258,268,183)(161,163,165,167,169,171,173)(162,164,166,168,170,
         172,174)(176,177,179,205,202,203,186)(180,182,266,269,302,303,204)(185,187,229,227,224,225,208)
        (188,190,192,194,196,198,200)(189,191,193,195,197,199,201)(209,211,213,215,217,219,221)(210,212,214,216,218,
         220,222)(226,228,611,612,614,644,641)(231,232,234,304,309,332,257)(238,239,240,265,262,263,260)
        (241,256,331,333,334,354,264)(242,244,246,248,250,252,254)(243,245,247,249,251,253,255)(259,261,287,285,286,
         270,267)(271,273,275,277,279,281,283)(272,274,276,278,280,282,284)(288,290,292,294,296,298,300)
        (289,291,293,295,297,299,301)(305,307,329,330,327,324,325)(310,312,314,316,318,320,322)(311,313,315,317,319,
         321,323)(326,328,372,391,392,375,337)(335,336,393,414,422,352,353)(338,340,342,344,346,348,350)
        (339,341,343,345,347,349,351)(355,356,357,493,513,466,445)(358,360,362,364,366,368,370)(359,361,363,365,367,
         369,371)(373,374,376,441,446,469,413)(377,379,381,383,385,387,389)(378,380,382,384,386,388,390)
        (394,395,396,421,418,415,416)(397,412,468,470,471,492,420)(398,400,402,404,406,408,410)(399,401,403,405,407,
         409,411)(417,419,490,623,620,621,426)(423,424,425,619,624,608,587)(427,429,431,433,435,437,439)
        (428,430,432,434,436,438,440)(442,443,444,467,464,461,462)(447,449,451,453,455,457,459)(448,450,452,454,456,
         458,460)(463,465,511,541,544,488,489)(472,473,679,680,682,622,491)(474,476,478,480,482,484,486)
        (475,477,479,481,483,485,487)(494,495,496,514,533,543,512)(497,499,501,503,505,507,509)(498,500,502,504,506,
         508,510)(515,516,517,540,537,538,535)(519,521,523,525,527,529,531)(520,522,524,526,528,530,532)
        (534,536,562,560,561,545,542)(546,548,550,552,554,556,558)(547,549,551,553,555,557,559)(565,566,645,647,652,
         581,582)(567,569,571,573,575,577,579)(568,570,572,574,576,578,580)(584,585,586,609,606,607,590)
        (588,589,591,618,616,613,610)(592,594,596,598,600,602,604)(593,595,597,599,601,603,605)(615,617,653,654,673,
         650,643)(625,627,629,631,633,635,637)(626,628,630,632,634,636,638)(639,640,642,651,648,649,646)
        (655,656,699,678,674,671,672)(657,659,661,663,665,667,669)(658,660,662,664,666,668,670)(675,676,677,700,697,
         698,681)(683,685,687,689,691,693,695)(684,686,688,690,692,694,696) ), rec(
      invers := (  1, 42)(  2, 66)(  3,  4)(  5,193)(  6,175)(  7, 20)(  8,198)(  9, 14)( 10,196)( 11, 13)( 12, 15)
        ( 16, 19)( 17,195)( 18,191)( 21,179)( 22,181)( 23, 24)( 25, 26)( 27,137)( 28, 41)( 29,106)( 30, 35)( 31,110)
        ( 32, 34)( 33, 36)( 37, 40)( 38,109)( 39, 43)( 44, 45)( 46, 67)( 47, 48)( 49, 50)( 51,610)( 52, 65)( 53, 84)
        ( 54, 59)( 55, 88)( 56, 58)( 57, 60)( 61, 64)( 62, 87)( 63,222)( 68,117)( 69, 70)( 71,124)( 72,608)( 73, 86)
        ( 74,638)( 75, 80)( 76,565)( 77, 79)( 78, 81)( 82, 85)( 83,564)( 89,190)( 90,183)( 91, 92)( 93,125)( 94,135)
        ( 95,108)( 96,158)( 97,102)( 98,128)( 99,101)(100,103)(104,107)(105,127)(111,146)(112,139)(113,134)(114,115)
        (116,118)(119,533)(120,526)(121,521)(122,123)(126,235)(129,169)(130,162)(131,145)(132,136)(133,148)(138,143)
        (140,142)(141,144)(147,160)(149,512)(150,505)(151,524)(152,170)(153,307)(154,168)(155,159)(156,335)(157,171)
        (161,166)(163,165)(164,167)(172,173)(174,503)(176,189)(177,180)(178,242)(182,187)(184,186)(185,188)(192,244)
        (194,200)(197,221)(199,265)(201,223)(202,203)(204,229)(205,286)(206,219)(207,594)(208,213)(209,596)(210,212)
        (211,214)(215,218)(216,595)(217,220)(224,619)(225,612)(226,607)(227,228)(230,253)(231,246)(232,233)(234,302)
        (236,254)(237,257)(238,252)(239,243)(240,264)(241,255)(245,250)(247,249)(248,251)(256,329)(258,284)(259,277)
        (260,272)(261,262)(263,333)(266,275)(267,273)(268,287)(269,283)(270,274)(271,424)(276,281)(278,280)(279,282)
        (285,299)(288,301)(289,568)(290,295)(291,573)(292,294)(293,296)(297,300)(298,572)(303,308)(304,305)(306,328)
        (309,330)(310,383)(311,324)(312,410)(313,318)(314,332)(315,317)(316,319)(320,323)(321,331)(322,359)(325,368)
        (326,361)(327,356)(334,422)(336,372)(337,338)(339,449)(340,497)(341,354)(342,514)(343,348)(344,471)(345,347)
        (346,349)(350,353)(351,470)(352,513)(355,501)(357,385)(358,371)(360,365)(362,364)(363,366)(367,370)(369,375)
        (373,394)(374,387)(376,445)(377,421)(378,414)(379,393)(380,384)(381,405)(382,396)(386,391)(388,390)(389,392)
        (395,412)(397,472)(398,409)(399,400)(401,444)(402,403)(404,494)(406,420)(407,411)(408,423)(413,418)(415,417)
        (416,419)(425,426)(427,571)(428,686)(429,442)(430,589)(431,436)(432,593)(433,435)(434,437)(438,441)(439,592)
        (440,443)(446,450)(447,448)(451,473)(452,478)(453,466)(454,477)(455,460)(456,475)(457,459)(458,461)(462,465)
        (463,474)(464,467)(468,469)(476,496)(479,546)(480,493)(481,675)(482,487)(483,680)(484,486)(485,488)(489,492)
        (490,679)(491,563)(495,606)(498,511)(499,502)(500,522)(504,509)(506,508)(507,510)(515,543)(516,534)(517,535)
        (518,532)(519,523)(520,542)(525,530)(527,529)(528,531)(536,562)(537,555)(538,550)(539,540)(541,566)(544,553)
        (545,551)(547,561)(548,552)(549,656)(554,559)(556,558)(557,560)(567,650)(569,570)(574,575)(576,602)(577,684)
        (578,591)(579,660)(580,585)(581,652)(582,584)(583,586)(587,590)(588,651)(597,598)(599,626)(600,601)(603,695)
        (604,688)(605,683)(609,622)(611,616)(613,615)(614,617)(618,621)(620,640)(623,624)(625,633)(627,649)(628,642)
        (629,637)(630,631)(632,653)(634,648)(635,639)(636,655)(641,646)(643,645)(644,647)(654,672)(657,658)(659,678)
        (661,674)(662,696)(663,668)(664,700)(665,667)(666,669)(670,673)(671,699)(676,677)(681,682)(685,698)(687,692)
        (689,691)(690,693)(694,697),
      nbP := 700,
      next := (  1, 66, 49, 47, 44, 40, 41)(  2,  4,193,200,223, 64, 65)(  3, 42, 25, 23, 21, 19, 20)
        (  5,  7,  9, 11, 13, 15, 17)(  6,  8, 10, 12, 14, 16, 18)( 22, 24,109,110,107,108, 91)( 26, 28, 30, 32, 34,
          36, 38)( 27, 29, 31, 33, 35, 37, 39)( 43, 45, 67,117,114,111,112)( 46, 48, 87, 88, 85, 86, 69)
        ( 50, 52, 54, 56, 58, 60, 62)( 51, 53, 55, 57, 59, 61, 63)( 68, 70,124,122,119,120,116)( 71, 73, 75, 77, 79,
          81, 83)( 72, 74, 76, 78, 80, 82, 84)( 89, 90, 92,125,235,232,192)( 93, 95, 97, 99,101,103,105)
        ( 94, 96, 98,100,102,104,106)(113,115,118,151,149,150,133)(121,123,564,565,567,541,520)(126,127,128,152,307,
         304,234)(129,130,131,132,148,174,172)(134,136,138,140,142,144,146)(135,137,139,141,143,145,147)
        (153,154,155,335,372,327,306)(156,171,173,355,353,354,337)(157,159,161,163,165,167,169)(158,160,162,164,166,
         168,170)(175,176,177,236,257,266,199)(178,180,182,184,186,188,190)(179,181,183,185,187,189,191)
        (194,195,196,221,218,219,202)(197,198,265,267,300,301,220)(201,203,229,227,224,225,222)(204,206,208,210,212,
         214,216)(205,207,209,211,213,215,217)(226,228,595,596,598,626,623)(230,231,233,302,308,330,256)
        (237,238,239,264,261,258,259)(240,255,329,331,332,334,263)(241,243,245,247,249,251,253)(242,244,246,248,250,
         252,254)(260,262,333,406,407,423,271)(268,269,270,424,426,571,569)(272,274,276,278,280,282,284)
        (273,275,277,279,281,283,285)(286,288,290,292,294,296,298)(287,289,291,293,295,297,299)(303,305,328,325,326,
         323,324)(309,311,313,315,317,319,321)(310,312,314,316,318,320,322)(336,338,449,447,376,370,371)
        (339,341,343,345,347,349,351)(340,342,344,346,348,350,352)(356,358,360,362,364,366,368)(357,359,361,363,365,
         367,369)(373,374,375,445,450,473,397)(377,378,379,380,405,402,399)(381,396,472,474,475,496,404)
        (382,384,386,388,390,392,394)(383,385,387,389,391,393,395)(398,400,444,441,442,425,408)(401,403,494,606,603,
         604,443)(409,411,413,415,417,419,421)(410,412,414,416,418,420,422)(427,429,431,433,435,437,439)
        (428,430,432,434,436,438,440)(446,448,470,471,468,465,466)(451,453,455,457,459,461,463)(452,454,456,458,460,
         462,464)(467,469,514,543,545,492,493)(476,477,679,680,682,605,495)(478,480,482,484,486,488,490)
        (479,481,483,485,487,489,491)(497,498,499,516,535,544,515)(500,502,504,506,508,510,512)(501,503,505,507,509,
         511,513)(517,518,519,542,539,536,537)(521,523,525,527,529,531,533)(522,524,526,528,530,532,534)
        (538,540,566,634,635,655,549)(546,547,548,656,658,678,676)(550,552,554,556,558,560,562)(551,553,555,557,559,
         561,563)(568,570,592,593,590,591,574)(572,573,575,602,600,597,594)(576,578,580,582,584,586,588)
        (577,579,581,583,585,587,589)(599,601,651,652,654,632,625)(607,609,611,613,615,617,619)(608,610,612,614,616,
         618,620)(621,622,624,633,630,627,628)(629,631,653,673,674,657,636)(637,639,641,643,645,647,649)
        (638,640,642,644,646,648,650)(659,661,663,665,667,669,671)(660,662,664,666,668,670,672)(675,677,699,700,697,
         698,681)(683,685,687,689,691,693,695)(684,686,688,690,692,694,696) ) ];
