return [ rec(
      invers := (  1,  9)(  2, 16)(  3, 17)(  4, 13)(  5, 14)(  6,  7)(  8, 11)( 10, 15)( 12, 18)( 19, 26)
        ( 20, 32)( 21, 33)( 22, 30)( 23, 24)( 25, 28)( 27, 31)( 29, 34)( 35, 42)( 36, 48)( 37, 49)( 38, 46)
        ( 39, 40)( 41, 44)( 43, 47)( 45, 50)( 51, 58)( 52, 64)( 53, 65)( 54, 62)( 55, 56)( 57, 60)( 59, 63)
        ( 61, 66)( 67, 73)( 68, 78)( 69, 79)( 70, 71)( 72, 75)( 74, 77)( 76, 80)( 81, 87)( 82, 92)( 83, 93)
        ( 84, 85)( 86, 89)( 88, 91)( 90, 94)( 95,101)( 96,106)( 97,107)( 98, 99)(100,103)(102,105)(104,108)
        (109,115)(110,120)(111,121)(112,113)(114,117)(116,119)(118,122)(123,129)(124,134)(125,135)(126,127)
        (128,131)(130,133)(132,136)(137,143)(138,148)(139,149)(140,141)(142,145)(144,147)(146,150)(151,159)
        (152,160)(153,154)(155,157)(156,161)(158,162)(163,171)(164,172)(165,166)(167,169)(168,173)(170,174)
        (175,183)(176,184)(177,178)(179,181)(180,185)(182,186)(187,195)(188,196)(189,190)(191,193)(192,197)
        (194,198)(199,207)(200,208)(201,202)(203,205)(204,209)(206,210)(211,219)(212,220)(213,214)(215,217)
        (216,221)(218,222)(223,230)(224,225)(226,228)(227,231)(229,232)(233,240)(234,235)(236,238)(237,241)
        (239,242)(243,250)(244,245)(246,248)(247,251)(249,252)(253,254)(255,257)(256,259)(258,260),
      nbP := 260,
      next := (  1, 11, 14, 80, 79)(  2, 10,  9, 94, 93)(  3, 16,156, 95,103)(  4, 18, 17, 19, 28)
        (  5, 13, 30, 46, 62)(  6,  7, 15, 12,  8)( 20, 27, 26,108,107)( 21, 32,168,109,117)( 22, 34, 33, 35,
          44)( 23, 24, 31, 29, 25)( 36, 43, 42,122,121)( 37, 48,180,123,131)( 38, 50, 49, 51, 60)
        ( 39, 40, 47, 45, 41)( 52, 59, 58,136,135)( 53, 64,192,137,145)( 54, 66, 65, 67, 75)( 55, 56, 63, 61,
          57)( 68, 74, 73,150,149)( 69, 78,204, 81, 89)( 70, 71, 77, 76, 72)( 82, 88, 87,205,208)
        ( 83, 92,216,151,162)( 84, 85, 91, 90, 86)( 96,102,101,157,160)( 97,106,227,163,174)( 98, 99,105,104,
         100)(110,116,115,169,172)(111,120,237,175,186)(112,113,119,118,114)(124,130,129,181,184)
        (125,134,247,187,198)(126,127,133,132,128)(138,144,143,193,196)(139,148,256,199,210)(140,141,147,146,
         142)(152,159,217,220,232)(153,154,161,158,155)(164,171,228,230,242)(165,166,173,170,167)
        (176,183,238,240,252)(177,178,185,182,179)(188,195,248,250,260)(189,190,197,194,191)(200,207,257,211,
         222)(201,202,209,206,203)(212,219,243,233,223)(213,214,221,218,215)(224,225,231,229,226)
        (234,235,241,239,236)(244,245,251,249,246)(253,254,259,258,255) ) ];
