return [ rec(
      invers := (  1, 10)(  2,  3)(  4,  9)(  5, 20)(  6, 17)(  7, 26)(  8, 23)( 11, 32)( 12, 13)( 14, 31)
        ( 15, 42)( 16, 39)( 18, 19)( 21, 45)( 22, 51)( 24, 25)( 27, 60)( 28, 57)( 29, 66)( 30, 63)( 33, 72)
        ( 34, 35)( 36, 71)( 37, 82)( 38, 79)( 40, 41)( 43, 85)( 44, 46)( 47, 92)( 48, 49)( 50, 91)( 52,100)
        ( 53, 54)( 55, 99)( 56, 61)( 58, 59)( 62,107)( 64, 65)( 67,116)( 68,113)( 69, 76)( 70, 73)( 74, 75)
        ( 77,122)( 78,119)( 80, 81)( 83,125)( 84, 86)( 87,132)( 88, 89)( 90,131)( 93,138)( 94,135)( 95,102)
        ( 96, 97)( 98,101)(103,140)(104,105)(106,139)(108,146)(109,110)(111,145)(112,117)(114,115)(118,147)
        (120,121)(123,152)(124,126)(127,154)(128,129)(130,153)(133,160)(134,157)(136,137)(141,162)(142,143)
        (144,161)(148,168)(149,150)(151,167)(155,166)(156,163)(158,159)(164,165),
      nbP := 168,
      next := (  1,  2,  3,  4, 17, 18, 19, 20, 45, 44, 15, 16)(  5,  6, 23, 24, 25, 26, 57, 58, 59, 60, 56,
          22)(  7,  8,  9, 10, 31, 32, 71, 72, 69, 70, 29, 30)( 11, 12, 13, 14, 39, 40, 41, 42, 85, 84, 37, 38
         )( 21, 51, 99,100, 95, 96, 97, 98, 47, 48, 49, 50)( 27, 28, 63, 64, 65, 66,113,114,115,116,112, 62)
        ( 33, 34, 35, 36, 79, 80, 81, 82,125,124, 77, 78)( 43, 46, 91, 92,135,136,137,138, 87, 88, 89, 90)
        ( 52, 53, 54, 55, 61,107,145,146,103,104,105,106)( 67, 68, 73, 74, 75, 76,119,120,121,122,152,118)
        ( 83, 86,131,132,157,158,159,160,127,128,129,130)( 93, 94,101,102,139,140,161,162,155,156,133,134)
        (108,109,110,111,117,147,167,168,141,142,143,144)(123,126,153,154,163,164,165,166,148,149,150,151) ) 
 ];
