return [ rec(
      MapDEvert := [ 1, 1, 1, 1, 2, 2, 2, 2, 3, 3, 3, 3, 4, 4, 4, 4, 5, 5, 5, 5, 6, 6, 6, 6, 7, 7, 7, 7, 8, 
          8, 8, 8, 9, 9, 9, 9, 10, 10, 10, 10 ],
      MapVertDE := [ [ 1 .. 4 ], [ 5 .. 8 ], [ 9 .. 12 ], [ 13 .. 16 ], [ 17 .. 20 ], [ 21 .. 24 ], 
          [ 25 .. 28 ], [ 29 .. 32 ], [ 33 .. 36 ], [ 37 .. 40 ] ],
      invers := ( 1,26)( 2,25)( 3,11)( 4,13)( 5,28)( 6,36)( 7,40)( 8,12)( 9,30)(10,29)(14,32)(15,24)(16,20)
        (17,34)(18,33)(19,27)(21,38)(22,37)(23,35)(31,39),
      nbP := 40,
      next := ( 1, 2, 3, 4)( 5, 6, 7, 8)( 9,10,11,12)(13,14,15,16)(17,18,19,20)(21,22,23,24)(25,26,27,28)
        (29,30,31,32)(33,34,35,36)(37,38,39,40) ), rec(
      MapDEvert := [ 1, 1, 1, 1, 2, 2, 2, 2, 3, 3, 3, 3, 4, 4, 4, 4, 5, 5, 5, 5, 6, 6, 6, 6, 7, 7, 7, 7, 8, 
          8, 8, 8, 9, 9, 9, 9, 10, 10, 10, 10 ],
      MapVertDE := [ [ 1 .. 4 ], [ 5 .. 8 ], [ 9 .. 12 ], [ 13 .. 16 ], [ 17 .. 20 ], [ 21 .. 24 ], 
          [ 25 .. 28 ], [ 29 .. 32 ], [ 33 .. 36 ], [ 37 .. 40 ] ],
      invers := ( 1,34)( 2,33)( 3, 9)( 4,14)( 5,36)( 6,35)( 7,13)( 8,10)(11,17)(12,22)(15,21)(16,18)(19,25)
        (20,30)(23,29)(24,26)(27,40)(28,39)(31,38)(32,37),
      nbP := 40,
      next := ( 1, 2, 3, 4)( 5, 6, 7, 8)( 9,10,11,12)(13,14,15,16)(17,18,19,20)(21,22,23,24)(25,26,27,28)
        (29,30,31,32)(33,34,35,36)(37,38,39,40) ), rec(
      invers := ( 1,21)( 2,24)( 3, 5)( 4,22)( 6,28)( 7, 9)( 8,26)(10,32)(11,13)(12,30)(14,36)(15,17)(16,34)
        (18,40)(19,39)(20,38)(23,25)(27,29)(31,33)(35,37),
      nbP := 40,
      next := ( 1, 2, 3, 4)( 5, 6, 7, 8)( 9,10,11,12)(13,14,15,16)(17,18,19,20)(21,22,23,24)(25,26,27,28)
        (29,30,31,32)(33,34,35,36)(37,38,39,40) ) ];
