return [ rec(
      MapDEvert := [ 1, 1, 1, 1, 2, 2, 2, 2, 3, 3, 3, 3, 4, 4, 4, 4, 5, 5, 5, 5, 6, 6, 6, 6, 7, 7, 7, 7, 8, 
          8, 8, 8, 9, 9, 9, 9, 10, 10, 10, 10, 11, 11, 11, 11, 12, 12, 12, 12, 13, 13, 13, 13, 14, 14, 14, 
          14, 15, 15, 15, 15, 16, 16, 16, 16, 17, 17, 17, 17, 18, 18, 18, 18, 19, 19, 19, 19, 20, 20, 20, 20, 
          21, 21, 21, 21, 22, 22, 22, 22, 23, 23, 23, 23, 24, 24, 24, 24, 25, 25, 25, 25, 26, 26, 26, 26, 27, 
          27, 27, 27, 28, 28, 28, 28, 29, 29, 29, 29, 30, 30, 30, 30, 31, 31, 31, 31, 32, 32, 32, 32, 33, 33, 
          33, 33, 34, 34, 34, 34, 35, 35, 35, 35, 36, 36, 36, 36, 37, 37, 37, 37, 38, 38, 38, 38, 39, 39, 39, 
          39, 40, 40, 40, 40, 41, 41, 41, 41, 42, 42, 42, 42, 43, 43, 43, 43, 44, 44, 44, 44, 45, 45, 45, 45, 
          46, 46, 46, 46, 47, 47, 47, 47, 48, 48, 48, 48, 49, 49, 49, 49, 50, 50, 50, 50, 51, 51, 51, 51, 52, 
          52, 52, 52, 53, 53, 53, 53, 54, 54, 54, 54, 55, 55, 55, 55, 56, 56, 56, 56, 57, 57, 57, 57, 58, 58, 
          58, 58, 59, 59, 59, 59, 60, 60, 60, 60, 61, 61, 61, 61, 62, 62, 62, 62, 63, 63, 63, 63, 64, 64, 64, 
          64 ],
      MapVertDE := [ [ 1 .. 4 ], [ 5 .. 8 ], [ 9 .. 12 ], [ 13 .. 16 ], [ 17 .. 20 ], [ 21 .. 24 ], 
          [ 25 .. 28 ], [ 29 .. 32 ], [ 33 .. 36 ], [ 37 .. 40 ], [ 41 .. 44 ], [ 45 .. 48 ], [ 49 .. 52 ], 
          [ 53 .. 56 ], [ 57 .. 60 ], [ 61 .. 64 ], [ 65 .. 68 ], [ 69 .. 72 ], [ 73 .. 76 ], [ 77 .. 80 ], 
          [ 81 .. 84 ], [ 85 .. 88 ], [ 89 .. 92 ], [ 93 .. 96 ], [ 97 .. 100 ], [ 101 .. 104 ], 
          [ 105 .. 108 ], [ 109 .. 112 ], [ 113 .. 116 ], [ 117 .. 120 ], [ 121 .. 124 ], [ 125 .. 128 ], 
          [ 129 .. 132 ], [ 133 .. 136 ], [ 137 .. 140 ], [ 141 .. 144 ], [ 145 .. 148 ], [ 149 .. 152 ], 
          [ 153 .. 156 ], [ 157 .. 160 ], [ 161 .. 164 ], [ 165 .. 168 ], [ 169 .. 172 ], [ 173 .. 176 ], 
          [ 177 .. 180 ], [ 181 .. 184 ], [ 185 .. 188 ], [ 189 .. 192 ], [ 193 .. 196 ], [ 197 .. 200 ], 
          [ 201 .. 204 ], [ 205 .. 208 ], [ 209 .. 212 ], [ 213 .. 216 ], [ 217 .. 220 ], [ 221 .. 224 ], 
          [ 225 .. 228 ], [ 229 .. 232 ], [ 233 .. 236 ], [ 237 .. 240 ], [ 241 .. 244 ], [ 245 .. 248 ], 
          [ 249 .. 252 ], [ 253 .. 256 ] ],
      invers := (  1,  5)(  2,  9)(  3, 13)(  4, 17)(  6, 21)(  7, 25)(  8, 29)( 10, 32)( 11, 33)( 12, 37)
        ( 14, 40)( 15, 41)( 16, 45)( 18, 48)( 19, 49)( 20, 22)( 23, 53)( 24, 57)( 26, 60)( 27, 63)( 28, 65)
        ( 30, 68)( 31, 69)( 34, 72)( 35, 73)( 36, 77)( 38, 80)( 39, 81)( 42, 84)( 43, 85)( 44, 89)( 46, 92)
        ( 47, 93)( 50, 96)( 51, 97)( 52, 54)( 55,103)( 56,105)( 58,108)( 59,109)( 61,242)( 62,241)( 64,112)
        ( 66,244)( 67,117)( 70,120)( 71,121)( 74,124)( 75,125)( 76,129)( 78,132)( 79,133)( 82,136)( 83,137)
        ( 86,140)( 87,141)( 88,145)( 90,148)( 91,149)( 94,152)( 95,153)( 98,156)( 99,157)(100,104)(101,246)
        (102,245)(106,248)(107,161)(110,164)(111,114)(113,243)(115,165)(116,118)(119,169)(122,172)(123,173)
        (126,176)(127,177)(128,181)(130,184)(131,185)(134,188)(135,252)(138,251)(139,193)(142,196)(143,197)
        (144,201)(146,204)(147,205)(150,208)(151,209)(154,212)(155,213)(158,216)(159,162)(160,247)(163,166)
        (167,215)(168,170)(171,217)(174,220)(175,221)(178,224)(179,225)(180,229)(182,232)(183,233)(186,236)
        (187,191)(189,250)(190,249)(192,194)(195,235)(198,234)(199,231)(200,256)(202,255)(203,227)(206,226)
        (207,223)(210,222)(211,219)(214,218)(228,240)(230,239)(237,254)(238,253),
      nbP := 256,
      next := (  1,  2,  3,  4)(  5,  6,  7,  8)(  9, 10, 11, 12)( 13, 14, 15, 16)( 17, 18, 19, 20)
        ( 21, 22, 23, 24)( 25, 26, 27, 28)( 29, 30, 31, 32)( 33, 34, 35, 36)( 37, 38, 39, 40)( 41, 42, 43, 44)
        ( 45, 46, 47, 48)( 49, 50, 51, 52)( 53, 54, 55, 56)( 57, 58, 59, 60)( 61, 62, 63, 64)( 65, 66, 67, 68)
        ( 69, 70, 71, 72)( 73, 74, 75, 76)( 77, 78, 79, 80)( 81, 82, 83, 84)( 85, 86, 87, 88)( 89, 90, 91, 92)
        ( 93, 94, 95, 96)( 97, 98, 99,100)(101,102,103,104)(105,106,107,108)(109,110,111,112)(113,114,115,116)
        (117,118,119,120)(121,122,123,124)(125,126,127,128)(129,130,131,132)(133,134,135,136)(137,138,139,140)
        (141,142,143,144)(145,146,147,148)(149,150,151,152)(153,154,155,156)(157,158,159,160)(161,162,163,164)
        (165,166,167,168)(169,170,171,172)(173,174,175,176)(177,178,179,180)(181,182,183,184)(185,186,187,188)
        (189,190,191,192)(193,194,195,196)(197,198,199,200)(201,202,203,204)(205,206,207,208)(209,210,211,212)
        (213,214,215,216)(217,218,219,220)(221,222,223,224)(225,226,227,228)(229,230,231,232)(233,234,235,236)
        (237,238,239,240)(241,242,243,244)(245,246,247,248)(249,250,251,252)(253,254,255,256) ), rec(
      MapDEvert := [ 1, 1, 1, 1, 2, 2, 2, 2, 3, 3, 3, 3, 4, 4, 4, 4, 5, 5, 5, 5, 6, 6, 6, 6, 7, 7, 7, 7, 8, 
          8, 8, 8, 9, 9, 9, 9, 10, 10, 10, 10, 11, 11, 11, 11, 12, 12, 12, 12, 13, 13, 13, 13, 14, 14, 14, 
          14, 15, 15, 15, 15, 16, 16, 16, 16, 17, 17, 17, 17, 18, 18, 18, 18, 19, 19, 19, 19, 20, 20, 20, 20, 
          21, 21, 21, 21, 22, 22, 22, 22, 23, 23, 23, 23, 24, 24, 24, 24, 25, 25, 25, 25, 26, 26, 26, 26, 27, 
          27, 27, 27, 28, 28, 28, 28, 29, 29, 29, 29, 30, 30, 30, 30, 31, 31, 31, 31, 32, 32, 32, 32, 33, 33, 
          33, 33, 34, 34, 34, 34, 35, 35, 35, 35, 36, 36, 36, 36, 37, 37, 37, 37, 38, 38, 38, 38, 39, 39, 39, 
          39, 40, 40, 40, 40, 41, 41, 41, 41, 42, 42, 42, 42, 43, 43, 43, 43, 44, 44, 44, 44, 45, 45, 45, 45, 
          46, 46, 46, 46, 47, 47, 47, 47, 48, 48, 48, 48, 49, 49, 49, 49, 50, 50, 50, 50, 51, 51, 51, 51, 52, 
          52, 52, 52, 53, 53, 53, 53, 54, 54, 54, 54, 55, 55, 55, 55, 56, 56, 56, 56, 57, 57, 57, 57, 58, 58, 
          58, 58, 59, 59, 59, 59, 60, 60, 60, 60, 61, 61, 61, 61, 62, 62, 62, 62, 63, 63, 63, 63, 64, 64, 64, 
          64 ],
      MapVertDE := [ [ 1 .. 4 ], [ 5 .. 8 ], [ 9 .. 12 ], [ 13 .. 16 ], [ 17 .. 20 ], [ 21 .. 24 ], 
          [ 25 .. 28 ], [ 29 .. 32 ], [ 33 .. 36 ], [ 37 .. 40 ], [ 41 .. 44 ], [ 45 .. 48 ], [ 49 .. 52 ], 
          [ 53 .. 56 ], [ 57 .. 60 ], [ 61 .. 64 ], [ 65 .. 68 ], [ 69 .. 72 ], [ 73 .. 76 ], [ 77 .. 80 ], 
          [ 81 .. 84 ], [ 85 .. 88 ], [ 89 .. 92 ], [ 93 .. 96 ], [ 97 .. 100 ], [ 101 .. 104 ], 
          [ 105 .. 108 ], [ 109 .. 112 ], [ 113 .. 116 ], [ 117 .. 120 ], [ 121 .. 124 ], [ 125 .. 128 ], 
          [ 129 .. 132 ], [ 133 .. 136 ], [ 137 .. 140 ], [ 141 .. 144 ], [ 145 .. 148 ], [ 149 .. 152 ], 
          [ 153 .. 156 ], [ 157 .. 160 ], [ 161 .. 164 ], [ 165 .. 168 ], [ 169 .. 172 ], [ 173 .. 176 ], 
          [ 177 .. 180 ], [ 181 .. 184 ], [ 185 .. 188 ], [ 189 .. 192 ], [ 193 .. 196 ], [ 197 .. 200 ], 
          [ 201 .. 204 ], [ 205 .. 208 ], [ 209 .. 212 ], [ 213 .. 216 ], [ 217 .. 220 ], [ 221 .. 224 ], 
          [ 225 .. 228 ], [ 229 .. 232 ], [ 233 .. 236 ], [ 237 .. 240 ], [ 241 .. 244 ], [ 245 .. 248 ], 
          [ 249 .. 252 ], [ 253 .. 256 ] ],
      invers := (  1,  5)(  2,  9)(  3, 13)(  4, 17)(  6, 21)(  7, 25)(  8, 29)( 10, 32)( 11, 33)( 12, 37)
        ( 14, 40)( 15, 41)( 16, 45)( 18, 48)( 19, 49)( 20, 22)( 23, 53)( 24, 57)( 26, 60)( 27, 61)( 28, 65)
        ( 30, 68)( 31, 69)( 34, 72)( 35, 73)( 36, 77)( 38, 80)( 39, 81)( 42, 84)( 43,244)( 44, 89)( 46, 92)
        ( 47,248)( 50,247)( 51, 97)( 52, 54)( 55,101)( 56,105)( 58,108)( 59,109)( 62,112)( 63,113)( 64,117)
        ( 66,120)( 67,121)( 70,124)( 71,125)( 74,128)( 75,129)( 76,133)( 78,136)( 79,137)( 82,140)( 83, 87)
        ( 85,242)( 86,241)( 88,141)( 90,148)( 91, 95)( 93,246)( 94,245)( 96, 98)( 99,147)(100,102)(103,143)
        (104,149)(106,152)(107,153)(110,156)(111,157)(114,160)(115,161)(116,165)(118,168)(119,169)(122,172)
        (123,173)(126,176)(127,177)(130,180)(131,158)(132,155)(134,154)(135,151)(138,150)(139,142)(144,146)
        (145,243)(159,181)(162,184)(163,185)(164,189)(166,192)(167,193)(170,196)(171,197)(174,200)(175,201)
        (178,204)(179,182)(183,205)(186,208)(187,209)(188,252)(190,251)(191,217)(194,220)(195,221)(198,224)
        (199,225)(202,228)(203,206)(207,229)(210,232)(211,233)(212,215)(213,250)(214,249)(216,218)(219,236)
        (222,235)(223,256)(226,255)(227,230)(231,240)(234,239)(237,254)(238,253),
      nbP := 256,
      next := (  1,  2,  3,  4)(  5,  6,  7,  8)(  9, 10, 11, 12)( 13, 14, 15, 16)( 17, 18, 19, 20)
        ( 21, 22, 23, 24)( 25, 26, 27, 28)( 29, 30, 31, 32)( 33, 34, 35, 36)( 37, 38, 39, 40)( 41, 42, 43, 44)
        ( 45, 46, 47, 48)( 49, 50, 51, 52)( 53, 54, 55, 56)( 57, 58, 59, 60)( 61, 62, 63, 64)( 65, 66, 67, 68)
        ( 69, 70, 71, 72)( 73, 74, 75, 76)( 77, 78, 79, 80)( 81, 82, 83, 84)( 85, 86, 87, 88)( 89, 90, 91, 92)
        ( 93, 94, 95, 96)( 97, 98, 99,100)(101,102,103,104)(105,106,107,108)(109,110,111,112)(113,114,115,116)
        (117,118,119,120)(121,122,123,124)(125,126,127,128)(129,130,131,132)(133,134,135,136)(137,138,139,140)
        (141,142,143,144)(145,146,147,148)(149,150,151,152)(153,154,155,156)(157,158,159,160)(161,162,163,164)
        (165,166,167,168)(169,170,171,172)(173,174,175,176)(177,178,179,180)(181,182,183,184)(185,186,187,188)
        (189,190,191,192)(193,194,195,196)(197,198,199,200)(201,202,203,204)(205,206,207,208)(209,210,211,212)
        (213,214,215,216)(217,218,219,220)(221,222,223,224)(225,226,227,228)(229,230,231,232)(233,234,235,236)
        (237,238,239,240)(241,242,243,244)(245,246,247,248)(249,250,251,252)(253,254,255,256) ), rec(
      MapDEvert := [ 1, 1, 1, 1, 2, 2, 2, 2, 3, 3, 3, 3, 4, 4, 4, 4, 5, 5, 5, 5, 6, 6, 6, 6, 7, 7, 7, 7, 8, 
          8, 8, 8, 9, 9, 9, 9, 10, 10, 10, 10, 11, 11, 11, 11, 12, 12, 12, 12, 13, 13, 13, 13, 14, 14, 14, 
          14, 15, 15, 15, 15, 16, 16, 16, 16, 17, 17, 17, 17, 18, 18, 18, 18, 19, 19, 19, 19, 20, 20, 20, 20, 
          21, 21, 21, 21, 22, 22, 22, 22, 23, 23, 23, 23, 24, 24, 24, 24, 25, 25, 25, 25, 26, 26, 26, 26, 27, 
          27, 27, 27, 28, 28, 28, 28, 29, 29, 29, 29, 30, 30, 30, 30, 31, 31, 31, 31, 32, 32, 32, 32, 33, 33, 
          33, 33, 34, 34, 34, 34, 35, 35, 35, 35, 36, 36, 36, 36, 37, 37, 37, 37, 38, 38, 38, 38, 39, 39, 39, 
          39, 40, 40, 40, 40, 41, 41, 41, 41, 42, 42, 42, 42, 43, 43, 43, 43, 44, 44, 44, 44, 45, 45, 45, 45, 
          46, 46, 46, 46, 47, 47, 47, 47, 48, 48, 48, 48, 49, 49, 49, 49, 50, 50, 50, 50, 51, 51, 51, 51, 52, 
          52, 52, 52, 53, 53, 53, 53, 54, 54, 54, 54, 55, 55, 55, 55, 56, 56, 56, 56, 57, 57, 57, 57, 58, 58, 
          58, 58, 59, 59, 59, 59, 60, 60, 60, 60, 61, 61, 61, 61, 62, 62, 62, 62, 63, 63, 63, 63, 64, 64, 64, 
          64 ],
      MapVertDE := [ [ 1 .. 4 ], [ 5 .. 8 ], [ 9 .. 12 ], [ 13 .. 16 ], [ 17 .. 20 ], [ 21 .. 24 ], 
          [ 25 .. 28 ], [ 29 .. 32 ], [ 33 .. 36 ], [ 37 .. 40 ], [ 41 .. 44 ], [ 45 .. 48 ], [ 49 .. 52 ], 
          [ 53 .. 56 ], [ 57 .. 60 ], [ 61 .. 64 ], [ 65 .. 68 ], [ 69 .. 72 ], [ 73 .. 76 ], [ 77 .. 80 ], 
          [ 81 .. 84 ], [ 85 .. 88 ], [ 89 .. 92 ], [ 93 .. 96 ], [ 97 .. 100 ], [ 101 .. 104 ], 
          [ 105 .. 108 ], [ 109 .. 112 ], [ 113 .. 116 ], [ 117 .. 120 ], [ 121 .. 124 ], [ 125 .. 128 ], 
          [ 129 .. 132 ], [ 133 .. 136 ], [ 137 .. 140 ], [ 141 .. 144 ], [ 145 .. 148 ], [ 149 .. 152 ], 
          [ 153 .. 156 ], [ 157 .. 160 ], [ 161 .. 164 ], [ 165 .. 168 ], [ 169 .. 172 ], [ 173 .. 176 ], 
          [ 177 .. 180 ], [ 181 .. 184 ], [ 185 .. 188 ], [ 189 .. 192 ], [ 193 .. 196 ], [ 197 .. 200 ], 
          [ 201 .. 204 ], [ 205 .. 208 ], [ 209 .. 212 ], [ 213 .. 216 ], [ 217 .. 220 ], [ 221 .. 224 ], 
          [ 225 .. 228 ], [ 229 .. 232 ], [ 233 .. 236 ], [ 237 .. 240 ], [ 241 .. 244 ], [ 245 .. 248 ], 
          [ 249 .. 252 ], [ 253 .. 256 ] ],
      invers := (  1,  5)(  2,  9)(  3, 13)(  4, 17)(  6, 21)(  7, 25)(  8, 29)( 10, 32)( 11, 33)( 12, 37)
        ( 14, 40)( 15, 41)( 16, 45)( 18, 48)( 19, 49)( 20, 22)( 23, 53)( 24, 57)( 26, 60)( 27, 61)( 28, 65)
        ( 30, 68)( 31, 69)( 34, 72)( 35,244)( 36, 77)( 38, 80)( 39, 81)( 42, 84)( 43, 85)( 44, 89)( 46, 92)
        ( 47, 93)( 50, 96)( 51, 97)( 52, 54)( 55,101)( 56,105)( 58,108)( 59,109)( 62,112)( 63,113)( 64,117)
        ( 66,120)( 67,121)( 70,124)( 71, 75)( 73,242)( 74,241)( 76,125)( 78,132)( 79,133)( 82,136)( 83,137)
        ( 86,140)( 87,115)( 88,141)( 90,144)( 91,145)( 94,148)( 95,149)( 98,152)( 99,153)(100,102)(103,157)
        (104,161)(106,164)(107,165)(110,168)(111,169)(114,172)(116,173)(118,176)(119,177)(122,180)(123,126)
        (127,181)(128,130)(129,243)(131,185)(134,188)(135,189)(138,192)(139,174)(142,171)(143,193)(146,196)
        (147,197)(150,200)(151,248)(154,247)(155,205)(156,158)(159,209)(160,252)(162,251)(163,217)(166,220)
        (167,221)(170,224)(175,225)(178,228)(179,182)(183,231)(184,186)(187,256)(190,255)(191,226)(194,223)
        (195,233)(198,236)(199,203)(201,246)(202,245)(204,206)(207,235)(208,210)(211,237)(212,215)(213,250)
        (214,249)(216,218)(219,240)(222,239)(227,232)(229,254)(230,253)(234,238),
      nbP := 256,
      next := (  1,  2,  3,  4)(  5,  6,  7,  8)(  9, 10, 11, 12)( 13, 14, 15, 16)( 17, 18, 19, 20)
        ( 21, 22, 23, 24)( 25, 26, 27, 28)( 29, 30, 31, 32)( 33, 34, 35, 36)( 37, 38, 39, 40)( 41, 42, 43, 44)
        ( 45, 46, 47, 48)( 49, 50, 51, 52)( 53, 54, 55, 56)( 57, 58, 59, 60)( 61, 62, 63, 64)( 65, 66, 67, 68)
        ( 69, 70, 71, 72)( 73, 74, 75, 76)( 77, 78, 79, 80)( 81, 82, 83, 84)( 85, 86, 87, 88)( 89, 90, 91, 92)
        ( 93, 94, 95, 96)( 97, 98, 99,100)(101,102,103,104)(105,106,107,108)(109,110,111,112)(113,114,115,116)
        (117,118,119,120)(121,122,123,124)(125,126,127,128)(129,130,131,132)(133,134,135,136)(137,138,139,140)
        (141,142,143,144)(145,146,147,148)(149,150,151,152)(153,154,155,156)(157,158,159,160)(161,162,163,164)
        (165,166,167,168)(169,170,171,172)(173,174,175,176)(177,178,179,180)(181,182,183,184)(185,186,187,188)
        (189,190,191,192)(193,194,195,196)(197,198,199,200)(201,202,203,204)(205,206,207,208)(209,210,211,212)
        (213,214,215,216)(217,218,219,220)(221,222,223,224)(225,226,227,228)(229,230,231,232)(233,234,235,236)
        (237,238,239,240)(241,242,243,244)(245,246,247,248)(249,250,251,252)(253,254,255,256) ), rec(
      MapDEvert := [ 1, 1, 1, 1, 2, 2, 2, 2, 3, 3, 3, 3, 4, 4, 4, 4, 5, 5, 5, 5, 6, 6, 6, 6, 7, 7, 7, 7, 8, 
          8, 8, 8, 9, 9, 9, 9, 10, 10, 10, 10, 11, 11, 11, 11, 12, 12, 12, 12, 13, 13, 13, 13, 14, 14, 14, 
          14, 15, 15, 15, 15, 16, 16, 16, 16, 17, 17, 17, 17, 18, 18, 18, 18, 19, 19, 19, 19, 20, 20, 20, 20, 
          21, 21, 21, 21, 22, 22, 22, 22, 23, 23, 23, 23, 24, 24, 24, 24, 25, 25, 25, 25, 26, 26, 26, 26, 27, 
          27, 27, 27, 28, 28, 28, 28, 29, 29, 29, 29, 30, 30, 30, 30, 31, 31, 31, 31, 32, 32, 32, 32, 33, 33, 
          33, 33, 34, 34, 34, 34, 35, 35, 35, 35, 36, 36, 36, 36, 37, 37, 37, 37, 38, 38, 38, 38, 39, 39, 39, 
          39, 40, 40, 40, 40, 41, 41, 41, 41, 42, 42, 42, 42, 43, 43, 43, 43, 44, 44, 44, 44, 45, 45, 45, 45, 
          46, 46, 46, 46, 47, 47, 47, 47, 48, 48, 48, 48, 49, 49, 49, 49, 50, 50, 50, 50, 51, 51, 51, 51, 52, 
          52, 52, 52, 53, 53, 53, 53, 54, 54, 54, 54, 55, 55, 55, 55, 56, 56, 56, 56, 57, 57, 57, 57, 58, 58, 
          58, 58, 59, 59, 59, 59, 60, 60, 60, 60, 61, 61, 61, 61, 62, 62, 62, 62, 63, 63, 63, 63, 64, 64, 64, 
          64 ],
      MapVertDE := [ [ 1 .. 4 ], [ 5 .. 8 ], [ 9 .. 12 ], [ 13 .. 16 ], [ 17 .. 20 ], [ 21 .. 24 ], 
          [ 25 .. 28 ], [ 29 .. 32 ], [ 33 .. 36 ], [ 37 .. 40 ], [ 41 .. 44 ], [ 45 .. 48 ], [ 49 .. 52 ], 
          [ 53 .. 56 ], [ 57 .. 60 ], [ 61 .. 64 ], [ 65 .. 68 ], [ 69 .. 72 ], [ 73 .. 76 ], [ 77 .. 80 ], 
          [ 81 .. 84 ], [ 85 .. 88 ], [ 89 .. 92 ], [ 93 .. 96 ], [ 97 .. 100 ], [ 101 .. 104 ], 
          [ 105 .. 108 ], [ 109 .. 112 ], [ 113 .. 116 ], [ 117 .. 120 ], [ 121 .. 124 ], [ 125 .. 128 ], 
          [ 129 .. 132 ], [ 133 .. 136 ], [ 137 .. 140 ], [ 141 .. 144 ], [ 145 .. 148 ], [ 149 .. 152 ], 
          [ 153 .. 156 ], [ 157 .. 160 ], [ 161 .. 164 ], [ 165 .. 168 ], [ 169 .. 172 ], [ 173 .. 176 ], 
          [ 177 .. 180 ], [ 181 .. 184 ], [ 185 .. 188 ], [ 189 .. 192 ], [ 193 .. 196 ], [ 197 .. 200 ], 
          [ 201 .. 204 ], [ 205 .. 208 ], [ 209 .. 212 ], [ 213 .. 216 ], [ 217 .. 220 ], [ 221 .. 224 ], 
          [ 225 .. 228 ], [ 229 .. 232 ], [ 233 .. 236 ], [ 237 .. 240 ], [ 241 .. 244 ], [ 245 .. 248 ], 
          [ 249 .. 252 ], [ 253 .. 256 ] ],
      invers := (  1,  5)(  2,  9)(  3, 13)(  4, 17)(  6, 23)(  7, 25)(  8, 29)( 10, 32)( 11, 33)( 12, 37)
        ( 14, 40)( 15, 41)( 16, 45)( 18, 48)( 19, 49)( 20, 24)( 21,242)( 22,241)( 26,244)( 27, 55)( 28, 57)
        ( 30, 60)( 31, 61)( 34, 64)( 35, 65)( 36, 69)( 38, 72)( 39, 73)( 42, 76)( 43, 77)( 44, 81)( 46, 84)
        ( 47, 85)( 50, 88)( 51, 56)( 52,243)( 53,246)( 54,245)( 58,248)( 59, 89)( 62, 92)( 63, 93)( 66, 96)
        ( 67, 97)( 68,101)( 70,104)( 71,105)( 74,108)( 75,109)( 78,112)( 79, 98)( 80, 95)( 82, 94)( 83, 91)
        ( 86, 90)( 87,247)( 99,113)(100,117)(102,120)(103,121)(106,124)(107,125)(110,128)(111,114)(115,129)
        (116,133)(118,136)(119,137)(122,140)(123,141)(126,144)(127,130)(131,145)(132,149)(134,152)(135,153)
        (138,156)(139,157)(142,160)(143,146)(147,161)(148,165)(150,168)(151,169)(154,172)(155,173)(158,176)
        (159,162)(163,177)(164,181)(166,184)(167,185)(170,188)(171,189)(174,192)(175,178)(179,193)(180,197)
        (182,200)(183,201)(186,204)(187,205)(190,208)(191,194)(195,209)(196,213)(198,216)(199,217)(202,220)
        (203,221)(206,224)(207,210)(211,227)(212,229)(214,232)(215,256)(218,255)(219,237)(222,240)(223,228)
        (225,250)(226,249)(230,252)(231,235)(233,254)(234,253)(236,238)(239,251),
      nbP := 256,
      next := (  1,  2,  3,  4)(  5,  6,  7,  8)(  9, 10, 11, 12)( 13, 14, 15, 16)( 17, 18, 19, 20)
        ( 21, 22, 23, 24)( 25, 26, 27, 28)( 29, 30, 31, 32)( 33, 34, 35, 36)( 37, 38, 39, 40)( 41, 42, 43, 44)
        ( 45, 46, 47, 48)( 49, 50, 51, 52)( 53, 54, 55, 56)( 57, 58, 59, 60)( 61, 62, 63, 64)( 65, 66, 67, 68)
        ( 69, 70, 71, 72)( 73, 74, 75, 76)( 77, 78, 79, 80)( 81, 82, 83, 84)( 85, 86, 87, 88)( 89, 90, 91, 92)
        ( 93, 94, 95, 96)( 97, 98, 99,100)(101,102,103,104)(105,106,107,108)(109,110,111,112)(113,114,115,116)
        (117,118,119,120)(121,122,123,124)(125,126,127,128)(129,130,131,132)(133,134,135,136)(137,138,139,140)
        (141,142,143,144)(145,146,147,148)(149,150,151,152)(153,154,155,156)(157,158,159,160)(161,162,163,164)
        (165,166,167,168)(169,170,171,172)(173,174,175,176)(177,178,179,180)(181,182,183,184)(185,186,187,188)
        (189,190,191,192)(193,194,195,196)(197,198,199,200)(201,202,203,204)(205,206,207,208)(209,210,211,212)
        (213,214,215,216)(217,218,219,220)(221,222,223,224)(225,226,227,228)(229,230,231,232)(233,234,235,236)
        (237,238,239,240)(241,242,243,244)(245,246,247,248)(249,250,251,252)(253,254,255,256) ), rec(
      MapDEvert := [ 1, 1, 1, 1, 2, 2, 2, 2, 3, 3, 3, 3, 4, 4, 4, 4, 5, 5, 5, 5, 6, 6, 6, 6, 7, 7, 7, 7, 8, 
          8, 8, 8, 9, 9, 9, 9, 10, 10, 10, 10, 11, 11, 11, 11, 12, 12, 12, 12, 13, 13, 13, 13, 14, 14, 14, 
          14, 15, 15, 15, 15, 16, 16, 16, 16, 17, 17, 17, 17, 18, 18, 18, 18, 19, 19, 19, 19, 20, 20, 20, 20, 
          21, 21, 21, 21, 22, 22, 22, 22, 23, 23, 23, 23, 24, 24, 24, 24, 25, 25, 25, 25, 26, 26, 26, 26, 27, 
          27, 27, 27, 28, 28, 28, 28, 29, 29, 29, 29, 30, 30, 30, 30, 31, 31, 31, 31, 32, 32, 32, 32, 33, 33, 
          33, 33, 34, 34, 34, 34, 35, 35, 35, 35, 36, 36, 36, 36, 37, 37, 37, 37, 38, 38, 38, 38, 39, 39, 39, 
          39, 40, 40, 40, 40, 41, 41, 41, 41, 42, 42, 42, 42, 43, 43, 43, 43, 44, 44, 44, 44, 45, 45, 45, 45, 
          46, 46, 46, 46, 47, 47, 47, 47, 48, 48, 48, 48, 49, 49, 49, 49, 50, 50, 50, 50, 51, 51, 51, 51, 52, 
          52, 52, 52, 53, 53, 53, 53, 54, 54, 54, 54, 55, 55, 55, 55, 56, 56, 56, 56, 57, 57, 57, 57, 58, 58, 
          58, 58, 59, 59, 59, 59, 60, 60, 60, 60, 61, 61, 61, 61, 62, 62, 62, 62, 63, 63, 63, 63, 64, 64, 64, 
          64 ],
      MapVertDE := [ [ 1 .. 4 ], [ 5 .. 8 ], [ 9 .. 12 ], [ 13 .. 16 ], [ 17 .. 20 ], [ 21 .. 24 ], 
          [ 25 .. 28 ], [ 29 .. 32 ], [ 33 .. 36 ], [ 37 .. 40 ], [ 41 .. 44 ], [ 45 .. 48 ], [ 49 .. 52 ], 
          [ 53 .. 56 ], [ 57 .. 60 ], [ 61 .. 64 ], [ 65 .. 68 ], [ 69 .. 72 ], [ 73 .. 76 ], [ 77 .. 80 ], 
          [ 81 .. 84 ], [ 85 .. 88 ], [ 89 .. 92 ], [ 93 .. 96 ], [ 97 .. 100 ], [ 101 .. 104 ], 
          [ 105 .. 108 ], [ 109 .. 112 ], [ 113 .. 116 ], [ 117 .. 120 ], [ 121 .. 124 ], [ 125 .. 128 ], 
          [ 129 .. 132 ], [ 133 .. 136 ], [ 137 .. 140 ], [ 141 .. 144 ], [ 145 .. 148 ], [ 149 .. 152 ], 
          [ 153 .. 156 ], [ 157 .. 160 ], [ 161 .. 164 ], [ 165 .. 168 ], [ 169 .. 172 ], [ 173 .. 176 ], 
          [ 177 .. 180 ], [ 181 .. 184 ], [ 185 .. 188 ], [ 189 .. 192 ], [ 193 .. 196 ], [ 197 .. 200 ], 
          [ 201 .. 204 ], [ 205 .. 208 ], [ 209 .. 212 ], [ 213 .. 216 ], [ 217 .. 220 ], [ 221 .. 224 ], 
          [ 225 .. 228 ], [ 229 .. 232 ], [ 233 .. 236 ], [ 237 .. 240 ], [ 241 .. 244 ], [ 245 .. 248 ], 
          [ 249 .. 252 ], [ 253 .. 256 ] ],
      invers := (  1,  5)(  2,  9)(  3, 13)(  4, 17)(  6, 23)(  7, 25)(  8, 29)( 10, 32)( 11, 33)( 12, 37)
        ( 14, 40)( 15, 41)( 16, 45)( 18, 48)( 19, 49)( 20, 24)( 21,242)( 22,241)( 26,244)( 27, 55)( 28, 57)
        ( 30, 60)( 31, 61)( 34, 64)( 35, 65)( 36, 69)( 38, 72)( 39, 73)( 42, 76)( 43, 77)( 44, 81)( 46, 84)
        ( 47, 85)( 50, 88)( 51, 56)( 52,243)( 53,246)( 54,245)( 58,248)( 59, 89)( 62, 92)( 63, 93)( 66, 96)
        ( 67, 97)( 68,101)( 70,104)( 71,105)( 74,108)( 75,109)( 78,112)( 79, 98)( 80, 95)( 82, 94)( 83, 91)
        ( 86, 90)( 87,247)( 99,113)(100,117)(102,120)(103,121)(106,124)(107,125)(110,128)(111,114)(115,129)
        (116,133)(118,136)(119,137)(122,140)(123,141)(126,144)(127,130)(131,145)(132,149)(134,152)(135,153)
        (138,156)(139,157)(142,160)(143,146)(147,161)(148,165)(150,168)(151,169)(154,172)(155,173)(158,176)
        (159,162)(163,177)(164,181)(166,184)(167,185)(170,188)(171,189)(174,192)(175,178)(179,193)(180,197)
        (182,200)(183,201)(186,204)(187,205)(190,208)(191,194)(195,209)(196,213)(198,216)(199,217)(202,220)
        (203,221)(206,224)(207,210)(211,225)(212,252)(214,251)(215,233)(218,236)(219,256)(222,255)(223,226)
        (227,240)(228,231)(229,250)(230,249)(232,234)(235,239)(237,254)(238,253),
      nbP := 256,
      next := (  1,  2,  3,  4)(  5,  6,  7,  8)(  9, 10, 11, 12)( 13, 14, 15, 16)( 17, 18, 19, 20)
        ( 21, 22, 23, 24)( 25, 26, 27, 28)( 29, 30, 31, 32)( 33, 34, 35, 36)( 37, 38, 39, 40)( 41, 42, 43, 44)
        ( 45, 46, 47, 48)( 49, 50, 51, 52)( 53, 54, 55, 56)( 57, 58, 59, 60)( 61, 62, 63, 64)( 65, 66, 67, 68)
        ( 69, 70, 71, 72)( 73, 74, 75, 76)( 77, 78, 79, 80)( 81, 82, 83, 84)( 85, 86, 87, 88)( 89, 90, 91, 92)
        ( 93, 94, 95, 96)( 97, 98, 99,100)(101,102,103,104)(105,106,107,108)(109,110,111,112)(113,114,115,116)
        (117,118,119,120)(121,122,123,124)(125,126,127,128)(129,130,131,132)(133,134,135,136)(137,138,139,140)
        (141,142,143,144)(145,146,147,148)(149,150,151,152)(153,154,155,156)(157,158,159,160)(161,162,163,164)
        (165,166,167,168)(169,170,171,172)(173,174,175,176)(177,178,179,180)(181,182,183,184)(185,186,187,188)
        (189,190,191,192)(193,194,195,196)(197,198,199,200)(201,202,203,204)(205,206,207,208)(209,210,211,212)
        (213,214,215,216)(217,218,219,220)(221,222,223,224)(225,226,227,228)(229,230,231,232)(233,234,235,236)
        (237,238,239,240)(241,242,243,244)(245,246,247,248)(249,250,251,252)(253,254,255,256) ), rec(
      MapDEvert := [ 1, 1, 1, 1, 2, 2, 2, 2, 3, 3, 3, 3, 4, 4, 4, 4, 5, 5, 5, 5, 6, 6, 6, 6, 7, 7, 7, 7, 8, 
          8, 8, 8, 9, 9, 9, 9, 10, 10, 10, 10, 11, 11, 11, 11, 12, 12, 12, 12, 13, 13, 13, 13, 14, 14, 14, 
          14, 15, 15, 15, 15, 16, 16, 16, 16, 17, 17, 17, 17, 18, 18, 18, 18, 19, 19, 19, 19, 20, 20, 20, 20, 
          21, 21, 21, 21, 22, 22, 22, 22, 23, 23, 23, 23, 24, 24, 24, 24, 25, 25, 25, 25, 26, 26, 26, 26, 27, 
          27, 27, 27, 28, 28, 28, 28, 29, 29, 29, 29, 30, 30, 30, 30, 31, 31, 31, 31, 32, 32, 32, 32, 33, 33, 
          33, 33, 34, 34, 34, 34, 35, 35, 35, 35, 36, 36, 36, 36, 37, 37, 37, 37, 38, 38, 38, 38, 39, 39, 39, 
          39, 40, 40, 40, 40, 41, 41, 41, 41, 42, 42, 42, 42, 43, 43, 43, 43, 44, 44, 44, 44, 45, 45, 45, 45, 
          46, 46, 46, 46, 47, 47, 47, 47, 48, 48, 48, 48, 49, 49, 49, 49, 50, 50, 50, 50, 51, 51, 51, 51, 52, 
          52, 52, 52, 53, 53, 53, 53, 54, 54, 54, 54, 55, 55, 55, 55, 56, 56, 56, 56, 57, 57, 57, 57, 58, 58, 
          58, 58, 59, 59, 59, 59, 60, 60, 60, 60, 61, 61, 61, 61, 62, 62, 62, 62, 63, 63, 63, 63, 64, 64, 64, 
          64 ],
      MapVertDE := [ [ 1 .. 4 ], [ 5 .. 8 ], [ 9 .. 12 ], [ 13 .. 16 ], [ 17 .. 20 ], [ 21 .. 24 ], 
          [ 25 .. 28 ], [ 29 .. 32 ], [ 33 .. 36 ], [ 37 .. 40 ], [ 41 .. 44 ], [ 45 .. 48 ], [ 49 .. 52 ], 
          [ 53 .. 56 ], [ 57 .. 60 ], [ 61 .. 64 ], [ 65 .. 68 ], [ 69 .. 72 ], [ 73 .. 76 ], [ 77 .. 80 ], 
          [ 81 .. 84 ], [ 85 .. 88 ], [ 89 .. 92 ], [ 93 .. 96 ], [ 97 .. 100 ], [ 101 .. 104 ], 
          [ 105 .. 108 ], [ 109 .. 112 ], [ 113 .. 116 ], [ 117 .. 120 ], [ 121 .. 124 ], [ 125 .. 128 ], 
          [ 129 .. 132 ], [ 133 .. 136 ], [ 137 .. 140 ], [ 141 .. 144 ], [ 145 .. 148 ], [ 149 .. 152 ], 
          [ 153 .. 156 ], [ 157 .. 160 ], [ 161 .. 164 ], [ 165 .. 168 ], [ 169 .. 172 ], [ 173 .. 176 ], 
          [ 177 .. 180 ], [ 181 .. 184 ], [ 185 .. 188 ], [ 189 .. 192 ], [ 193 .. 196 ], [ 197 .. 200 ], 
          [ 201 .. 204 ], [ 205 .. 208 ], [ 209 .. 212 ], [ 213 .. 216 ], [ 217 .. 220 ], [ 221 .. 224 ], 
          [ 225 .. 228 ], [ 229 .. 232 ], [ 233 .. 236 ], [ 237 .. 240 ], [ 241 .. 244 ], [ 245 .. 248 ], 
          [ 249 .. 252 ], [ 253 .. 256 ] ],
      invers := (  1,  5)(  2,  9)(  3, 13)(  4, 17)(  6, 21)(  7, 25)(  8, 29)( 10, 32)( 11, 33)( 12, 37)
        ( 14, 40)( 15,244)( 16, 45)( 18, 48)( 19, 49)( 20, 22)( 23, 53)( 24, 57)( 26, 60)( 27, 61)( 28, 65)
        ( 30, 68)( 31, 69)( 34, 72)( 35, 73)( 36, 77)( 38, 80)( 39, 43)( 41,242)( 42,241)( 44, 81)( 46, 88)
        ( 47, 89)( 50, 92)( 51, 93)( 52, 54)( 55, 97)( 56,101)( 58,104)( 59,105)( 62,108)( 63,109)( 64,113)
        ( 66,116)( 67,117)( 70,120)( 71,121)( 74,124)( 75,125)( 76,129)( 78,132)( 79, 82)( 83,133)( 84, 86)
        ( 85,243)( 87,137)( 90,140)( 91,141)( 94,144)( 95,145)( 96, 98)( 99,149)(100,153)(102,156)(103,157)
        (106,160)(107,161)(110,164)(111,165)(112,169)(114,172)(115,248)(118,247)(119,177)(122,180)(123,181)
        (126,184)(127,185)(128,189)(130,192)(131,134)(135,193)(136,138)(139,197)(142,200)(143,252)(146,251)
        (147,205)(148,150)(151,209)(152,213)(154,216)(155,217)(158,220)(159,256)(162,255)(163,225)(166,228)
        (167,229)(168,233)(170,236)(171,175)(173,246)(174,245)(176,178)(179,235)(182,234)(183,232)(186,231)
        (187,214)(188,212)(190,211)(191,194)(195,207)(196,198)(199,203)(201,250)(202,249)(204,206)(208,210)
        (215,237)(218,240)(219,223)(221,254)(222,253)(224,226)(227,239)(230,238),
      nbP := 256,
      next := (  1,  2,  3,  4)(  5,  6,  7,  8)(  9, 10, 11, 12)( 13, 14, 15, 16)( 17, 18, 19, 20)
        ( 21, 22, 23, 24)( 25, 26, 27, 28)( 29, 30, 31, 32)( 33, 34, 35, 36)( 37, 38, 39, 40)( 41, 42, 43, 44)
        ( 45, 46, 47, 48)( 49, 50, 51, 52)( 53, 54, 55, 56)( 57, 58, 59, 60)( 61, 62, 63, 64)( 65, 66, 67, 68)
        ( 69, 70, 71, 72)( 73, 74, 75, 76)( 77, 78, 79, 80)( 81, 82, 83, 84)( 85, 86, 87, 88)( 89, 90, 91, 92)
        ( 93, 94, 95, 96)( 97, 98, 99,100)(101,102,103,104)(105,106,107,108)(109,110,111,112)(113,114,115,116)
        (117,118,119,120)(121,122,123,124)(125,126,127,128)(129,130,131,132)(133,134,135,136)(137,138,139,140)
        (141,142,143,144)(145,146,147,148)(149,150,151,152)(153,154,155,156)(157,158,159,160)(161,162,163,164)
        (165,166,167,168)(169,170,171,172)(173,174,175,176)(177,178,179,180)(181,182,183,184)(185,186,187,188)
        (189,190,191,192)(193,194,195,196)(197,198,199,200)(201,202,203,204)(205,206,207,208)(209,210,211,212)
        (213,214,215,216)(217,218,219,220)(221,222,223,224)(225,226,227,228)(229,230,231,232)(233,234,235,236)
        (237,238,239,240)(241,242,243,244)(245,246,247,248)(249,250,251,252)(253,254,255,256) ), rec(
      MapDEvert := [ 1, 1, 1, 1, 2, 2, 2, 2, 3, 3, 3, 3, 4, 4, 4, 4, 5, 5, 5, 5, 6, 6, 6, 6, 7, 7, 7, 7, 8, 
          8, 8, 8, 9, 9, 9, 9, 10, 10, 10, 10, 11, 11, 11, 11, 12, 12, 12, 12, 13, 13, 13, 13, 14, 14, 14, 
          14, 15, 15, 15, 15, 16, 16, 16, 16, 17, 17, 17, 17, 18, 18, 18, 18, 19, 19, 19, 19, 20, 20, 20, 20, 
          21, 21, 21, 21, 22, 22, 22, 22, 23, 23, 23, 23, 24, 24, 24, 24, 25, 25, 25, 25, 26, 26, 26, 26, 27, 
          27, 27, 27, 28, 28, 28, 28, 29, 29, 29, 29, 30, 30, 30, 30, 31, 31, 31, 31, 32, 32, 32, 32, 33, 33, 
          33, 33, 34, 34, 34, 34, 35, 35, 35, 35, 36, 36, 36, 36, 37, 37, 37, 37, 38, 38, 38, 38, 39, 39, 39, 
          39, 40, 40, 40, 40, 41, 41, 41, 41, 42, 42, 42, 42, 43, 43, 43, 43, 44, 44, 44, 44, 45, 45, 45, 45, 
          46, 46, 46, 46, 47, 47, 47, 47, 48, 48, 48, 48, 49, 49, 49, 49, 50, 50, 50, 50, 51, 51, 51, 51, 52, 
          52, 52, 52, 53, 53, 53, 53, 54, 54, 54, 54, 55, 55, 55, 55, 56, 56, 56, 56, 57, 57, 57, 57, 58, 58, 
          58, 58, 59, 59, 59, 59, 60, 60, 60, 60, 61, 61, 61, 61, 62, 62, 62, 62, 63, 63, 63, 63, 64, 64, 64, 
          64 ],
      MapVertDE := [ [ 1 .. 4 ], [ 5 .. 8 ], [ 9 .. 12 ], [ 13 .. 16 ], [ 17 .. 20 ], [ 21 .. 24 ], 
          [ 25 .. 28 ], [ 29 .. 32 ], [ 33 .. 36 ], [ 37 .. 40 ], [ 41 .. 44 ], [ 45 .. 48 ], [ 49 .. 52 ], 
          [ 53 .. 56 ], [ 57 .. 60 ], [ 61 .. 64 ], [ 65 .. 68 ], [ 69 .. 72 ], [ 73 .. 76 ], [ 77 .. 80 ], 
          [ 81 .. 84 ], [ 85 .. 88 ], [ 89 .. 92 ], [ 93 .. 96 ], [ 97 .. 100 ], [ 101 .. 104 ], 
          [ 105 .. 108 ], [ 109 .. 112 ], [ 113 .. 116 ], [ 117 .. 120 ], [ 121 .. 124 ], [ 125 .. 128 ], 
          [ 129 .. 132 ], [ 133 .. 136 ], [ 137 .. 140 ], [ 141 .. 144 ], [ 145 .. 148 ], [ 149 .. 152 ], 
          [ 153 .. 156 ], [ 157 .. 160 ], [ 161 .. 164 ], [ 165 .. 168 ], [ 169 .. 172 ], [ 173 .. 176 ], 
          [ 177 .. 180 ], [ 181 .. 184 ], [ 185 .. 188 ], [ 189 .. 192 ], [ 193 .. 196 ], [ 197 .. 200 ], 
          [ 201 .. 204 ], [ 205 .. 208 ], [ 209 .. 212 ], [ 213 .. 216 ], [ 217 .. 220 ], [ 221 .. 224 ], 
          [ 225 .. 228 ], [ 229 .. 232 ], [ 233 .. 236 ], [ 237 .. 240 ], [ 241 .. 244 ], [ 245 .. 248 ], 
          [ 249 .. 252 ], [ 253 .. 256 ] ],
      invers := (  1,  5)(  2,  9)(  3, 13)(  4, 17)(  6, 21)(  7, 25)(  8, 29)( 10, 32)( 11, 33)( 12, 37)
        ( 14, 40)( 15,244)( 16, 45)( 18, 48)( 19, 49)( 20, 22)( 23, 53)( 24, 57)( 26, 60)( 27, 61)( 28, 65)
        ( 30, 68)( 31, 69)( 34, 72)( 35, 73)( 36, 77)( 38, 80)( 39, 43)( 41,242)( 42,241)( 44, 81)( 46, 88)
        ( 47, 89)( 50, 92)( 51, 93)( 52, 54)( 55, 97)( 56,101)( 58,104)( 59,105)( 62,108)( 63,109)( 64,113)
        ( 66,116)( 67,117)( 70,120)( 71,121)( 74,124)( 75,125)( 76,129)( 78,132)( 79, 82)( 83,133)( 84, 86)
        ( 85,243)( 87,137)( 90,140)( 91,248)( 94,247)( 95,145)( 96, 98)( 99,149)(100,153)(102,156)(103,157)
        (106,160)(107,161)(110,164)(111,167)(112,169)(114,172)(115,173)(118,176)(119,177)(122,180)(123,181)
        (126,184)(127,154)(128,152)(130,151)(131,134)(135,147)(136,138)(139,143)(141,246)(142,245)(144,146)
        (148,150)(155,185)(158,188)(159,189)(162,192)(163,193)(165,250)(166,249)(168,196)(170,252)(171,201)
        (174,204)(175,205)(178,208)(179,209)(182,212)(183,186)(187,213)(190,216)(191,217)(194,220)(195,198)
        (197,251)(199,221)(200,202)(203,225)(206,228)(207,229)(210,232)(211,214)(215,233)(218,236)(219,222)
        (223,239)(224,226)(227,256)(230,255)(231,234)(235,240)(237,254)(238,253),
      nbP := 256,
      next := (  1,  2,  3,  4)(  5,  6,  7,  8)(  9, 10, 11, 12)( 13, 14, 15, 16)( 17, 18, 19, 20)
        ( 21, 22, 23, 24)( 25, 26, 27, 28)( 29, 30, 31, 32)( 33, 34, 35, 36)( 37, 38, 39, 40)( 41, 42, 43, 44)
        ( 45, 46, 47, 48)( 49, 50, 51, 52)( 53, 54, 55, 56)( 57, 58, 59, 60)( 61, 62, 63, 64)( 65, 66, 67, 68)
        ( 69, 70, 71, 72)( 73, 74, 75, 76)( 77, 78, 79, 80)( 81, 82, 83, 84)( 85, 86, 87, 88)( 89, 90, 91, 92)
        ( 93, 94, 95, 96)( 97, 98, 99,100)(101,102,103,104)(105,106,107,108)(109,110,111,112)(113,114,115,116)
        (117,118,119,120)(121,122,123,124)(125,126,127,128)(129,130,131,132)(133,134,135,136)(137,138,139,140)
        (141,142,143,144)(145,146,147,148)(149,150,151,152)(153,154,155,156)(157,158,159,160)(161,162,163,164)
        (165,166,167,168)(169,170,171,172)(173,174,175,176)(177,178,179,180)(181,182,183,184)(185,186,187,188)
        (189,190,191,192)(193,194,195,196)(197,198,199,200)(201,202,203,204)(205,206,207,208)(209,210,211,212)
        (213,214,215,216)(217,218,219,220)(221,222,223,224)(225,226,227,228)(229,230,231,232)(233,234,235,236)
        (237,238,239,240)(241,242,243,244)(245,246,247,248)(249,250,251,252)(253,254,255,256) ), rec(
      MapDEvert := [ 1, 1, 1, 1, 2, 2, 2, 2, 3, 3, 3, 3, 4, 4, 4, 4, 5, 5, 5, 5, 6, 6, 6, 6, 7, 7, 7, 7, 8, 
          8, 8, 8, 9, 9, 9, 9, 10, 10, 10, 10, 11, 11, 11, 11, 12, 12, 12, 12, 13, 13, 13, 13, 14, 14, 14, 
          14, 15, 15, 15, 15, 16, 16, 16, 16, 17, 17, 17, 17, 18, 18, 18, 18, 19, 19, 19, 19, 20, 20, 20, 20, 
          21, 21, 21, 21, 22, 22, 22, 22, 23, 23, 23, 23, 24, 24, 24, 24, 25, 25, 25, 25, 26, 26, 26, 26, 27, 
          27, 27, 27, 28, 28, 28, 28, 29, 29, 29, 29, 30, 30, 30, 30, 31, 31, 31, 31, 32, 32, 32, 32, 33, 33, 
          33, 33, 34, 34, 34, 34, 35, 35, 35, 35, 36, 36, 36, 36, 37, 37, 37, 37, 38, 38, 38, 38, 39, 39, 39, 
          39, 40, 40, 40, 40, 41, 41, 41, 41, 42, 42, 42, 42, 43, 43, 43, 43, 44, 44, 44, 44, 45, 45, 45, 45, 
          46, 46, 46, 46, 47, 47, 47, 47, 48, 48, 48, 48, 49, 49, 49, 49, 50, 50, 50, 50, 51, 51, 51, 51, 52, 
          52, 52, 52, 53, 53, 53, 53, 54, 54, 54, 54, 55, 55, 55, 55, 56, 56, 56, 56, 57, 57, 57, 57, 58, 58, 
          58, 58, 59, 59, 59, 59, 60, 60, 60, 60, 61, 61, 61, 61, 62, 62, 62, 62, 63, 63, 63, 63, 64, 64, 64, 
          64 ],
      MapVertDE := [ [ 1 .. 4 ], [ 5 .. 8 ], [ 9 .. 12 ], [ 13 .. 16 ], [ 17 .. 20 ], [ 21 .. 24 ], 
          [ 25 .. 28 ], [ 29 .. 32 ], [ 33 .. 36 ], [ 37 .. 40 ], [ 41 .. 44 ], [ 45 .. 48 ], [ 49 .. 52 ], 
          [ 53 .. 56 ], [ 57 .. 60 ], [ 61 .. 64 ], [ 65 .. 68 ], [ 69 .. 72 ], [ 73 .. 76 ], [ 77 .. 80 ], 
          [ 81 .. 84 ], [ 85 .. 88 ], [ 89 .. 92 ], [ 93 .. 96 ], [ 97 .. 100 ], [ 101 .. 104 ], 
          [ 105 .. 108 ], [ 109 .. 112 ], [ 113 .. 116 ], [ 117 .. 120 ], [ 121 .. 124 ], [ 125 .. 128 ], 
          [ 129 .. 132 ], [ 133 .. 136 ], [ 137 .. 140 ], [ 141 .. 144 ], [ 145 .. 148 ], [ 149 .. 152 ], 
          [ 153 .. 156 ], [ 157 .. 160 ], [ 161 .. 164 ], [ 165 .. 168 ], [ 169 .. 172 ], [ 173 .. 176 ], 
          [ 177 .. 180 ], [ 181 .. 184 ], [ 185 .. 188 ], [ 189 .. 192 ], [ 193 .. 196 ], [ 197 .. 200 ], 
          [ 201 .. 204 ], [ 205 .. 208 ], [ 209 .. 212 ], [ 213 .. 216 ], [ 217 .. 220 ], [ 221 .. 224 ], 
          [ 225 .. 228 ], [ 229 .. 232 ], [ 233 .. 236 ], [ 237 .. 240 ], [ 241 .. 244 ], [ 245 .. 248 ], 
          [ 249 .. 252 ], [ 253 .. 256 ] ],
      invers := (  1,  5)(  2,  9)(  3, 13)(  4, 17)(  6, 21)(  7, 25)(  8, 29)( 10, 32)( 11, 33)( 12, 37)
        ( 14, 40)( 15,244)( 16,248)( 18,247)( 19, 49)( 20, 22)( 23, 53)( 24, 57)( 26, 60)( 27, 61)( 28, 65)
        ( 30, 68)( 31, 69)( 34, 72)( 35, 58)( 36, 56)( 38, 55)( 39, 43)( 41,242)( 42,241)( 44, 51)( 45,246)
        ( 46,245)( 47,243)( 48, 50)( 52, 54)( 59, 73)( 62, 76)( 63, 77)( 64, 81)( 66, 84)( 67, 85)( 70, 88)
        ( 71, 74)( 75, 89)( 78, 92)( 79, 93)( 80, 97)( 82,100)( 83,101)( 86,104)( 87, 90)( 91,105)( 94,108)
        ( 95,109)( 96,113)( 98,116)( 99,117)(102,120)(103,106)(107,121)(110,124)(111,125)(112,129)(114,132)
        (115,133)(118,136)(119,122)(123,137)(126,140)(127,141)(128,145)(130,148)(131,149)(134,152)(135,138)
        (139,153)(142,156)(143,157)(144,161)(146,164)(147,165)(150,168)(151,154)(155,169)(158,172)(159,173)
        (160,177)(162,180)(163,181)(166,184)(167,170)(171,185)(174,188)(175,189)(176,193)(178,196)(179,197)
        (182,200)(183,186)(187,201)(190,204)(191,205)(192,209)(194,212)(195,213)(198,216)(199,202)(203,217)
        (206,220)(207,223)(208,225)(210,228)(211,229)(214,232)(215,218)(219,233)(221,250)(222,249)(224,236)
        (226,252)(227,256)(230,255)(231,234)(235,240)(237,254)(238,253)(239,251),
      nbP := 256,
      next := (  1,  2,  3,  4)(  5,  6,  7,  8)(  9, 10, 11, 12)( 13, 14, 15, 16)( 17, 18, 19, 20)
        ( 21, 22, 23, 24)( 25, 26, 27, 28)( 29, 30, 31, 32)( 33, 34, 35, 36)( 37, 38, 39, 40)( 41, 42, 43, 44)
        ( 45, 46, 47, 48)( 49, 50, 51, 52)( 53, 54, 55, 56)( 57, 58, 59, 60)( 61, 62, 63, 64)( 65, 66, 67, 68)
        ( 69, 70, 71, 72)( 73, 74, 75, 76)( 77, 78, 79, 80)( 81, 82, 83, 84)( 85, 86, 87, 88)( 89, 90, 91, 92)
        ( 93, 94, 95, 96)( 97, 98, 99,100)(101,102,103,104)(105,106,107,108)(109,110,111,112)(113,114,115,116)
        (117,118,119,120)(121,122,123,124)(125,126,127,128)(129,130,131,132)(133,134,135,136)(137,138,139,140)
        (141,142,143,144)(145,146,147,148)(149,150,151,152)(153,154,155,156)(157,158,159,160)(161,162,163,164)
        (165,166,167,168)(169,170,171,172)(173,174,175,176)(177,178,179,180)(181,182,183,184)(185,186,187,188)
        (189,190,191,192)(193,194,195,196)(197,198,199,200)(201,202,203,204)(205,206,207,208)(209,210,211,212)
        (213,214,215,216)(217,218,219,220)(221,222,223,224)(225,226,227,228)(229,230,231,232)(233,234,235,236)
        (237,238,239,240)(241,242,243,244)(245,246,247,248)(249,250,251,252)(253,254,255,256) ), rec(
      MapDEvert := [ 1, 1, 1, 1, 2, 2, 2, 2, 3, 3, 3, 3, 4, 4, 4, 4, 5, 5, 5, 5, 6, 6, 6, 6, 7, 7, 7, 7, 8, 
          8, 8, 8, 9, 9, 9, 9, 10, 10, 10, 10, 11, 11, 11, 11, 12, 12, 12, 12, 13, 13, 13, 13, 14, 14, 14, 
          14, 15, 15, 15, 15, 16, 16, 16, 16, 17, 17, 17, 17, 18, 18, 18, 18, 19, 19, 19, 19, 20, 20, 20, 20, 
          21, 21, 21, 21, 22, 22, 22, 22, 23, 23, 23, 23, 24, 24, 24, 24, 25, 25, 25, 25, 26, 26, 26, 26, 27, 
          27, 27, 27, 28, 28, 28, 28, 29, 29, 29, 29, 30, 30, 30, 30, 31, 31, 31, 31, 32, 32, 32, 32, 33, 33, 
          33, 33, 34, 34, 34, 34, 35, 35, 35, 35, 36, 36, 36, 36, 37, 37, 37, 37, 38, 38, 38, 38, 39, 39, 39, 
          39, 40, 40, 40, 40, 41, 41, 41, 41, 42, 42, 42, 42, 43, 43, 43, 43, 44, 44, 44, 44, 45, 45, 45, 45, 
          46, 46, 46, 46, 47, 47, 47, 47, 48, 48, 48, 48, 49, 49, 49, 49, 50, 50, 50, 50, 51, 51, 51, 51, 52, 
          52, 52, 52, 53, 53, 53, 53, 54, 54, 54, 54, 55, 55, 55, 55, 56, 56, 56, 56, 57, 57, 57, 57, 58, 58, 
          58, 58, 59, 59, 59, 59, 60, 60, 60, 60, 61, 61, 61, 61, 62, 62, 62, 62, 63, 63, 63, 63, 64, 64, 64, 
          64 ],
      MapVertDE := [ [ 1 .. 4 ], [ 5 .. 8 ], [ 9 .. 12 ], [ 13 .. 16 ], [ 17 .. 20 ], [ 21 .. 24 ], 
          [ 25 .. 28 ], [ 29 .. 32 ], [ 33 .. 36 ], [ 37 .. 40 ], [ 41 .. 44 ], [ 45 .. 48 ], [ 49 .. 52 ], 
          [ 53 .. 56 ], [ 57 .. 60 ], [ 61 .. 64 ], [ 65 .. 68 ], [ 69 .. 72 ], [ 73 .. 76 ], [ 77 .. 80 ], 
          [ 81 .. 84 ], [ 85 .. 88 ], [ 89 .. 92 ], [ 93 .. 96 ], [ 97 .. 100 ], [ 101 .. 104 ], 
          [ 105 .. 108 ], [ 109 .. 112 ], [ 113 .. 116 ], [ 117 .. 120 ], [ 121 .. 124 ], [ 125 .. 128 ], 
          [ 129 .. 132 ], [ 133 .. 136 ], [ 137 .. 140 ], [ 141 .. 144 ], [ 145 .. 148 ], [ 149 .. 152 ], 
          [ 153 .. 156 ], [ 157 .. 160 ], [ 161 .. 164 ], [ 165 .. 168 ], [ 169 .. 172 ], [ 173 .. 176 ], 
          [ 177 .. 180 ], [ 181 .. 184 ], [ 185 .. 188 ], [ 189 .. 192 ], [ 193 .. 196 ], [ 197 .. 200 ], 
          [ 201 .. 204 ], [ 205 .. 208 ], [ 209 .. 212 ], [ 213 .. 216 ], [ 217 .. 220 ], [ 221 .. 224 ], 
          [ 225 .. 228 ], [ 229 .. 232 ], [ 233 .. 236 ], [ 237 .. 240 ], [ 241 .. 244 ], [ 245 .. 248 ], 
          [ 249 .. 252 ], [ 253 .. 256 ] ],
      invers := (  1,  5)(  2,  9)(  3, 13)(  4, 17)(  6, 21)(  7, 25)(  8, 29)( 10, 32)( 11, 33)( 12,244)
        ( 14,243)( 15, 41)( 16, 45)( 18, 48)( 19, 49)( 20, 22)( 23, 53)( 24, 57)( 26, 60)( 27, 61)( 28, 65)
        ( 30, 68)( 31, 69)( 34, 72)( 35, 73)( 36, 39)( 37,242)( 38,241)( 40, 42)( 43, 76)( 44, 77)( 46, 80)
        ( 47, 81)( 50, 84)( 51, 85)( 52, 54)( 55, 89)( 56, 93)( 58, 96)( 59, 97)( 62,100)( 63,101)( 64,105)
        ( 66,108)( 67,109)( 70,112)( 71,113)( 74,116)( 75,117)( 78,120)( 79,121)( 82,124)( 83,125)( 86,128)
        ( 87,129)( 88, 90)( 91,133)( 92,248)( 94,247)( 95,141)( 98,144)( 99,145)(102,148)(103,149)(104,153)
        (106,156)(107,157)(110,160)(111,161)(114,164)(115,165)(118,168)(119,169)(122,172)(123,173)(126,176)
        (127,177)(130,180)(131,181)(132,134)(135,185)(136,139)(137,246)(138,245)(140,142)(143,188)(146,187)
        (147,189)(150,192)(151,252)(152,197)(154,200)(155,201)(158,204)(159,205)(162,208)(163,256)(166,255)
        (167,213)(170,216)(171,217)(174,220)(175,221)(178,224)(179,225)(182,228)(183,190)(184,186)(191,195)
        (193,250)(194,249)(196,227)(198,232)(199,233)(202,236)(203,237)(206,240)(207,211)(209,254)(210,253)
        (212,214)(215,239)(218,238)(219,235)(222,234)(223,231)(226,230)(229,251),
      nbP := 256,
      next := (  1,  2,  3,  4)(  5,  6,  7,  8)(  9, 10, 11, 12)( 13, 14, 15, 16)( 17, 18, 19, 20)
        ( 21, 22, 23, 24)( 25, 26, 27, 28)( 29, 30, 31, 32)( 33, 34, 35, 36)( 37, 38, 39, 40)( 41, 42, 43, 44)
        ( 45, 46, 47, 48)( 49, 50, 51, 52)( 53, 54, 55, 56)( 57, 58, 59, 60)( 61, 62, 63, 64)( 65, 66, 67, 68)
        ( 69, 70, 71, 72)( 73, 74, 75, 76)( 77, 78, 79, 80)( 81, 82, 83, 84)( 85, 86, 87, 88)( 89, 90, 91, 92)
        ( 93, 94, 95, 96)( 97, 98, 99,100)(101,102,103,104)(105,106,107,108)(109,110,111,112)(113,114,115,116)
        (117,118,119,120)(121,122,123,124)(125,126,127,128)(129,130,131,132)(133,134,135,136)(137,138,139,140)
        (141,142,143,144)(145,146,147,148)(149,150,151,152)(153,154,155,156)(157,158,159,160)(161,162,163,164)
        (165,166,167,168)(169,170,171,172)(173,174,175,176)(177,178,179,180)(181,182,183,184)(185,186,187,188)
        (189,190,191,192)(193,194,195,196)(197,198,199,200)(201,202,203,204)(205,206,207,208)(209,210,211,212)
        (213,214,215,216)(217,218,219,220)(221,222,223,224)(225,226,227,228)(229,230,231,232)(233,234,235,236)
        (237,238,239,240)(241,242,243,244)(245,246,247,248)(249,250,251,252)(253,254,255,256) ), rec(
      MapDEvert := [ 1, 1, 1, 1, 2, 2, 2, 2, 3, 3, 3, 3, 4, 4, 4, 4, 5, 5, 5, 5, 6, 6, 6, 6, 7, 7, 7, 7, 8, 
          8, 8, 8, 9, 9, 9, 9, 10, 10, 10, 10, 11, 11, 11, 11, 12, 12, 12, 12, 13, 13, 13, 13, 14, 14, 14, 
          14, 15, 15, 15, 15, 16, 16, 16, 16, 17, 17, 17, 17, 18, 18, 18, 18, 19, 19, 19, 19, 20, 20, 20, 20, 
          21, 21, 21, 21, 22, 22, 22, 22, 23, 23, 23, 23, 24, 24, 24, 24, 25, 25, 25, 25, 26, 26, 26, 26, 27, 
          27, 27, 27, 28, 28, 28, 28, 29, 29, 29, 29, 30, 30, 30, 30, 31, 31, 31, 31, 32, 32, 32, 32, 33, 33, 
          33, 33, 34, 34, 34, 34, 35, 35, 35, 35, 36, 36, 36, 36, 37, 37, 37, 37, 38, 38, 38, 38, 39, 39, 39, 
          39, 40, 40, 40, 40, 41, 41, 41, 41, 42, 42, 42, 42, 43, 43, 43, 43, 44, 44, 44, 44, 45, 45, 45, 45, 
          46, 46, 46, 46, 47, 47, 47, 47, 48, 48, 48, 48, 49, 49, 49, 49, 50, 50, 50, 50, 51, 51, 51, 51, 52, 
          52, 52, 52, 53, 53, 53, 53, 54, 54, 54, 54, 55, 55, 55, 55, 56, 56, 56, 56, 57, 57, 57, 57, 58, 58, 
          58, 58, 59, 59, 59, 59, 60, 60, 60, 60, 61, 61, 61, 61, 62, 62, 62, 62, 63, 63, 63, 63, 64, 64, 64, 
          64 ],
      MapVertDE := [ [ 1 .. 4 ], [ 5 .. 8 ], [ 9 .. 12 ], [ 13 .. 16 ], [ 17 .. 20 ], [ 21 .. 24 ], 
          [ 25 .. 28 ], [ 29 .. 32 ], [ 33 .. 36 ], [ 37 .. 40 ], [ 41 .. 44 ], [ 45 .. 48 ], [ 49 .. 52 ], 
          [ 53 .. 56 ], [ 57 .. 60 ], [ 61 .. 64 ], [ 65 .. 68 ], [ 69 .. 72 ], [ 73 .. 76 ], [ 77 .. 80 ], 
          [ 81 .. 84 ], [ 85 .. 88 ], [ 89 .. 92 ], [ 93 .. 96 ], [ 97 .. 100 ], [ 101 .. 104 ], 
          [ 105 .. 108 ], [ 109 .. 112 ], [ 113 .. 116 ], [ 117 .. 120 ], [ 121 .. 124 ], [ 125 .. 128 ], 
          [ 129 .. 132 ], [ 133 .. 136 ], [ 137 .. 140 ], [ 141 .. 144 ], [ 145 .. 148 ], [ 149 .. 152 ], 
          [ 153 .. 156 ], [ 157 .. 160 ], [ 161 .. 164 ], [ 165 .. 168 ], [ 169 .. 172 ], [ 173 .. 176 ], 
          [ 177 .. 180 ], [ 181 .. 184 ], [ 185 .. 188 ], [ 189 .. 192 ], [ 193 .. 196 ], [ 197 .. 200 ], 
          [ 201 .. 204 ], [ 205 .. 208 ], [ 209 .. 212 ], [ 213 .. 216 ], [ 217 .. 220 ], [ 221 .. 224 ], 
          [ 225 .. 228 ], [ 229 .. 232 ], [ 233 .. 236 ], [ 237 .. 240 ], [ 241 .. 244 ], [ 245 .. 248 ], 
          [ 249 .. 252 ], [ 253 .. 256 ] ],
      invers := (  1,  5)(  2,  9)(  3, 13)(  4, 17)(  6, 21)(  7,244)(  8, 29)( 10, 32)( 11, 33)( 12, 37)
        ( 14, 40)( 15, 41)( 16, 45)( 18, 48)( 19, 49)( 20, 22)( 23, 53)( 24, 27)( 25,242)( 26,241)( 28, 57)
        ( 30, 64)( 31, 65)( 34, 68)( 35, 69)( 36, 73)( 38, 76)( 39, 77)( 42, 80)( 43, 81)( 44, 85)( 46, 88)
        ( 47, 89)( 50, 92)( 51, 93)( 52, 54)( 55, 97)( 56, 58)( 59,101)( 60, 62)( 61,243)( 63,105)( 66,108)
        ( 67,109)( 70,112)( 71,113)( 72,117)( 74,120)( 75,121)( 78,124)( 79,125)( 82,128)( 83,129)( 84,133)
        ( 86,136)( 87,137)( 90,140)( 91,141)( 94,144)( 95,147)( 96, 98)( 99,248)(100,102)(103,149)(104,106)
        (107,153)(110,156)(111,157)(114,160)(115,161)(116,165)(118,168)(119,169)(122,172)(123,173)(126,176)
        (127,177)(130,180)(131,183)(132,185)(134,188)(135,189)(138,192)(139,193)(142,196)(143,197)(145,246)
        (146,245)(148,200)(150,247)(151,199)(152,154)(155,201)(158,204)(159,205)(162,208)(163,209)(164,213)
        (166,216)(167,217)(170,220)(171,256)(174,255)(175,225)(178,228)(179,229)(181,250)(182,249)(184,232)
        (186,252)(187,211)(190,210)(191,207)(194,206)(195,203)(198,202)(212,236)(214,235)(215,237)(218,240)
        (219,223)(221,254)(222,253)(224,226)(227,239)(230,238)(231,234)(233,251),
      nbP := 256,
      next := (  1,  2,  3,  4)(  5,  6,  7,  8)(  9, 10, 11, 12)( 13, 14, 15, 16)( 17, 18, 19, 20)
        ( 21, 22, 23, 24)( 25, 26, 27, 28)( 29, 30, 31, 32)( 33, 34, 35, 36)( 37, 38, 39, 40)( 41, 42, 43, 44)
        ( 45, 46, 47, 48)( 49, 50, 51, 52)( 53, 54, 55, 56)( 57, 58, 59, 60)( 61, 62, 63, 64)( 65, 66, 67, 68)
        ( 69, 70, 71, 72)( 73, 74, 75, 76)( 77, 78, 79, 80)( 81, 82, 83, 84)( 85, 86, 87, 88)( 89, 90, 91, 92)
        ( 93, 94, 95, 96)( 97, 98, 99,100)(101,102,103,104)(105,106,107,108)(109,110,111,112)(113,114,115,116)
        (117,118,119,120)(121,122,123,124)(125,126,127,128)(129,130,131,132)(133,134,135,136)(137,138,139,140)
        (141,142,143,144)(145,146,147,148)(149,150,151,152)(153,154,155,156)(157,158,159,160)(161,162,163,164)
        (165,166,167,168)(169,170,171,172)(173,174,175,176)(177,178,179,180)(181,182,183,184)(185,186,187,188)
        (189,190,191,192)(193,194,195,196)(197,198,199,200)(201,202,203,204)(205,206,207,208)(209,210,211,212)
        (213,214,215,216)(217,218,219,220)(221,222,223,224)(225,226,227,228)(229,230,231,232)(233,234,235,236)
        (237,238,239,240)(241,242,243,244)(245,246,247,248)(249,250,251,252)(253,254,255,256) ), rec(
      MapDEvert := [ 1, 1, 1, 1, 2, 2, 2, 2, 3, 3, 3, 3, 4, 4, 4, 4, 5, 5, 5, 5, 6, 6, 6, 6, 7, 7, 7, 7, 8, 
          8, 8, 8, 9, 9, 9, 9, 10, 10, 10, 10, 11, 11, 11, 11, 12, 12, 12, 12, 13, 13, 13, 13, 14, 14, 14, 
          14, 15, 15, 15, 15, 16, 16, 16, 16, 17, 17, 17, 17, 18, 18, 18, 18, 19, 19, 19, 19, 20, 20, 20, 20, 
          21, 21, 21, 21, 22, 22, 22, 22, 23, 23, 23, 23, 24, 24, 24, 24, 25, 25, 25, 25, 26, 26, 26, 26, 27, 
          27, 27, 27, 28, 28, 28, 28, 29, 29, 29, 29, 30, 30, 30, 30, 31, 31, 31, 31, 32, 32, 32, 32, 33, 33, 
          33, 33, 34, 34, 34, 34, 35, 35, 35, 35, 36, 36, 36, 36, 37, 37, 37, 37, 38, 38, 38, 38, 39, 39, 39, 
          39, 40, 40, 40, 40, 41, 41, 41, 41, 42, 42, 42, 42, 43, 43, 43, 43, 44, 44, 44, 44, 45, 45, 45, 45, 
          46, 46, 46, 46, 47, 47, 47, 47, 48, 48, 48, 48, 49, 49, 49, 49, 50, 50, 50, 50, 51, 51, 51, 51, 52, 
          52, 52, 52, 53, 53, 53, 53, 54, 54, 54, 54, 55, 55, 55, 55, 56, 56, 56, 56, 57, 57, 57, 57, 58, 58, 
          58, 58, 59, 59, 59, 59, 60, 60, 60, 60, 61, 61, 61, 61, 62, 62, 62, 62, 63, 63, 63, 63, 64, 64, 64, 
          64 ],
      MapVertDE := [ [ 1 .. 4 ], [ 5 .. 8 ], [ 9 .. 12 ], [ 13 .. 16 ], [ 17 .. 20 ], [ 21 .. 24 ], 
          [ 25 .. 28 ], [ 29 .. 32 ], [ 33 .. 36 ], [ 37 .. 40 ], [ 41 .. 44 ], [ 45 .. 48 ], [ 49 .. 52 ], 
          [ 53 .. 56 ], [ 57 .. 60 ], [ 61 .. 64 ], [ 65 .. 68 ], [ 69 .. 72 ], [ 73 .. 76 ], [ 77 .. 80 ], 
          [ 81 .. 84 ], [ 85 .. 88 ], [ 89 .. 92 ], [ 93 .. 96 ], [ 97 .. 100 ], [ 101 .. 104 ], 
          [ 105 .. 108 ], [ 109 .. 112 ], [ 113 .. 116 ], [ 117 .. 120 ], [ 121 .. 124 ], [ 125 .. 128 ], 
          [ 129 .. 132 ], [ 133 .. 136 ], [ 137 .. 140 ], [ 141 .. 144 ], [ 145 .. 148 ], [ 149 .. 152 ], 
          [ 153 .. 156 ], [ 157 .. 160 ], [ 161 .. 164 ], [ 165 .. 168 ], [ 169 .. 172 ], [ 173 .. 176 ], 
          [ 177 .. 180 ], [ 181 .. 184 ], [ 185 .. 188 ], [ 189 .. 192 ], [ 193 .. 196 ], [ 197 .. 200 ], 
          [ 201 .. 204 ], [ 205 .. 208 ], [ 209 .. 212 ], [ 213 .. 216 ], [ 217 .. 220 ], [ 221 .. 224 ], 
          [ 225 .. 228 ], [ 229 .. 232 ], [ 233 .. 236 ], [ 237 .. 240 ], [ 241 .. 244 ], [ 245 .. 248 ], 
          [ 249 .. 252 ], [ 253 .. 256 ] ],
      invers := (  1,  5)(  2,  9)(  3, 13)(  4, 17)(  6, 21)(  7,244)(  8, 29)( 10, 32)( 11, 33)( 12, 37)
        ( 14, 40)( 15, 41)( 16, 45)( 18, 48)( 19, 49)( 20, 22)( 23, 53)( 24, 27)( 25,242)( 26,241)( 28, 57)
        ( 30, 64)( 31, 65)( 34, 68)( 35, 69)( 36, 73)( 38, 76)( 39, 77)( 42, 80)( 43,248)( 44, 85)( 46, 88)
        ( 47, 89)( 50, 92)( 51, 93)( 52, 54)( 55, 97)( 56, 58)( 59,101)( 60, 62)( 61,243)( 63,105)( 66,108)
        ( 67,109)( 70,112)( 71,113)( 72,117)( 74,120)( 75,121)( 78,124)( 79, 83)( 81,246)( 82,245)( 84,125)
        ( 86,132)( 87,133)( 90,136)( 91,137)( 94,140)( 95,141)( 96, 98)( 99,145)(100,102)(103,149)(104,106)
        (107,153)(110,156)(111,157)(114,160)(115,161)(116,165)(118,168)(119,169)(122,172)(123,126)(127,173)
        (128,130)(129,247)(131,177)(134,180)(135,181)(138,184)(139,185)(142,188)(143,191)(144,146)(147,252)
        (148,150)(151,193)(152,154)(155,197)(158,200)(159,201)(162,204)(163,205)(164,256)(166,255)(167,213)
        (170,216)(171,174)(175,217)(176,178)(179,221)(182,224)(183,225)(186,228)(187,229)(189,250)(190,249)
        (192,232)(194,251)(195,231)(196,198)(199,233)(202,236)(203,237)(206,240)(207,219)(208,211)(209,254)
        (210,253)(212,214)(215,218)(220,222)(223,239)(226,238)(227,235)(230,234),
      nbP := 256,
      next := (  1,  2,  3,  4)(  5,  6,  7,  8)(  9, 10, 11, 12)( 13, 14, 15, 16)( 17, 18, 19, 20)
        ( 21, 22, 23, 24)( 25, 26, 27, 28)( 29, 30, 31, 32)( 33, 34, 35, 36)( 37, 38, 39, 40)( 41, 42, 43, 44)
        ( 45, 46, 47, 48)( 49, 50, 51, 52)( 53, 54, 55, 56)( 57, 58, 59, 60)( 61, 62, 63, 64)( 65, 66, 67, 68)
        ( 69, 70, 71, 72)( 73, 74, 75, 76)( 77, 78, 79, 80)( 81, 82, 83, 84)( 85, 86, 87, 88)( 89, 90, 91, 92)
        ( 93, 94, 95, 96)( 97, 98, 99,100)(101,102,103,104)(105,106,107,108)(109,110,111,112)(113,114,115,116)
        (117,118,119,120)(121,122,123,124)(125,126,127,128)(129,130,131,132)(133,134,135,136)(137,138,139,140)
        (141,142,143,144)(145,146,147,148)(149,150,151,152)(153,154,155,156)(157,158,159,160)(161,162,163,164)
        (165,166,167,168)(169,170,171,172)(173,174,175,176)(177,178,179,180)(181,182,183,184)(185,186,187,188)
        (189,190,191,192)(193,194,195,196)(197,198,199,200)(201,202,203,204)(205,206,207,208)(209,210,211,212)
        (213,214,215,216)(217,218,219,220)(221,222,223,224)(225,226,227,228)(229,230,231,232)(233,234,235,236)
        (237,238,239,240)(241,242,243,244)(245,246,247,248)(249,250,251,252)(253,254,255,256) ), rec(
      MapDEvert := [ 1, 1, 1, 1, 2, 2, 2, 2, 3, 3, 3, 3, 4, 4, 4, 4, 5, 5, 5, 5, 6, 6, 6, 6, 7, 7, 7, 7, 8, 
          8, 8, 8, 9, 9, 9, 9, 10, 10, 10, 10, 11, 11, 11, 11, 12, 12, 12, 12, 13, 13, 13, 13, 14, 14, 14, 
          14, 15, 15, 15, 15, 16, 16, 16, 16, 17, 17, 17, 17, 18, 18, 18, 18, 19, 19, 19, 19, 20, 20, 20, 20, 
          21, 21, 21, 21, 22, 22, 22, 22, 23, 23, 23, 23, 24, 24, 24, 24, 25, 25, 25, 25, 26, 26, 26, 26, 27, 
          27, 27, 27, 28, 28, 28, 28, 29, 29, 29, 29, 30, 30, 30, 30, 31, 31, 31, 31, 32, 32, 32, 32, 33, 33, 
          33, 33, 34, 34, 34, 34, 35, 35, 35, 35, 36, 36, 36, 36, 37, 37, 37, 37, 38, 38, 38, 38, 39, 39, 39, 
          39, 40, 40, 40, 40, 41, 41, 41, 41, 42, 42, 42, 42, 43, 43, 43, 43, 44, 44, 44, 44, 45, 45, 45, 45, 
          46, 46, 46, 46, 47, 47, 47, 47, 48, 48, 48, 48, 49, 49, 49, 49, 50, 50, 50, 50, 51, 51, 51, 51, 52, 
          52, 52, 52, 53, 53, 53, 53, 54, 54, 54, 54, 55, 55, 55, 55, 56, 56, 56, 56, 57, 57, 57, 57, 58, 58, 
          58, 58, 59, 59, 59, 59, 60, 60, 60, 60, 61, 61, 61, 61, 62, 62, 62, 62, 63, 63, 63, 63, 64, 64, 64, 
          64 ],
      MapVertDE := [ [ 1 .. 4 ], [ 5 .. 8 ], [ 9 .. 12 ], [ 13 .. 16 ], [ 17 .. 20 ], [ 21 .. 24 ], 
          [ 25 .. 28 ], [ 29 .. 32 ], [ 33 .. 36 ], [ 37 .. 40 ], [ 41 .. 44 ], [ 45 .. 48 ], [ 49 .. 52 ], 
          [ 53 .. 56 ], [ 57 .. 60 ], [ 61 .. 64 ], [ 65 .. 68 ], [ 69 .. 72 ], [ 73 .. 76 ], [ 77 .. 80 ], 
          [ 81 .. 84 ], [ 85 .. 88 ], [ 89 .. 92 ], [ 93 .. 96 ], [ 97 .. 100 ], [ 101 .. 104 ], 
          [ 105 .. 108 ], [ 109 .. 112 ], [ 113 .. 116 ], [ 117 .. 120 ], [ 121 .. 124 ], [ 125 .. 128 ], 
          [ 129 .. 132 ], [ 133 .. 136 ], [ 137 .. 140 ], [ 141 .. 144 ], [ 145 .. 148 ], [ 149 .. 152 ], 
          [ 153 .. 156 ], [ 157 .. 160 ], [ 161 .. 164 ], [ 165 .. 168 ], [ 169 .. 172 ], [ 173 .. 176 ], 
          [ 177 .. 180 ], [ 181 .. 184 ], [ 185 .. 188 ], [ 189 .. 192 ], [ 193 .. 196 ], [ 197 .. 200 ], 
          [ 201 .. 204 ], [ 205 .. 208 ], [ 209 .. 212 ], [ 213 .. 216 ], [ 217 .. 220 ], [ 221 .. 224 ], 
          [ 225 .. 228 ], [ 229 .. 232 ], [ 233 .. 236 ], [ 237 .. 240 ], [ 241 .. 244 ], [ 245 .. 248 ], 
          [ 249 .. 252 ], [ 253 .. 256 ] ],
      invers := (  1,  7)(  2,  9)(  3, 13)(  4, 17)(  5,242)(  6,241)(  8, 21)( 10,244)( 11, 29)( 12, 33)
        ( 14, 36)( 15, 37)( 16, 41)( 18, 44)( 19, 45)( 20, 22)( 23, 49)( 24, 26)( 25,243)( 27, 53)( 28, 30)
        ( 31, 57)( 32, 61)( 34, 64)( 35, 65)( 38, 68)( 39, 69)( 40, 73)( 42, 76)( 43, 77)( 46, 80)( 47, 81)
        ( 48, 50)( 51, 85)( 52, 54)( 55, 89)( 56, 58)( 59, 93)( 60, 97)( 62,100)( 63,101)( 66,104)( 67,105)
        ( 70,108)( 71,109)( 72,113)( 74,116)( 75,117)( 78,120)( 79,121)( 82,124)( 83,125)( 84, 86)( 87,129)
        ( 88, 90)( 91,133)( 92, 94)( 95,137)( 96,141)( 98,144)( 99,145)(102,148)(103,149)(106,152)(107,153)
        (110,156)(111,157)(112,161)(114,164)(115,248)(118,247)(119,169)(122,172)(123,173)(126,176)(127,177)
        (128,130)(131,181)(132,134)(135,185)(136,138)(139,189)(140,193)(142,196)(143,252)(146,251)(147,201)
        (150,204)(151,205)(154,208)(155,209)(158,212)(159,213)(160,217)(162,220)(163,167)(165,246)(166,245)
        (168,170)(171,219)(174,218)(175,216)(178,215)(179,223)(180,182)(183,256)(184,186)(187,225)(188,190)
        (191,229)(192,233)(194,236)(195,199)(197,250)(198,249)(200,202)(203,235)(206,234)(207,232)(210,231)
        (211,237)(214,240)(221,254)(222,253)(224,239)(226,255)(227,238)(228,230),
      nbP := 256,
      next := (  1,  2,  3,  4)(  5,  6,  7,  8)(  9, 10, 11, 12)( 13, 14, 15, 16)( 17, 18, 19, 20)
        ( 21, 22, 23, 24)( 25, 26, 27, 28)( 29, 30, 31, 32)( 33, 34, 35, 36)( 37, 38, 39, 40)( 41, 42, 43, 44)
        ( 45, 46, 47, 48)( 49, 50, 51, 52)( 53, 54, 55, 56)( 57, 58, 59, 60)( 61, 62, 63, 64)( 65, 66, 67, 68)
        ( 69, 70, 71, 72)( 73, 74, 75, 76)( 77, 78, 79, 80)( 81, 82, 83, 84)( 85, 86, 87, 88)( 89, 90, 91, 92)
        ( 93, 94, 95, 96)( 97, 98, 99,100)(101,102,103,104)(105,106,107,108)(109,110,111,112)(113,114,115,116)
        (117,118,119,120)(121,122,123,124)(125,126,127,128)(129,130,131,132)(133,134,135,136)(137,138,139,140)
        (141,142,143,144)(145,146,147,148)(149,150,151,152)(153,154,155,156)(157,158,159,160)(161,162,163,164)
        (165,166,167,168)(169,170,171,172)(173,174,175,176)(177,178,179,180)(181,182,183,184)(185,186,187,188)
        (189,190,191,192)(193,194,195,196)(197,198,199,200)(201,202,203,204)(205,206,207,208)(209,210,211,212)
        (213,214,215,216)(217,218,219,220)(221,222,223,224)(225,226,227,228)(229,230,231,232)(233,234,235,236)
        (237,238,239,240)(241,242,243,244)(245,246,247,248)(249,250,251,252)(253,254,255,256) ), rec(
      MapDEvert := [ 1, 1, 1, 1, 2, 2, 2, 2, 3, 3, 3, 3, 4, 4, 4, 4, 5, 5, 5, 5, 6, 6, 6, 6, 7, 7, 7, 7, 8, 
          8, 8, 8, 9, 9, 9, 9, 10, 10, 10, 10, 11, 11, 11, 11, 12, 12, 12, 12, 13, 13, 13, 13, 14, 14, 14, 
          14, 15, 15, 15, 15, 16, 16, 16, 16, 17, 17, 17, 17, 18, 18, 18, 18, 19, 19, 19, 19, 20, 20, 20, 20, 
          21, 21, 21, 21, 22, 22, 22, 22, 23, 23, 23, 23, 24, 24, 24, 24, 25, 25, 25, 25, 26, 26, 26, 26, 27, 
          27, 27, 27, 28, 28, 28, 28, 29, 29, 29, 29, 30, 30, 30, 30, 31, 31, 31, 31, 32, 32, 32, 32, 33, 33, 
          33, 33, 34, 34, 34, 34, 35, 35, 35, 35, 36, 36, 36, 36, 37, 37, 37, 37, 38, 38, 38, 38, 39, 39, 39, 
          39, 40, 40, 40, 40, 41, 41, 41, 41, 42, 42, 42, 42, 43, 43, 43, 43, 44, 44, 44, 44, 45, 45, 45, 45, 
          46, 46, 46, 46, 47, 47, 47, 47, 48, 48, 48, 48, 49, 49, 49, 49, 50, 50, 50, 50, 51, 51, 51, 51, 52, 
          52, 52, 52, 53, 53, 53, 53, 54, 54, 54, 54, 55, 55, 55, 55, 56, 56, 56, 56, 57, 57, 57, 57, 58, 58, 
          58, 58, 59, 59, 59, 59, 60, 60, 60, 60, 61, 61, 61, 61, 62, 62, 62, 62, 63, 63, 63, 63, 64, 64, 64, 
          64 ],
      MapVertDE := [ [ 1 .. 4 ], [ 5 .. 8 ], [ 9 .. 12 ], [ 13 .. 16 ], [ 17 .. 20 ], [ 21 .. 24 ], 
          [ 25 .. 28 ], [ 29 .. 32 ], [ 33 .. 36 ], [ 37 .. 40 ], [ 41 .. 44 ], [ 45 .. 48 ], [ 49 .. 52 ], 
          [ 53 .. 56 ], [ 57 .. 60 ], [ 61 .. 64 ], [ 65 .. 68 ], [ 69 .. 72 ], [ 73 .. 76 ], [ 77 .. 80 ], 
          [ 81 .. 84 ], [ 85 .. 88 ], [ 89 .. 92 ], [ 93 .. 96 ], [ 97 .. 100 ], [ 101 .. 104 ], 
          [ 105 .. 108 ], [ 109 .. 112 ], [ 113 .. 116 ], [ 117 .. 120 ], [ 121 .. 124 ], [ 125 .. 128 ], 
          [ 129 .. 132 ], [ 133 .. 136 ], [ 137 .. 140 ], [ 141 .. 144 ], [ 145 .. 148 ], [ 149 .. 152 ], 
          [ 153 .. 156 ], [ 157 .. 160 ], [ 161 .. 164 ], [ 165 .. 168 ], [ 169 .. 172 ], [ 173 .. 176 ], 
          [ 177 .. 180 ], [ 181 .. 184 ], [ 185 .. 188 ], [ 189 .. 192 ], [ 193 .. 196 ], [ 197 .. 200 ], 
          [ 201 .. 204 ], [ 205 .. 208 ], [ 209 .. 212 ], [ 213 .. 216 ], [ 217 .. 220 ], [ 221 .. 224 ], 
          [ 225 .. 228 ], [ 229 .. 232 ], [ 233 .. 236 ], [ 237 .. 240 ], [ 241 .. 244 ], [ 245 .. 248 ], 
          [ 249 .. 252 ], [ 253 .. 256 ] ],
      invers := (  1,  7)(  2,  9)(  3, 13)(  4, 17)(  5,242)(  6,241)(  8, 21)( 10,244)( 11, 29)( 12, 33)
        ( 14, 36)( 15, 37)( 16, 41)( 18, 44)( 19, 47)( 20, 22)( 23,248)( 24, 26)( 25,243)( 27, 49)( 28, 30)
        ( 31, 53)( 32, 57)( 34, 60)( 35, 61)( 38, 64)( 39, 65)( 40, 69)( 42, 72)( 43, 73)( 45,246)( 46,245)
        ( 48, 76)( 50,247)( 51, 75)( 52, 54)( 55, 77)( 56, 81)( 58, 84)( 59, 85)( 62, 88)( 63, 89)( 66, 92)
        ( 67, 93)( 68, 97)( 70,100)( 71, 79)( 74, 78)( 80,101)( 82,104)( 83,105)( 86,108)( 87,109)( 90,112)
        ( 91,113)( 94,116)( 95,117)( 96,121)( 98,124)( 99,102)(103,125)(106,128)(107,129)(110,132)(111,133)
        (114,136)(115,137)(118,140)(119,141)(120,145)(122,148)(123,126)(127,149)(130,152)(131,153)(134,156)
        (135,157)(138,160)(139,161)(142,164)(143,165)(144,169)(146,172)(147,150)(151,173)(154,176)(155,177)
        (158,180)(159,181)(162,184)(163,185)(166,188)(167,189)(168,193)(170,196)(171,174)(175,197)(178,200)
        (179,201)(182,204)(183,205)(186,208)(187,209)(190,212)(191,215)(192,217)(194,220)(195,198)(199,221)
        (202,224)(203,225)(206,228)(207,256)(210,255)(211,233)(213,250)(214,249)(216,236)(218,252)(219,222)
        (223,240)(226,239)(227,231)(229,254)(230,253)(232,234)(235,238)(237,251),
      nbP := 256,
      next := (  1,  2,  3,  4)(  5,  6,  7,  8)(  9, 10, 11, 12)( 13, 14, 15, 16)( 17, 18, 19, 20)
        ( 21, 22, 23, 24)( 25, 26, 27, 28)( 29, 30, 31, 32)( 33, 34, 35, 36)( 37, 38, 39, 40)( 41, 42, 43, 44)
        ( 45, 46, 47, 48)( 49, 50, 51, 52)( 53, 54, 55, 56)( 57, 58, 59, 60)( 61, 62, 63, 64)( 65, 66, 67, 68)
        ( 69, 70, 71, 72)( 73, 74, 75, 76)( 77, 78, 79, 80)( 81, 82, 83, 84)( 85, 86, 87, 88)( 89, 90, 91, 92)
        ( 93, 94, 95, 96)( 97, 98, 99,100)(101,102,103,104)(105,106,107,108)(109,110,111,112)(113,114,115,116)
        (117,118,119,120)(121,122,123,124)(125,126,127,128)(129,130,131,132)(133,134,135,136)(137,138,139,140)
        (141,142,143,144)(145,146,147,148)(149,150,151,152)(153,154,155,156)(157,158,159,160)(161,162,163,164)
        (165,166,167,168)(169,170,171,172)(173,174,175,176)(177,178,179,180)(181,182,183,184)(185,186,187,188)
        (189,190,191,192)(193,194,195,196)(197,198,199,200)(201,202,203,204)(205,206,207,208)(209,210,211,212)
        (213,214,215,216)(217,218,219,220)(221,222,223,224)(225,226,227,228)(229,230,231,232)(233,234,235,236)
        (237,238,239,240)(241,242,243,244)(245,246,247,248)(249,250,251,252)(253,254,255,256) ), rec(
      MapDEvert := [ 1, 1, 1, 1, 2, 2, 2, 2, 3, 3, 3, 3, 4, 4, 4, 4, 5, 5, 5, 5, 6, 6, 6, 6, 7, 7, 7, 7, 8, 
          8, 8, 8, 9, 9, 9, 9, 10, 10, 10, 10, 11, 11, 11, 11, 12, 12, 12, 12, 13, 13, 13, 13, 14, 14, 14, 
          14, 15, 15, 15, 15, 16, 16, 16, 16, 17, 17, 17, 17, 18, 18, 18, 18, 19, 19, 19, 19, 20, 20, 20, 20, 
          21, 21, 21, 21, 22, 22, 22, 22, 23, 23, 23, 23, 24, 24, 24, 24, 25, 25, 25, 25, 26, 26, 26, 26, 27, 
          27, 27, 27, 28, 28, 28, 28, 29, 29, 29, 29, 30, 30, 30, 30, 31, 31, 31, 31, 32, 32, 32, 32, 33, 33, 
          33, 33, 34, 34, 34, 34, 35, 35, 35, 35, 36, 36, 36, 36, 37, 37, 37, 37, 38, 38, 38, 38, 39, 39, 39, 
          39, 40, 40, 40, 40, 41, 41, 41, 41, 42, 42, 42, 42, 43, 43, 43, 43, 44, 44, 44, 44, 45, 45, 45, 45, 
          46, 46, 46, 46, 47, 47, 47, 47, 48, 48, 48, 48, 49, 49, 49, 49, 50, 50, 50, 50, 51, 51, 51, 51, 52, 
          52, 52, 52, 53, 53, 53, 53, 54, 54, 54, 54, 55, 55, 55, 55, 56, 56, 56, 56, 57, 57, 57, 57, 58, 58, 
          58, 58, 59, 59, 59, 59, 60, 60, 60, 60, 61, 61, 61, 61, 62, 62, 62, 62, 63, 63, 63, 63, 64, 64, 64, 
          64 ],
      MapVertDE := [ [ 1 .. 4 ], [ 5 .. 8 ], [ 9 .. 12 ], [ 13 .. 16 ], [ 17 .. 20 ], [ 21 .. 24 ], 
          [ 25 .. 28 ], [ 29 .. 32 ], [ 33 .. 36 ], [ 37 .. 40 ], [ 41 .. 44 ], [ 45 .. 48 ], [ 49 .. 52 ], 
          [ 53 .. 56 ], [ 57 .. 60 ], [ 61 .. 64 ], [ 65 .. 68 ], [ 69 .. 72 ], [ 73 .. 76 ], [ 77 .. 80 ], 
          [ 81 .. 84 ], [ 85 .. 88 ], [ 89 .. 92 ], [ 93 .. 96 ], [ 97 .. 100 ], [ 101 .. 104 ], 
          [ 105 .. 108 ], [ 109 .. 112 ], [ 113 .. 116 ], [ 117 .. 120 ], [ 121 .. 124 ], [ 125 .. 128 ], 
          [ 129 .. 132 ], [ 133 .. 136 ], [ 137 .. 140 ], [ 141 .. 144 ], [ 145 .. 148 ], [ 149 .. 152 ], 
          [ 153 .. 156 ], [ 157 .. 160 ], [ 161 .. 164 ], [ 165 .. 168 ], [ 169 .. 172 ], [ 173 .. 176 ], 
          [ 177 .. 180 ], [ 181 .. 184 ], [ 185 .. 188 ], [ 189 .. 192 ], [ 193 .. 196 ], [ 197 .. 200 ], 
          [ 201 .. 204 ], [ 205 .. 208 ], [ 209 .. 212 ], [ 213 .. 216 ], [ 217 .. 220 ], [ 221 .. 224 ], 
          [ 225 .. 228 ], [ 229 .. 232 ], [ 233 .. 236 ], [ 237 .. 240 ], [ 241 .. 244 ], [ 245 .. 248 ], 
          [ 249 .. 252 ], [ 253 .. 256 ] ],
      invers := (  1,  7)(  2,  9)(  3, 13)(  4, 17)(  5,242)(  6,241)(  8, 21)( 10,244)( 11, 29)( 12, 33)
        ( 14, 36)( 15,248)( 16, 41)( 18, 44)( 19, 45)( 20, 22)( 23, 49)( 24, 26)( 25,243)( 27, 53)( 28, 30)
        ( 31, 57)( 32, 61)( 34, 64)( 35, 39)( 37,246)( 38,245)( 40, 65)( 42, 72)( 43, 73)( 46, 76)( 47, 77)
        ( 48, 50)( 51, 81)( 52, 54)( 55, 85)( 56, 58)( 59, 89)( 60, 93)( 62, 96)( 63, 66)( 67, 97)( 68, 70)
        ( 69,247)( 71,101)( 74,104)( 75,105)( 78,108)( 79,109)( 80, 82)( 83,113)( 84, 86)( 87,117)( 88, 90)
        ( 91,121)( 92,125)( 94,128)( 95, 98)( 99,129)(100,102)(103,133)(106,136)(107,137)(110,140)(111,141)
        (112,114)(115,145)(116,118)(119,149)(120,122)(123,153)(124,157)(126,160)(127,130)(131,161)(132,134)
        (135,165)(138,168)(139,169)(142,172)(143,173)(144,146)(147,177)(148,150)(151,181)(152,154)(155,185)
        (156,189)(158,192)(159,162)(163,193)(164,166)(167,197)(170,200)(171,201)(174,204)(175,207)(176,178)
        (179,252)(180,182)(183,209)(184,186)(187,213)(188,217)(190,220)(191,194)(195,221)(196,198)(199,225)
        (202,228)(203,229)(205,250)(206,249)(208,232)(210,251)(211,231)(212,214)(215,233)(216,256)(218,255)
        (219,222)(223,240)(224,226)(227,235)(230,234)(236,239)(237,254)(238,253),
      nbP := 256,
      next := (  1,  2,  3,  4)(  5,  6,  7,  8)(  9, 10, 11, 12)( 13, 14, 15, 16)( 17, 18, 19, 20)
        ( 21, 22, 23, 24)( 25, 26, 27, 28)( 29, 30, 31, 32)( 33, 34, 35, 36)( 37, 38, 39, 40)( 41, 42, 43, 44)
        ( 45, 46, 47, 48)( 49, 50, 51, 52)( 53, 54, 55, 56)( 57, 58, 59, 60)( 61, 62, 63, 64)( 65, 66, 67, 68)
        ( 69, 70, 71, 72)( 73, 74, 75, 76)( 77, 78, 79, 80)( 81, 82, 83, 84)( 85, 86, 87, 88)( 89, 90, 91, 92)
        ( 93, 94, 95, 96)( 97, 98, 99,100)(101,102,103,104)(105,106,107,108)(109,110,111,112)(113,114,115,116)
        (117,118,119,120)(121,122,123,124)(125,126,127,128)(129,130,131,132)(133,134,135,136)(137,138,139,140)
        (141,142,143,144)(145,146,147,148)(149,150,151,152)(153,154,155,156)(157,158,159,160)(161,162,163,164)
        (165,166,167,168)(169,170,171,172)(173,174,175,176)(177,178,179,180)(181,182,183,184)(185,186,187,188)
        (189,190,191,192)(193,194,195,196)(197,198,199,200)(201,202,203,204)(205,206,207,208)(209,210,211,212)
        (213,214,215,216)(217,218,219,220)(221,222,223,224)(225,226,227,228)(229,230,231,232)(233,234,235,236)
        (237,238,239,240)(241,242,243,244)(245,246,247,248)(249,250,251,252)(253,254,255,256) ), rec(
      MapDEvert := [ 1, 1, 1, 1, 2, 2, 2, 2, 3, 3, 3, 3, 4, 4, 4, 4, 5, 5, 5, 5, 6, 6, 6, 6, 7, 7, 7, 7, 8, 
          8, 8, 8, 9, 9, 9, 9, 10, 10, 10, 10, 11, 11, 11, 11, 12, 12, 12, 12, 13, 13, 13, 13, 14, 14, 14, 
          14, 15, 15, 15, 15, 16, 16, 16, 16, 17, 17, 17, 17, 18, 18, 18, 18, 19, 19, 19, 19, 20, 20, 20, 20, 
          21, 21, 21, 21, 22, 22, 22, 22, 23, 23, 23, 23, 24, 24, 24, 24, 25, 25, 25, 25, 26, 26, 26, 26, 27, 
          27, 27, 27, 28, 28, 28, 28, 29, 29, 29, 29, 30, 30, 30, 30, 31, 31, 31, 31, 32, 32, 32, 32, 33, 33, 
          33, 33, 34, 34, 34, 34, 35, 35, 35, 35, 36, 36, 36, 36, 37, 37, 37, 37, 38, 38, 38, 38, 39, 39, 39, 
          39, 40, 40, 40, 40, 41, 41, 41, 41, 42, 42, 42, 42, 43, 43, 43, 43, 44, 44, 44, 44, 45, 45, 45, 45, 
          46, 46, 46, 46, 47, 47, 47, 47, 48, 48, 48, 48, 49, 49, 49, 49, 50, 50, 50, 50, 51, 51, 51, 51, 52, 
          52, 52, 52, 53, 53, 53, 53, 54, 54, 54, 54, 55, 55, 55, 55, 56, 56, 56, 56, 57, 57, 57, 57, 58, 58, 
          58, 58, 59, 59, 59, 59, 60, 60, 60, 60, 61, 61, 61, 61, 62, 62, 62, 62, 63, 63, 63, 63, 64, 64, 64, 
          64 ],
      MapVertDE := [ [ 1 .. 4 ], [ 5 .. 8 ], [ 9 .. 12 ], [ 13 .. 16 ], [ 17 .. 20 ], [ 21 .. 24 ], 
          [ 25 .. 28 ], [ 29 .. 32 ], [ 33 .. 36 ], [ 37 .. 40 ], [ 41 .. 44 ], [ 45 .. 48 ], [ 49 .. 52 ], 
          [ 53 .. 56 ], [ 57 .. 60 ], [ 61 .. 64 ], [ 65 .. 68 ], [ 69 .. 72 ], [ 73 .. 76 ], [ 77 .. 80 ], 
          [ 81 .. 84 ], [ 85 .. 88 ], [ 89 .. 92 ], [ 93 .. 96 ], [ 97 .. 100 ], [ 101 .. 104 ], 
          [ 105 .. 108 ], [ 109 .. 112 ], [ 113 .. 116 ], [ 117 .. 120 ], [ 121 .. 124 ], [ 125 .. 128 ], 
          [ 129 .. 132 ], [ 133 .. 136 ], [ 137 .. 140 ], [ 141 .. 144 ], [ 145 .. 148 ], [ 149 .. 152 ], 
          [ 153 .. 156 ], [ 157 .. 160 ], [ 161 .. 164 ], [ 165 .. 168 ], [ 169 .. 172 ], [ 173 .. 176 ], 
          [ 177 .. 180 ], [ 181 .. 184 ], [ 185 .. 188 ], [ 189 .. 192 ], [ 193 .. 196 ], [ 197 .. 200 ], 
          [ 201 .. 204 ], [ 205 .. 208 ], [ 209 .. 212 ], [ 213 .. 216 ], [ 217 .. 220 ], [ 221 .. 224 ], 
          [ 225 .. 228 ], [ 229 .. 232 ], [ 233 .. 236 ], [ 237 .. 240 ], [ 241 .. 244 ], [ 245 .. 248 ], 
          [ 249 .. 252 ], [ 253 .. 256 ] ],
      invers := (  1,  5)(  2,244)(  3, 13)(  4, 17)(  6, 21)(  7, 25)(  8, 11)(  9,242)( 10,241)( 12, 29)
        ( 14, 36)( 15, 37)( 16, 41)( 18, 44)( 19, 45)( 20, 22)( 23, 49)( 24, 53)( 26, 56)( 27, 57)( 28, 30)
        ( 31, 61)( 32, 34)( 33,243)( 35, 65)( 38, 68)( 39, 69)( 40, 73)( 42, 76)( 43, 77)( 46, 80)( 47, 81)
        ( 48, 50)( 51, 85)( 52, 89)( 54, 92)( 55, 93)( 58, 96)( 59, 97)( 60, 62)( 63,101)( 64, 66)( 67,105)
        ( 70,108)( 71,109)( 72,113)( 74,116)( 75,117)( 78,120)( 79,121)( 82,124)( 83,125)( 84, 86)( 87,129)
        ( 88,133)( 90,136)( 91,137)( 94,140)( 95,141)( 98,144)( 99,145)(100,102)(103,149)(104,106)(107,153)
        (110,156)(111,159)(112,161)(114,164)(115,165)(118,168)(119,169)(122,172)(123,252)(126,251)(127,177)
        (128,130)(131,181)(132,185)(134,188)(135,189)(138,192)(139,256)(142,255)(143,197)(146,200)(147,201)
        (148,150)(151,205)(152,154)(155,209)(157,246)(158,245)(160,212)(162,248)(163,217)(166,220)(167,221)
        (170,224)(171,175)(173,250)(174,249)(176,178)(179,223)(180,182)(183,225)(184,229)(186,232)(187,233)
        (190,236)(191,195)(193,254)(194,253)(196,198)(199,235)(202,234)(203,231)(204,206)(207,237)(208,210)
        (211,214)(213,247)(215,240)(216,218)(219,227)(222,226)(228,239)(230,238),
      nbP := 256,
      next := (  1,  2,  3,  4)(  5,  6,  7,  8)(  9, 10, 11, 12)( 13, 14, 15, 16)( 17, 18, 19, 20)
        ( 21, 22, 23, 24)( 25, 26, 27, 28)( 29, 30, 31, 32)( 33, 34, 35, 36)( 37, 38, 39, 40)( 41, 42, 43, 44)
        ( 45, 46, 47, 48)( 49, 50, 51, 52)( 53, 54, 55, 56)( 57, 58, 59, 60)( 61, 62, 63, 64)( 65, 66, 67, 68)
        ( 69, 70, 71, 72)( 73, 74, 75, 76)( 77, 78, 79, 80)( 81, 82, 83, 84)( 85, 86, 87, 88)( 89, 90, 91, 92)
        ( 93, 94, 95, 96)( 97, 98, 99,100)(101,102,103,104)(105,106,107,108)(109,110,111,112)(113,114,115,116)
        (117,118,119,120)(121,122,123,124)(125,126,127,128)(129,130,131,132)(133,134,135,136)(137,138,139,140)
        (141,142,143,144)(145,146,147,148)(149,150,151,152)(153,154,155,156)(157,158,159,160)(161,162,163,164)
        (165,166,167,168)(169,170,171,172)(173,174,175,176)(177,178,179,180)(181,182,183,184)(185,186,187,188)
        (189,190,191,192)(193,194,195,196)(197,198,199,200)(201,202,203,204)(205,206,207,208)(209,210,211,212)
        (213,214,215,216)(217,218,219,220)(221,222,223,224)(225,226,227,228)(229,230,231,232)(233,234,235,236)
        (237,238,239,240)(241,242,243,244)(245,246,247,248)(249,250,251,252)(253,254,255,256) ), rec(
      MapDEvert := [ 1, 1, 1, 1, 2, 2, 2, 2, 3, 3, 3, 3, 4, 4, 4, 4, 5, 5, 5, 5, 6, 6, 6, 6, 7, 7, 7, 7, 8, 
          8, 8, 8, 9, 9, 9, 9, 10, 10, 10, 10, 11, 11, 11, 11, 12, 12, 12, 12, 13, 13, 13, 13, 14, 14, 14, 
          14, 15, 15, 15, 15, 16, 16, 16, 16, 17, 17, 17, 17, 18, 18, 18, 18, 19, 19, 19, 19, 20, 20, 20, 20, 
          21, 21, 21, 21, 22, 22, 22, 22, 23, 23, 23, 23, 24, 24, 24, 24, 25, 25, 25, 25, 26, 26, 26, 26, 27, 
          27, 27, 27, 28, 28, 28, 28, 29, 29, 29, 29, 30, 30, 30, 30, 31, 31, 31, 31, 32, 32, 32, 32, 33, 33, 
          33, 33, 34, 34, 34, 34, 35, 35, 35, 35, 36, 36, 36, 36, 37, 37, 37, 37, 38, 38, 38, 38, 39, 39, 39, 
          39, 40, 40, 40, 40, 41, 41, 41, 41, 42, 42, 42, 42, 43, 43, 43, 43, 44, 44, 44, 44, 45, 45, 45, 45, 
          46, 46, 46, 46, 47, 47, 47, 47, 48, 48, 48, 48, 49, 49, 49, 49, 50, 50, 50, 50, 51, 51, 51, 51, 52, 
          52, 52, 52, 53, 53, 53, 53, 54, 54, 54, 54, 55, 55, 55, 55, 56, 56, 56, 56, 57, 57, 57, 57, 58, 58, 
          58, 58, 59, 59, 59, 59, 60, 60, 60, 60, 61, 61, 61, 61, 62, 62, 62, 62, 63, 63, 63, 63, 64, 64, 64, 
          64 ],
      MapVertDE := [ [ 1 .. 4 ], [ 5 .. 8 ], [ 9 .. 12 ], [ 13 .. 16 ], [ 17 .. 20 ], [ 21 .. 24 ], 
          [ 25 .. 28 ], [ 29 .. 32 ], [ 33 .. 36 ], [ 37 .. 40 ], [ 41 .. 44 ], [ 45 .. 48 ], [ 49 .. 52 ], 
          [ 53 .. 56 ], [ 57 .. 60 ], [ 61 .. 64 ], [ 65 .. 68 ], [ 69 .. 72 ], [ 73 .. 76 ], [ 77 .. 80 ], 
          [ 81 .. 84 ], [ 85 .. 88 ], [ 89 .. 92 ], [ 93 .. 96 ], [ 97 .. 100 ], [ 101 .. 104 ], 
          [ 105 .. 108 ], [ 109 .. 112 ], [ 113 .. 116 ], [ 117 .. 120 ], [ 121 .. 124 ], [ 125 .. 128 ], 
          [ 129 .. 132 ], [ 133 .. 136 ], [ 137 .. 140 ], [ 141 .. 144 ], [ 145 .. 148 ], [ 149 .. 152 ], 
          [ 153 .. 156 ], [ 157 .. 160 ], [ 161 .. 164 ], [ 165 .. 168 ], [ 169 .. 172 ], [ 173 .. 176 ], 
          [ 177 .. 180 ], [ 181 .. 184 ], [ 185 .. 188 ], [ 189 .. 192 ], [ 193 .. 196 ], [ 197 .. 200 ], 
          [ 201 .. 204 ], [ 205 .. 208 ], [ 209 .. 212 ], [ 213 .. 216 ], [ 217 .. 220 ], [ 221 .. 224 ], 
          [ 225 .. 228 ], [ 229 .. 232 ], [ 233 .. 236 ], [ 237 .. 240 ], [ 241 .. 244 ], [ 245 .. 248 ], 
          [ 249 .. 252 ], [ 253 .. 256 ] ],
      invers := (  1,240)(  2,  9)(  3, 13)(  4, 17)(  5,238)(  6,237)(  7, 20)(  8,235)( 10,243)( 11, 24)
        ( 12, 25)( 14, 28)( 15, 29)( 16, 33)( 18, 36)( 19, 22)( 21,236)( 23, 37)( 26, 40)( 27, 41)( 30, 44)
        ( 31, 45)( 32, 49)( 34, 52)( 35, 38)( 39, 53)( 42, 56)( 43, 57)( 46, 60)( 47, 61)( 48, 65)( 50, 68)
        ( 51, 54)( 55, 69)( 58, 72)( 59, 73)( 62, 76)( 63, 77)( 64, 81)( 66, 84)( 67, 70)( 71, 85)( 74, 88)
        ( 75, 89)( 78, 92)( 79, 93)( 80, 97)( 82,100)( 83, 86)( 87,101)( 90,104)( 91,105)( 94,108)( 95,109)
        ( 96,113)( 98,116)( 99,102)(103,117)(106,120)(107,121)(110,124)(111,125)(112,129)(114,132)(115,118)
        (119,133)(122,136)(123,137)(126,140)(127,141)(128,145)(130,148)(131,134)(135,149)(138,152)(139,153)
        (142,156)(143,157)(144,161)(146,164)(147,150)(151,165)(154,168)(155,169)(158,172)(159,173)(160,177)
        (162,180)(163,166)(167,181)(170,184)(171,185)(174,188)(175,189)(176,193)(178,196)(179,182)(183,197)
        (186,200)(187,201)(190,204)(191,205)(192,209)(194,212)(195,198)(199,213)(202,216)(203,217)(206,220)
        (207,247)(208,225)(210,228)(211,214)(215,229)(218,232)(219,256)(221,254)(222,253)(223,231)(224,251)
        (226,252)(227,230)(233,242)(234,241)(239,244)(245,250)(246,249)(248,255),
      nbP := 256,
      next := (  1,  2,  3,  4)(  5,  6,  7,  8)(  9, 10, 11, 12)( 13, 14, 15, 16)( 17, 18, 19, 20)
        ( 21, 22, 23, 24)( 25, 26, 27, 28)( 29, 30, 31, 32)( 33, 34, 35, 36)( 37, 38, 39, 40)( 41, 42, 43, 44)
        ( 45, 46, 47, 48)( 49, 50, 51, 52)( 53, 54, 55, 56)( 57, 58, 59, 60)( 61, 62, 63, 64)( 65, 66, 67, 68)
        ( 69, 70, 71, 72)( 73, 74, 75, 76)( 77, 78, 79, 80)( 81, 82, 83, 84)( 85, 86, 87, 88)( 89, 90, 91, 92)
        ( 93, 94, 95, 96)( 97, 98, 99,100)(101,102,103,104)(105,106,107,108)(109,110,111,112)(113,114,115,116)
        (117,118,119,120)(121,122,123,124)(125,126,127,128)(129,130,131,132)(133,134,135,136)(137,138,139,140)
        (141,142,143,144)(145,146,147,148)(149,150,151,152)(153,154,155,156)(157,158,159,160)(161,162,163,164)
        (165,166,167,168)(169,170,171,172)(173,174,175,176)(177,178,179,180)(181,182,183,184)(185,186,187,188)
        (189,190,191,192)(193,194,195,196)(197,198,199,200)(201,202,203,204)(205,206,207,208)(209,210,211,212)
        (213,214,215,216)(217,218,219,220)(221,222,223,224)(225,226,227,228)(229,230,231,232)(233,234,235,236)
        (237,238,239,240)(241,242,243,244)(245,246,247,248)(249,250,251,252)(253,254,255,256) ), rec(
      MapDEvert := [ 1, 1, 1, 1, 2, 2, 2, 2, 3, 3, 3, 3, 4, 4, 4, 4, 5, 5, 5, 5, 6, 6, 6, 6, 7, 7, 7, 7, 8, 
          8, 8, 8, 9, 9, 9, 9, 10, 10, 10, 10, 11, 11, 11, 11, 12, 12, 12, 12, 13, 13, 13, 13, 14, 14, 14, 
          14, 15, 15, 15, 15, 16, 16, 16, 16, 17, 17, 17, 17, 18, 18, 18, 18, 19, 19, 19, 19, 20, 20, 20, 20, 
          21, 21, 21, 21, 22, 22, 22, 22, 23, 23, 23, 23, 24, 24, 24, 24, 25, 25, 25, 25, 26, 26, 26, 26, 27, 
          27, 27, 27, 28, 28, 28, 28, 29, 29, 29, 29, 30, 30, 30, 30, 31, 31, 31, 31, 32, 32, 32, 32, 33, 33, 
          33, 33, 34, 34, 34, 34, 35, 35, 35, 35, 36, 36, 36, 36, 37, 37, 37, 37, 38, 38, 38, 38, 39, 39, 39, 
          39, 40, 40, 40, 40, 41, 41, 41, 41, 42, 42, 42, 42, 43, 43, 43, 43, 44, 44, 44, 44, 45, 45, 45, 45, 
          46, 46, 46, 46, 47, 47, 47, 47, 48, 48, 48, 48, 49, 49, 49, 49, 50, 50, 50, 50, 51, 51, 51, 51, 52, 
          52, 52, 52, 53, 53, 53, 53, 54, 54, 54, 54, 55, 55, 55, 55, 56, 56, 56, 56, 57, 57, 57, 57, 58, 58, 
          58, 58, 59, 59, 59, 59, 60, 60, 60, 60, 61, 61, 61, 61, 62, 62, 62, 62, 63, 63, 63, 63, 64, 64, 64, 
          64 ],
      MapVertDE := [ [ 1 .. 4 ], [ 5 .. 8 ], [ 9 .. 12 ], [ 13 .. 16 ], [ 17 .. 20 ], [ 21 .. 24 ], 
          [ 25 .. 28 ], [ 29 .. 32 ], [ 33 .. 36 ], [ 37 .. 40 ], [ 41 .. 44 ], [ 45 .. 48 ], [ 49 .. 52 ], 
          [ 53 .. 56 ], [ 57 .. 60 ], [ 61 .. 64 ], [ 65 .. 68 ], [ 69 .. 72 ], [ 73 .. 76 ], [ 77 .. 80 ], 
          [ 81 .. 84 ], [ 85 .. 88 ], [ 89 .. 92 ], [ 93 .. 96 ], [ 97 .. 100 ], [ 101 .. 104 ], 
          [ 105 .. 108 ], [ 109 .. 112 ], [ 113 .. 116 ], [ 117 .. 120 ], [ 121 .. 124 ], [ 125 .. 128 ], 
          [ 129 .. 132 ], [ 133 .. 136 ], [ 137 .. 140 ], [ 141 .. 144 ], [ 145 .. 148 ], [ 149 .. 152 ], 
          [ 153 .. 156 ], [ 157 .. 160 ], [ 161 .. 164 ], [ 165 .. 168 ], [ 169 .. 172 ], [ 173 .. 176 ], 
          [ 177 .. 180 ], [ 181 .. 184 ], [ 185 .. 188 ], [ 189 .. 192 ], [ 193 .. 196 ], [ 197 .. 200 ], 
          [ 201 .. 204 ], [ 205 .. 208 ], [ 209 .. 212 ], [ 213 .. 216 ], [ 217 .. 220 ], [ 221 .. 224 ], 
          [ 225 .. 228 ], [ 229 .. 232 ], [ 233 .. 236 ], [ 237 .. 240 ], [ 241 .. 244 ], [ 245 .. 248 ], 
          [ 249 .. 252 ], [ 253 .. 256 ] ],
      invers := (  1,240)(  2,  9)(  3, 13)(  4, 17)(  5,238)(  6,237)(  7, 20)(  8,235)( 10,243)( 11, 24)
        ( 12, 25)( 14, 28)( 15, 29)( 16, 33)( 18, 36)( 19, 22)( 21,236)( 23, 37)( 26, 40)( 27, 41)( 30, 44)
        ( 31, 45)( 32, 49)( 34, 52)( 35, 38)( 39, 53)( 42, 56)( 43, 57)( 46, 60)( 47, 61)( 48, 65)( 50, 68)
        ( 51, 54)( 55, 69)( 58, 72)( 59, 73)( 62, 76)( 63, 77)( 64, 81)( 66, 84)( 67, 70)( 71, 85)( 74, 88)
        ( 75, 89)( 78, 92)( 79, 93)( 80, 97)( 82,100)( 83, 86)( 87,101)( 90,104)( 91,105)( 94,108)( 95,109)
        ( 96,113)( 98,116)( 99,102)(103,117)(106,120)(107,121)(110,124)(111,125)(112,129)(114,132)(115,118)
        (119,133)(122,136)(123,137)(126,140)(127,141)(128,145)(130,148)(131,134)(135,149)(138,152)(139,153)
        (142,156)(143,157)(144,161)(146,164)(147,150)(151,165)(154,168)(155,169)(158,172)(159,173)(160,177)
        (162,180)(163,166)(167,181)(170,184)(171,185)(174,188)(175,189)(176,193)(178,196)(179,182)(183,197)
        (186,200)(187,201)(190,204)(191,205)(192,209)(194,212)(195,198)(199,213)(202,216)(203,217)(206,220)
        (207,252)(208,225)(210,228)(211,214)(215,229)(218,232)(219,223)(221,250)(222,249)(224,247)(226,255)
        (227,230)(231,248)(233,242)(234,241)(239,244)(245,254)(246,253)(251,256),
      nbP := 256,
      next := (  1,  2,  3,  4)(  5,  6,  7,  8)(  9, 10, 11, 12)( 13, 14, 15, 16)( 17, 18, 19, 20)
        ( 21, 22, 23, 24)( 25, 26, 27, 28)( 29, 30, 31, 32)( 33, 34, 35, 36)( 37, 38, 39, 40)( 41, 42, 43, 44)
        ( 45, 46, 47, 48)( 49, 50, 51, 52)( 53, 54, 55, 56)( 57, 58, 59, 60)( 61, 62, 63, 64)( 65, 66, 67, 68)
        ( 69, 70, 71, 72)( 73, 74, 75, 76)( 77, 78, 79, 80)( 81, 82, 83, 84)( 85, 86, 87, 88)( 89, 90, 91, 92)
        ( 93, 94, 95, 96)( 97, 98, 99,100)(101,102,103,104)(105,106,107,108)(109,110,111,112)(113,114,115,116)
        (117,118,119,120)(121,122,123,124)(125,126,127,128)(129,130,131,132)(133,134,135,136)(137,138,139,140)
        (141,142,143,144)(145,146,147,148)(149,150,151,152)(153,154,155,156)(157,158,159,160)(161,162,163,164)
        (165,166,167,168)(169,170,171,172)(173,174,175,176)(177,178,179,180)(181,182,183,184)(185,186,187,188)
        (189,190,191,192)(193,194,195,196)(197,198,199,200)(201,202,203,204)(205,206,207,208)(209,210,211,212)
        (213,214,215,216)(217,218,219,220)(221,222,223,224)(225,226,227,228)(229,230,231,232)(233,234,235,236)
        (237,238,239,240)(241,242,243,244)(245,246,247,248)(249,250,251,252)(253,254,255,256) ), rec(
      MapDEvert := [ 1, 1, 1, 1, 2, 2, 2, 2, 3, 3, 3, 3, 4, 4, 4, 4, 5, 5, 5, 5, 6, 6, 6, 6, 7, 7, 7, 7, 8, 
          8, 8, 8, 9, 9, 9, 9, 10, 10, 10, 10, 11, 11, 11, 11, 12, 12, 12, 12, 13, 13, 13, 13, 14, 14, 14, 
          14, 15, 15, 15, 15, 16, 16, 16, 16, 17, 17, 17, 17, 18, 18, 18, 18, 19, 19, 19, 19, 20, 20, 20, 20, 
          21, 21, 21, 21, 22, 22, 22, 22, 23, 23, 23, 23, 24, 24, 24, 24, 25, 25, 25, 25, 26, 26, 26, 26, 27, 
          27, 27, 27, 28, 28, 28, 28, 29, 29, 29, 29, 30, 30, 30, 30, 31, 31, 31, 31, 32, 32, 32, 32, 33, 33, 
          33, 33, 34, 34, 34, 34, 35, 35, 35, 35, 36, 36, 36, 36, 37, 37, 37, 37, 38, 38, 38, 38, 39, 39, 39, 
          39, 40, 40, 40, 40, 41, 41, 41, 41, 42, 42, 42, 42, 43, 43, 43, 43, 44, 44, 44, 44, 45, 45, 45, 45, 
          46, 46, 46, 46, 47, 47, 47, 47, 48, 48, 48, 48, 49, 49, 49, 49, 50, 50, 50, 50, 51, 51, 51, 51, 52, 
          52, 52, 52, 53, 53, 53, 53, 54, 54, 54, 54, 55, 55, 55, 55, 56, 56, 56, 56, 57, 57, 57, 57, 58, 58, 
          58, 58, 59, 59, 59, 59, 60, 60, 60, 60, 61, 61, 61, 61, 62, 62, 62, 62, 63, 63, 63, 63, 64, 64, 64, 
          64 ],
      MapVertDE := [ [ 1 .. 4 ], [ 5 .. 8 ], [ 9 .. 12 ], [ 13 .. 16 ], [ 17 .. 20 ], [ 21 .. 24 ], 
          [ 25 .. 28 ], [ 29 .. 32 ], [ 33 .. 36 ], [ 37 .. 40 ], [ 41 .. 44 ], [ 45 .. 48 ], [ 49 .. 52 ], 
          [ 53 .. 56 ], [ 57 .. 60 ], [ 61 .. 64 ], [ 65 .. 68 ], [ 69 .. 72 ], [ 73 .. 76 ], [ 77 .. 80 ], 
          [ 81 .. 84 ], [ 85 .. 88 ], [ 89 .. 92 ], [ 93 .. 96 ], [ 97 .. 100 ], [ 101 .. 104 ], 
          [ 105 .. 108 ], [ 109 .. 112 ], [ 113 .. 116 ], [ 117 .. 120 ], [ 121 .. 124 ], [ 125 .. 128 ], 
          [ 129 .. 132 ], [ 133 .. 136 ], [ 137 .. 140 ], [ 141 .. 144 ], [ 145 .. 148 ], [ 149 .. 152 ], 
          [ 153 .. 156 ], [ 157 .. 160 ], [ 161 .. 164 ], [ 165 .. 168 ], [ 169 .. 172 ], [ 173 .. 176 ], 
          [ 177 .. 180 ], [ 181 .. 184 ], [ 185 .. 188 ], [ 189 .. 192 ], [ 193 .. 196 ], [ 197 .. 200 ], 
          [ 201 .. 204 ], [ 205 .. 208 ], [ 209 .. 212 ], [ 213 .. 216 ], [ 217 .. 220 ], [ 221 .. 224 ], 
          [ 225 .. 228 ], [ 229 .. 232 ], [ 233 .. 236 ], [ 237 .. 240 ], [ 241 .. 244 ], [ 245 .. 248 ], 
          [ 249 .. 252 ], [ 253 .. 256 ] ],
      invers := (  1,242)(  2,241)(  3, 13)(  4, 17)(  5,243)(  6, 20)(  7, 21)(  8, 25)(  9,244)( 10, 28)
        ( 11, 29)( 12, 14)( 15, 33)( 16, 37)( 18, 40)( 19, 41)( 22, 44)( 23, 45)( 24, 49)( 26, 52)( 27, 53)
        ( 30, 56)( 31, 57)( 32, 34)( 35, 61)( 36, 65)( 38, 68)( 39, 69)( 42, 72)( 43, 73)( 46, 76)( 47, 77)
        ( 48, 81)( 50, 84)( 51, 85)( 54, 88)( 55, 89)( 58, 92)( 59, 93)( 60, 62)( 63, 97)( 64,101)( 66,104)
        ( 67,105)( 70,108)( 71,109)( 74,112)( 75,113)( 78,116)( 79,117)( 80,121)( 82,124)( 83,125)( 86,128)
        ( 87,129)( 90,132)( 91,133)( 94,136)( 95,137)( 96, 98)( 99,141)(100,145)(102,148)(103,149)(106,152)
        (107,153)(110,156)(111,157)(114,160)(115,161)(118,164)(119,165)(120,169)(122,172)(123,173)(126,176)
        (127,248)(130,247)(131,181)(134,184)(135,185)(138,188)(139,189)(140,142)(143,193)(144,197)(146,200)
        (147,201)(150,204)(151,252)(154,251)(155,209)(158,212)(159,213)(162,216)(163,217)(166,220)(167,256)
        (168,225)(170,228)(171,229)(174,232)(175,179)(177,246)(178,245)(180,182)(183,231)(186,230)(187,227)
        (190,226)(191,255)(192,194)(195,224)(196,233)(198,236)(199,237)(202,240)(203,207)(205,250)(206,249)
        (208,210)(211,239)(214,238)(215,235)(218,234)(219,223)(221,254)(222,253),
      nbP := 256,
      next := (  1,  2,  3,  4)(  5,  6,  7,  8)(  9, 10, 11, 12)( 13, 14, 15, 16)( 17, 18, 19, 20)
        ( 21, 22, 23, 24)( 25, 26, 27, 28)( 29, 30, 31, 32)( 33, 34, 35, 36)( 37, 38, 39, 40)( 41, 42, 43, 44)
        ( 45, 46, 47, 48)( 49, 50, 51, 52)( 53, 54, 55, 56)( 57, 58, 59, 60)( 61, 62, 63, 64)( 65, 66, 67, 68)
        ( 69, 70, 71, 72)( 73, 74, 75, 76)( 77, 78, 79, 80)( 81, 82, 83, 84)( 85, 86, 87, 88)( 89, 90, 91, 92)
        ( 93, 94, 95, 96)( 97, 98, 99,100)(101,102,103,104)(105,106,107,108)(109,110,111,112)(113,114,115,116)
        (117,118,119,120)(121,122,123,124)(125,126,127,128)(129,130,131,132)(133,134,135,136)(137,138,139,140)
        (141,142,143,144)(145,146,147,148)(149,150,151,152)(153,154,155,156)(157,158,159,160)(161,162,163,164)
        (165,166,167,168)(169,170,171,172)(173,174,175,176)(177,178,179,180)(181,182,183,184)(185,186,187,188)
        (189,190,191,192)(193,194,195,196)(197,198,199,200)(201,202,203,204)(205,206,207,208)(209,210,211,212)
        (213,214,215,216)(217,218,219,220)(221,222,223,224)(225,226,227,228)(229,230,231,232)(233,234,235,236)
        (237,238,239,240)(241,242,243,244)(245,246,247,248)(249,250,251,252)(253,254,255,256) ), rec(
      MapDEvert := [ 1, 1, 1, 1, 2, 2, 2, 2, 3, 3, 3, 3, 4, 4, 4, 4, 5, 5, 5, 5, 6, 6, 6, 6, 7, 7, 7, 7, 8, 
          8, 8, 8, 9, 9, 9, 9, 10, 10, 10, 10, 11, 11, 11, 11, 12, 12, 12, 12, 13, 13, 13, 13, 14, 14, 14, 
          14, 15, 15, 15, 15, 16, 16, 16, 16, 17, 17, 17, 17, 18, 18, 18, 18, 19, 19, 19, 19, 20, 20, 20, 20, 
          21, 21, 21, 21, 22, 22, 22, 22, 23, 23, 23, 23, 24, 24, 24, 24, 25, 25, 25, 25, 26, 26, 26, 26, 27, 
          27, 27, 27, 28, 28, 28, 28, 29, 29, 29, 29, 30, 30, 30, 30, 31, 31, 31, 31, 32, 32, 32, 32, 33, 33, 
          33, 33, 34, 34, 34, 34, 35, 35, 35, 35, 36, 36, 36, 36, 37, 37, 37, 37, 38, 38, 38, 38, 39, 39, 39, 
          39, 40, 40, 40, 40, 41, 41, 41, 41, 42, 42, 42, 42, 43, 43, 43, 43, 44, 44, 44, 44, 45, 45, 45, 45, 
          46, 46, 46, 46, 47, 47, 47, 47, 48, 48, 48, 48, 49, 49, 49, 49, 50, 50, 50, 50, 51, 51, 51, 51, 52, 
          52, 52, 52, 53, 53, 53, 53, 54, 54, 54, 54, 55, 55, 55, 55, 56, 56, 56, 56, 57, 57, 57, 57, 58, 58, 
          58, 58, 59, 59, 59, 59, 60, 60, 60, 60, 61, 61, 61, 61, 62, 62, 62, 62, 63, 63, 63, 63, 64, 64, 64, 
          64 ],
      MapVertDE := [ [ 1 .. 4 ], [ 5 .. 8 ], [ 9 .. 12 ], [ 13 .. 16 ], [ 17 .. 20 ], [ 21 .. 24 ], 
          [ 25 .. 28 ], [ 29 .. 32 ], [ 33 .. 36 ], [ 37 .. 40 ], [ 41 .. 44 ], [ 45 .. 48 ], [ 49 .. 52 ], 
          [ 53 .. 56 ], [ 57 .. 60 ], [ 61 .. 64 ], [ 65 .. 68 ], [ 69 .. 72 ], [ 73 .. 76 ], [ 77 .. 80 ], 
          [ 81 .. 84 ], [ 85 .. 88 ], [ 89 .. 92 ], [ 93 .. 96 ], [ 97 .. 100 ], [ 101 .. 104 ], 
          [ 105 .. 108 ], [ 109 .. 112 ], [ 113 .. 116 ], [ 117 .. 120 ], [ 121 .. 124 ], [ 125 .. 128 ], 
          [ 129 .. 132 ], [ 133 .. 136 ], [ 137 .. 140 ], [ 141 .. 144 ], [ 145 .. 148 ], [ 149 .. 152 ], 
          [ 153 .. 156 ], [ 157 .. 160 ], [ 161 .. 164 ], [ 165 .. 168 ], [ 169 .. 172 ], [ 173 .. 176 ], 
          [ 177 .. 180 ], [ 181 .. 184 ], [ 185 .. 188 ], [ 189 .. 192 ], [ 193 .. 196 ], [ 197 .. 200 ], 
          [ 201 .. 204 ], [ 205 .. 208 ], [ 209 .. 212 ], [ 213 .. 216 ], [ 217 .. 220 ], [ 221 .. 224 ], 
          [ 225 .. 228 ], [ 229 .. 232 ], [ 233 .. 236 ], [ 237 .. 240 ], [ 241 .. 244 ], [ 245 .. 248 ], 
          [ 249 .. 252 ], [ 253 .. 256 ] ],
      invers := (  1,242)(  2,241)(  3, 13)(  4, 17)(  5,243)(  6, 20)(  7, 21)(  8, 25)(  9,244)( 10, 28)
        ( 11, 29)( 12, 14)( 15, 33)( 16, 37)( 18, 40)( 19, 41)( 22, 44)( 23, 45)( 24, 49)( 26, 52)( 27, 53)
        ( 30, 56)( 31, 59)( 32, 34)( 35,248)( 36, 61)( 38, 64)( 39, 65)( 42, 68)( 43, 69)( 46, 72)( 47, 73)
        ( 48, 77)( 50, 80)( 51, 81)( 54, 84)( 55, 85)( 57,246)( 58,245)( 60, 88)( 62, 92)( 63, 93)( 66, 96)
        ( 67, 97)( 70,100)( 71,101)( 74,104)( 75,105)( 76,109)( 78,112)( 79,113)( 82,116)( 83,117)( 86,120)
        ( 87, 90)( 89,247)( 91,121)( 94,124)( 95,125)( 98,128)( 99,129)(102,132)(103,133)(106,136)(107,137)
        (108,141)(110,144)(111,145)(114,148)(115,149)(118,152)(119,122)(123,153)(126,156)(127,157)(130,160)
        (131,161)(134,164)(135,165)(138,168)(139,252)(140,173)(142,176)(143,177)(146,180)(147,181)(150,184)
        (151,154)(155,185)(158,188)(159,189)(162,192)(163,193)(166,196)(167,171)(169,250)(170,249)(172,197)
        (174,204)(175,205)(178,208)(179,209)(182,212)(183,186)(187,213)(190,216)(191,217)(194,220)(195,198)
        (199,221)(200,202)(201,251)(203,225)(206,228)(207,229)(210,232)(211,214)(215,233)(218,236)(219,222)
        (223,239)(224,226)(227,256)(230,255)(231,234)(235,240)(237,254)(238,253),
      nbP := 256,
      next := (  1,  2,  3,  4)(  5,  6,  7,  8)(  9, 10, 11, 12)( 13, 14, 15, 16)( 17, 18, 19, 20)
        ( 21, 22, 23, 24)( 25, 26, 27, 28)( 29, 30, 31, 32)( 33, 34, 35, 36)( 37, 38, 39, 40)( 41, 42, 43, 44)
        ( 45, 46, 47, 48)( 49, 50, 51, 52)( 53, 54, 55, 56)( 57, 58, 59, 60)( 61, 62, 63, 64)( 65, 66, 67, 68)
        ( 69, 70, 71, 72)( 73, 74, 75, 76)( 77, 78, 79, 80)( 81, 82, 83, 84)( 85, 86, 87, 88)( 89, 90, 91, 92)
        ( 93, 94, 95, 96)( 97, 98, 99,100)(101,102,103,104)(105,106,107,108)(109,110,111,112)(113,114,115,116)
        (117,118,119,120)(121,122,123,124)(125,126,127,128)(129,130,131,132)(133,134,135,136)(137,138,139,140)
        (141,142,143,144)(145,146,147,148)(149,150,151,152)(153,154,155,156)(157,158,159,160)(161,162,163,164)
        (165,166,167,168)(169,170,171,172)(173,174,175,176)(177,178,179,180)(181,182,183,184)(185,186,187,188)
        (189,190,191,192)(193,194,195,196)(197,198,199,200)(201,202,203,204)(205,206,207,208)(209,210,211,212)
        (213,214,215,216)(217,218,219,220)(221,222,223,224)(225,226,227,228)(229,230,231,232)(233,234,235,236)
        (237,238,239,240)(241,242,243,244)(245,246,247,248)(249,250,251,252)(253,254,255,256) ), rec(
      MapDEvert := [ 1, 1, 1, 1, 2, 2, 2, 2, 3, 3, 3, 3, 4, 4, 4, 4, 5, 5, 5, 5, 6, 6, 6, 6, 7, 7, 7, 7, 8, 
          8, 8, 8, 9, 9, 9, 9, 10, 10, 10, 10, 11, 11, 11, 11, 12, 12, 12, 12, 13, 13, 13, 13, 14, 14, 14, 
          14, 15, 15, 15, 15, 16, 16, 16, 16, 17, 17, 17, 17, 18, 18, 18, 18, 19, 19, 19, 19, 20, 20, 20, 20, 
          21, 21, 21, 21, 22, 22, 22, 22, 23, 23, 23, 23, 24, 24, 24, 24, 25, 25, 25, 25, 26, 26, 26, 26, 27, 
          27, 27, 27, 28, 28, 28, 28, 29, 29, 29, 29, 30, 30, 30, 30, 31, 31, 31, 31, 32, 32, 32, 32, 33, 33, 
          33, 33, 34, 34, 34, 34, 35, 35, 35, 35, 36, 36, 36, 36, 37, 37, 37, 37, 38, 38, 38, 38, 39, 39, 39, 
          39, 40, 40, 40, 40, 41, 41, 41, 41, 42, 42, 42, 42, 43, 43, 43, 43, 44, 44, 44, 44, 45, 45, 45, 45, 
          46, 46, 46, 46, 47, 47, 47, 47, 48, 48, 48, 48, 49, 49, 49, 49, 50, 50, 50, 50, 51, 51, 51, 51, 52, 
          52, 52, 52, 53, 53, 53, 53, 54, 54, 54, 54, 55, 55, 55, 55, 56, 56, 56, 56, 57, 57, 57, 57, 58, 58, 
          58, 58, 59, 59, 59, 59, 60, 60, 60, 60, 61, 61, 61, 61, 62, 62, 62, 62, 63, 63, 63, 63, 64, 64, 64, 
          64 ],
      MapVertDE := [ [ 1 .. 4 ], [ 5 .. 8 ], [ 9 .. 12 ], [ 13 .. 16 ], [ 17 .. 20 ], [ 21 .. 24 ], 
          [ 25 .. 28 ], [ 29 .. 32 ], [ 33 .. 36 ], [ 37 .. 40 ], [ 41 .. 44 ], [ 45 .. 48 ], [ 49 .. 52 ], 
          [ 53 .. 56 ], [ 57 .. 60 ], [ 61 .. 64 ], [ 65 .. 68 ], [ 69 .. 72 ], [ 73 .. 76 ], [ 77 .. 80 ], 
          [ 81 .. 84 ], [ 85 .. 88 ], [ 89 .. 92 ], [ 93 .. 96 ], [ 97 .. 100 ], [ 101 .. 104 ], 
          [ 105 .. 108 ], [ 109 .. 112 ], [ 113 .. 116 ], [ 117 .. 120 ], [ 121 .. 124 ], [ 125 .. 128 ], 
          [ 129 .. 132 ], [ 133 .. 136 ], [ 137 .. 140 ], [ 141 .. 144 ], [ 145 .. 148 ], [ 149 .. 152 ], 
          [ 153 .. 156 ], [ 157 .. 160 ], [ 161 .. 164 ], [ 165 .. 168 ], [ 169 .. 172 ], [ 173 .. 176 ], 
          [ 177 .. 180 ], [ 181 .. 184 ], [ 185 .. 188 ], [ 189 .. 192 ], [ 193 .. 196 ], [ 197 .. 200 ], 
          [ 201 .. 204 ], [ 205 .. 208 ], [ 209 .. 212 ], [ 213 .. 216 ], [ 217 .. 220 ], [ 221 .. 224 ], 
          [ 225 .. 228 ], [ 229 .. 232 ], [ 233 .. 236 ], [ 237 .. 240 ], [ 241 .. 244 ], [ 245 .. 248 ], 
          [ 249 .. 252 ], [ 253 .. 256 ] ],
      invers := (  1,250)(  2,249)(  3,  9)(  4, 14)(  5,252)(  6,251)(  7, 13)(  8, 10)( 11, 17)( 12, 22)
        ( 15, 21)( 16, 18)( 19, 25)( 20, 30)( 23, 29)( 24, 26)( 27, 33)( 28, 38)( 31, 37)( 32, 34)( 35, 41)
        ( 36, 46)( 39, 45)( 40, 42)( 43, 49)( 44, 54)( 47, 53)( 48, 50)( 51, 57)( 52, 62)( 55, 61)( 56, 58)
        ( 59, 65)( 60, 70)( 63, 69)( 64, 66)( 67, 73)( 68, 78)( 71, 77)( 72, 74)( 75, 81)( 76, 86)( 79, 85)
        ( 80, 82)( 83, 89)( 84, 94)( 87, 93)( 88, 90)( 91, 97)( 92,102)( 95,101)( 96, 98)( 99,105)(100,110)
        (103,109)(104,106)(107,113)(108,118)(111,117)(112,114)(115,121)(116,126)(119,125)(120,122)(123,129)
        (124,134)(127,133)(128,130)(131,137)(132,142)(135,141)(136,138)(139,145)(140,150)(143,149)(144,146)
        (147,153)(148,158)(151,157)(152,154)(155,161)(156,166)(159,165)(160,162)(163,169)(164,174)(167,173)
        (168,170)(171,177)(172,182)(175,181)(176,178)(179,185)(180,190)(183,189)(184,186)(187,193)(188,198)
        (191,197)(192,194)(195,201)(196,206)(199,205)(200,202)(203,209)(204,214)(207,213)(208,210)(211,217)
        (212,222)(215,221)(216,218)(219,225)(220,230)(223,229)(224,226)(227,233)(228,238)(231,237)(232,234)
        (235,241)(236,246)(239,245)(240,242)(243,256)(244,255)(247,254)(248,253),
      nbP := 256,
      next := (  1,  2,  3,  4)(  5,  6,  7,  8)(  9, 10, 11, 12)( 13, 14, 15, 16)( 17, 18, 19, 20)
        ( 21, 22, 23, 24)( 25, 26, 27, 28)( 29, 30, 31, 32)( 33, 34, 35, 36)( 37, 38, 39, 40)( 41, 42, 43, 44)
        ( 45, 46, 47, 48)( 49, 50, 51, 52)( 53, 54, 55, 56)( 57, 58, 59, 60)( 61, 62, 63, 64)( 65, 66, 67, 68)
        ( 69, 70, 71, 72)( 73, 74, 75, 76)( 77, 78, 79, 80)( 81, 82, 83, 84)( 85, 86, 87, 88)( 89, 90, 91, 92)
        ( 93, 94, 95, 96)( 97, 98, 99,100)(101,102,103,104)(105,106,107,108)(109,110,111,112)(113,114,115,116)
        (117,118,119,120)(121,122,123,124)(125,126,127,128)(129,130,131,132)(133,134,135,136)(137,138,139,140)
        (141,142,143,144)(145,146,147,148)(149,150,151,152)(153,154,155,156)(157,158,159,160)(161,162,163,164)
        (165,166,167,168)(169,170,171,172)(173,174,175,176)(177,178,179,180)(181,182,183,184)(185,186,187,188)
        (189,190,191,192)(193,194,195,196)(197,198,199,200)(201,202,203,204)(205,206,207,208)(209,210,211,212)
        (213,214,215,216)(217,218,219,220)(221,222,223,224)(225,226,227,228)(229,230,231,232)(233,234,235,236)
        (237,238,239,240)(241,242,243,244)(245,246,247,248)(249,250,251,252)(253,254,255,256) ), rec(
      invers := (  1,129)(  2,132)(  3,  5)(  4,130)(  6,136)(  7,  9)(  8,134)( 10,140)( 11, 13)( 12,138)
        ( 14,144)( 15, 17)( 16,142)( 18,148)( 19, 21)( 20,146)( 22,152)( 23, 25)( 24,150)( 26,156)( 27, 29)
        ( 28,154)( 30,160)( 31, 33)( 32,158)( 34,164)( 35, 37)( 36,162)( 38,168)( 39, 41)( 40,166)( 42,172)
        ( 43, 45)( 44,170)( 46,176)( 47, 49)( 48,174)( 50,180)( 51, 53)( 52,178)( 54,184)( 55, 57)( 56,182)
        ( 58,188)( 59, 61)( 60,186)( 62,192)( 63, 65)( 64,190)( 66,196)( 67, 69)( 68,194)( 70,200)( 71, 73)
        ( 72,198)( 74,204)( 75, 77)( 76,202)( 78,208)( 79, 81)( 80,206)( 82,212)( 83, 85)( 84,210)( 86,216)
        ( 87, 89)( 88,214)( 90,220)( 91, 93)( 92,218)( 94,224)( 95, 97)( 96,222)( 98,228)( 99,101)(100,226)
        (102,232)(103,105)(104,230)(106,236)(107,109)(108,234)(110,240)(111,113)(112,238)(114,244)(115,117)
        (116,242)(118,248)(119,121)(120,246)(122,252)(123,125)(124,250)(126,256)(127,255)(128,254)(131,133)
        (135,137)(139,141)(143,145)(147,149)(151,153)(155,157)(159,161)(163,165)(167,169)(171,173)(175,177)
        (179,181)(183,185)(187,189)(191,193)(195,197)(199,201)(203,205)(207,209)(211,213)(215,217)(219,221)
        (223,225)(227,229)(231,233)(235,237)(239,241)(243,245)(247,249)(251,253),
      nbP := 256,
      next := (  1,  2,  3,  4)(  5,  6,  7,  8)(  9, 10, 11, 12)( 13, 14, 15, 16)( 17, 18, 19, 20)
        ( 21, 22, 23, 24)( 25, 26, 27, 28)( 29, 30, 31, 32)( 33, 34, 35, 36)( 37, 38, 39, 40)( 41, 42, 43, 44)
        ( 45, 46, 47, 48)( 49, 50, 51, 52)( 53, 54, 55, 56)( 57, 58, 59, 60)( 61, 62, 63, 64)( 65, 66, 67, 68)
        ( 69, 70, 71, 72)( 73, 74, 75, 76)( 77, 78, 79, 80)( 81, 82, 83, 84)( 85, 86, 87, 88)( 89, 90, 91, 92)
        ( 93, 94, 95, 96)( 97, 98, 99,100)(101,102,103,104)(105,106,107,108)(109,110,111,112)(113,114,115,116)
        (117,118,119,120)(121,122,123,124)(125,126,127,128)(129,130,131,132)(133,134,135,136)(137,138,139,140)
        (141,142,143,144)(145,146,147,148)(149,150,151,152)(153,154,155,156)(157,158,159,160)(161,162,163,164)
        (165,166,167,168)(169,170,171,172)(173,174,175,176)(177,178,179,180)(181,182,183,184)(185,186,187,188)
        (189,190,191,192)(193,194,195,196)(197,198,199,200)(201,202,203,204)(205,206,207,208)(209,210,211,212)
        (213,214,215,216)(217,218,219,220)(221,222,223,224)(225,226,227,228)(229,230,231,232)(233,234,235,236)
        (237,238,239,240)(241,242,243,244)(245,246,247,248)(249,250,251,252)(253,254,255,256) ) ];
