return [ rec(
      MapDEvert := [ 1, 1, 1, 1, 2, 2, 2, 2, 3, 3, 3, 3, 4, 4, 4, 4, 5, 5, 5, 5, 6, 6, 6, 6, 7, 7, 7, 7, 8, 
          8, 8, 8, 9, 9, 9, 9, 10, 10, 10, 10, 11, 11, 11, 11, 12, 12, 12, 12, 13, 13, 13, 13, 14, 14, 14, 
          14, 15, 15, 15, 15, 16, 16, 16, 16, 17, 17, 17, 17, 18, 18, 18, 18, 19, 19, 19, 19, 20, 20, 20, 20, 
          21, 21, 21, 21, 22, 22, 22, 22, 23, 23, 23, 23, 24, 24, 24, 24, 25, 25, 25, 25, 26, 26, 26, 26, 27, 
          27, 27, 27, 28, 28, 28, 28, 29, 29, 29, 29, 30, 30, 30, 30, 31, 31, 31, 31, 32, 32, 32, 32, 33, 33, 
          33, 33, 34, 34, 34, 34, 35, 35, 35, 35, 36, 36, 36, 36, 37, 37, 37, 37, 38, 38, 38, 38, 39, 39, 39, 
          39, 40, 40, 40, 40, 41, 41, 41, 41, 42, 42, 42, 42, 43, 43, 43, 43, 44, 44, 44, 44 ],
      MapVertDE := [ [ 1 .. 4 ], [ 5 .. 8 ], [ 9 .. 12 ], [ 13 .. 16 ], [ 17 .. 20 ], [ 21 .. 24 ], 
          [ 25 .. 28 ], [ 29 .. 32 ], [ 33 .. 36 ], [ 37 .. 40 ], [ 41 .. 44 ], [ 45 .. 48 ], [ 49 .. 52 ], 
          [ 53 .. 56 ], [ 57 .. 60 ], [ 61 .. 64 ], [ 65 .. 68 ], [ 69 .. 72 ], [ 73 .. 76 ], [ 77 .. 80 ], 
          [ 81 .. 84 ], [ 85 .. 88 ], [ 89 .. 92 ], [ 93 .. 96 ], [ 97 .. 100 ], [ 101 .. 104 ], 
          [ 105 .. 108 ], [ 109 .. 112 ], [ 113 .. 116 ], [ 117 .. 120 ], [ 121 .. 124 ], [ 125 .. 128 ], 
          [ 129 .. 132 ], [ 133 .. 136 ], [ 137 .. 140 ], [ 141 .. 144 ], [ 145 .. 148 ], [ 149 .. 152 ], 
          [ 153 .. 156 ], [ 157 .. 160 ], [ 161 .. 164 ], [ 165 .. 168 ], [ 169 .. 172 ], [ 173 .. 176 ] ],
      invers := (  1,  5)(  2,  9)(  3, 13)(  4, 17)(  6, 21)(  7, 25)(  8, 29)( 10, 32)( 11, 33)( 12, 37)
        ( 14, 40)( 15, 43)( 16, 45)( 18, 48)( 19, 49)( 20, 22)( 23, 53)( 24, 57)( 26, 60)( 27, 61)( 28,168)
        ( 30,167)( 31, 69)( 34, 72)( 35, 73)( 36, 77)( 38, 80)( 39, 81)( 41,162)( 42,161)( 44, 84)( 46,164)
        ( 47, 89)( 50, 92)( 51, 93)( 52, 54)( 55, 97)( 56,101)( 58,104)( 59,105)( 62,108)( 63,109)( 64, 67)
        ( 65,166)( 66,165)( 68, 70)( 71,112)( 74,111)( 75,113)( 76,117)( 78,120)( 79,121)( 82,124)( 83, 86)
        ( 85,163)( 87,125)( 88, 90)( 91,129)( 94,132)( 95,133)( 96, 98)( 99,137)(100,141)(102,144)(103,172)
        (106,171)(107,149)(110,152)(114,151)(115,142)(116,140)(118,139)(119,153)(122,156)(123,126)(127,159)
        (128,130)(131,176)(134,175)(135,154)(136,138)(143,147)(145,170)(146,169)(148,150)(155,160)(157,174)
        (158,173),
      nbP := 176,
      next := (  1,  2,  3,  4)(  5,  6,  7,  8)(  9, 10, 11, 12)( 13, 14, 15, 16)( 17, 18, 19, 20)
        ( 21, 22, 23, 24)( 25, 26, 27, 28)( 29, 30, 31, 32)( 33, 34, 35, 36)( 37, 38, 39, 40)( 41, 42, 43, 44)
        ( 45, 46, 47, 48)( 49, 50, 51, 52)( 53, 54, 55, 56)( 57, 58, 59, 60)( 61, 62, 63, 64)( 65, 66, 67, 68)
        ( 69, 70, 71, 72)( 73, 74, 75, 76)( 77, 78, 79, 80)( 81, 82, 83, 84)( 85, 86, 87, 88)( 89, 90, 91, 92)
        ( 93, 94, 95, 96)( 97, 98, 99,100)(101,102,103,104)(105,106,107,108)(109,110,111,112)(113,114,115,116)
        (117,118,119,120)(121,122,123,124)(125,126,127,128)(129,130,131,132)(133,134,135,136)(137,138,139,140)
        (141,142,143,144)(145,146,147,148)(149,150,151,152)(153,154,155,156)(157,158,159,160)(161,162,163,164)
        (165,166,167,168)(169,170,171,172)(173,174,175,176) ), rec(
      MapDEvert := [ 1, 1, 1, 1, 2, 2, 2, 2, 3, 3, 3, 3, 4, 4, 4, 4, 5, 5, 5, 5, 6, 6, 6, 6, 7, 7, 7, 7, 8, 
          8, 8, 8, 9, 9, 9, 9, 10, 10, 10, 10, 11, 11, 11, 11, 12, 12, 12, 12, 13, 13, 13, 13, 14, 14, 14, 
          14, 15, 15, 15, 15, 16, 16, 16, 16, 17, 17, 17, 17, 18, 18, 18, 18, 19, 19, 19, 19, 20, 20, 20, 20, 
          21, 21, 21, 21, 22, 22, 22, 22, 23, 23, 23, 23, 24, 24, 24, 24, 25, 25, 25, 25, 26, 26, 26, 26, 27, 
          27, 27, 27, 28, 28, 28, 28, 29, 29, 29, 29, 30, 30, 30, 30, 31, 31, 31, 31, 32, 32, 32, 32, 33, 33, 
          33, 33, 34, 34, 34, 34, 35, 35, 35, 35, 36, 36, 36, 36, 37, 37, 37, 37, 38, 38, 38, 38, 39, 39, 39, 
          39, 40, 40, 40, 40, 41, 41, 41, 41, 42, 42, 42, 42, 43, 43, 43, 43, 44, 44, 44, 44 ],
      MapVertDE := [ [ 1 .. 4 ], [ 5 .. 8 ], [ 9 .. 12 ], [ 13 .. 16 ], [ 17 .. 20 ], [ 21 .. 24 ], 
          [ 25 .. 28 ], [ 29 .. 32 ], [ 33 .. 36 ], [ 37 .. 40 ], [ 41 .. 44 ], [ 45 .. 48 ], [ 49 .. 52 ], 
          [ 53 .. 56 ], [ 57 .. 60 ], [ 61 .. 64 ], [ 65 .. 68 ], [ 69 .. 72 ], [ 73 .. 76 ], [ 77 .. 80 ], 
          [ 81 .. 84 ], [ 85 .. 88 ], [ 89 .. 92 ], [ 93 .. 96 ], [ 97 .. 100 ], [ 101 .. 104 ], 
          [ 105 .. 108 ], [ 109 .. 112 ], [ 113 .. 116 ], [ 117 .. 120 ], [ 121 .. 124 ], [ 125 .. 128 ], 
          [ 129 .. 132 ], [ 133 .. 136 ], [ 137 .. 140 ], [ 141 .. 144 ], [ 145 .. 148 ], [ 149 .. 152 ], 
          [ 153 .. 156 ], [ 157 .. 160 ], [ 161 .. 164 ], [ 165 .. 168 ], [ 169 .. 172 ], [ 173 .. 176 ] ],
      invers := (  1,  5)(  2,  9)(  3, 13)(  4, 17)(  6, 23)(  7, 25)(  8, 29)( 10, 32)( 11, 33)( 12, 37)
        ( 14, 40)( 15, 41)( 16, 45)( 18, 48)( 19, 49)( 20, 24)( 21,162)( 22,161)( 26,164)( 27, 55)( 28, 57)
        ( 30, 60)( 31, 61)( 34, 64)( 35, 65)( 36, 69)( 38, 72)( 39, 73)( 42, 76)( 43, 77)( 44, 81)( 46, 84)
        ( 47, 85)( 50, 88)( 51, 56)( 52,163)( 53,166)( 54,165)( 58,168)( 59, 89)( 62, 92)( 63, 93)( 66, 96)
        ( 67, 97)( 68,101)( 70,104)( 71,105)( 74,108)( 75,109)( 78,112)( 79, 98)( 80, 95)( 82, 94)( 83, 91)
        ( 86, 90)( 87,167)( 99,113)(100,117)(102,120)(103,121)(106,124)(107,125)(110,128)(111,114)(115,129)
        (116,133)(118,136)(119,137)(122,140)(123,141)(126,144)(127,130)(131,145)(132,172)(134,171)(135,153)
        (138,156)(139,176)(142,175)(143,146)(147,160)(148,151)(149,170)(150,169)(152,154)(155,159)(157,174)
        (158,173),
      nbP := 176,
      next := (  1,  2,  3,  4)(  5,  6,  7,  8)(  9, 10, 11, 12)( 13, 14, 15, 16)( 17, 18, 19, 20)
        ( 21, 22, 23, 24)( 25, 26, 27, 28)( 29, 30, 31, 32)( 33, 34, 35, 36)( 37, 38, 39, 40)( 41, 42, 43, 44)
        ( 45, 46, 47, 48)( 49, 50, 51, 52)( 53, 54, 55, 56)( 57, 58, 59, 60)( 61, 62, 63, 64)( 65, 66, 67, 68)
        ( 69, 70, 71, 72)( 73, 74, 75, 76)( 77, 78, 79, 80)( 81, 82, 83, 84)( 85, 86, 87, 88)( 89, 90, 91, 92)
        ( 93, 94, 95, 96)( 97, 98, 99,100)(101,102,103,104)(105,106,107,108)(109,110,111,112)(113,114,115,116)
        (117,118,119,120)(121,122,123,124)(125,126,127,128)(129,130,131,132)(133,134,135,136)(137,138,139,140)
        (141,142,143,144)(145,146,147,148)(149,150,151,152)(153,154,155,156)(157,158,159,160)(161,162,163,164)
        (165,166,167,168)(169,170,171,172)(173,174,175,176) ), rec(
      MapDEvert := [ 1, 1, 1, 1, 2, 2, 2, 2, 3, 3, 3, 3, 4, 4, 4, 4, 5, 5, 5, 5, 6, 6, 6, 6, 7, 7, 7, 7, 8, 
          8, 8, 8, 9, 9, 9, 9, 10, 10, 10, 10, 11, 11, 11, 11, 12, 12, 12, 12, 13, 13, 13, 13, 14, 14, 14, 
          14, 15, 15, 15, 15, 16, 16, 16, 16, 17, 17, 17, 17, 18, 18, 18, 18, 19, 19, 19, 19, 20, 20, 20, 20, 
          21, 21, 21, 21, 22, 22, 22, 22, 23, 23, 23, 23, 24, 24, 24, 24, 25, 25, 25, 25, 26, 26, 26, 26, 27, 
          27, 27, 27, 28, 28, 28, 28, 29, 29, 29, 29, 30, 30, 30, 30, 31, 31, 31, 31, 32, 32, 32, 32, 33, 33, 
          33, 33, 34, 34, 34, 34, 35, 35, 35, 35, 36, 36, 36, 36, 37, 37, 37, 37, 38, 38, 38, 38, 39, 39, 39, 
          39, 40, 40, 40, 40, 41, 41, 41, 41, 42, 42, 42, 42, 43, 43, 43, 43, 44, 44, 44, 44 ],
      MapVertDE := [ [ 1 .. 4 ], [ 5 .. 8 ], [ 9 .. 12 ], [ 13 .. 16 ], [ 17 .. 20 ], [ 21 .. 24 ], 
          [ 25 .. 28 ], [ 29 .. 32 ], [ 33 .. 36 ], [ 37 .. 40 ], [ 41 .. 44 ], [ 45 .. 48 ], [ 49 .. 52 ], 
          [ 53 .. 56 ], [ 57 .. 60 ], [ 61 .. 64 ], [ 65 .. 68 ], [ 69 .. 72 ], [ 73 .. 76 ], [ 77 .. 80 ], 
          [ 81 .. 84 ], [ 85 .. 88 ], [ 89 .. 92 ], [ 93 .. 96 ], [ 97 .. 100 ], [ 101 .. 104 ], 
          [ 105 .. 108 ], [ 109 .. 112 ], [ 113 .. 116 ], [ 117 .. 120 ], [ 121 .. 124 ], [ 125 .. 128 ], 
          [ 129 .. 132 ], [ 133 .. 136 ], [ 137 .. 140 ], [ 141 .. 144 ], [ 145 .. 148 ], [ 149 .. 152 ], 
          [ 153 .. 156 ], [ 157 .. 160 ], [ 161 .. 164 ], [ 165 .. 168 ], [ 169 .. 172 ], [ 173 .. 176 ] ],
      invers := (  1,  5)(  2,  9)(  3, 13)(  4, 17)(  6, 21)(  7, 25)(  8, 29)( 10, 32)( 11, 33)( 12, 37)
        ( 14, 40)( 15,164)( 16, 45)( 18, 48)( 19, 49)( 20, 22)( 23, 53)( 24, 57)( 26, 60)( 27, 61)( 28, 65)
        ( 30, 68)( 31, 69)( 34, 72)( 35, 73)( 36, 77)( 38, 80)( 39, 43)( 41,162)( 42,161)( 44, 81)( 46, 88)
        ( 47,168)( 50,167)( 51, 93)( 52, 54)( 55, 97)( 56,101)( 58,104)( 59,105)( 62,108)( 63,109)( 64,113)
        ( 66,116)( 67,117)( 70,120)( 71,121)( 74,124)( 75,102)( 76,100)( 78, 99)( 79, 82)( 83, 95)( 84, 86)
        ( 85,163)( 87, 91)( 89,166)( 90,165)( 92, 94)( 96, 98)(103,125)(106,128)(107,129)(110,132)(111,133)
        (112,172)(114,171)(115,141)(118,144)(119,145)(122,148)(123,126)(127,149)(130,152)(131,176)(134,175)
        (135,157)(136,139)(137,170)(138,169)(140,142)(143,160)(146,159)(147,150)(151,155)(153,174)(154,173)
        (156,158),
      nbP := 176,
      next := (  1,  2,  3,  4)(  5,  6,  7,  8)(  9, 10, 11, 12)( 13, 14, 15, 16)( 17, 18, 19, 20)
        ( 21, 22, 23, 24)( 25, 26, 27, 28)( 29, 30, 31, 32)( 33, 34, 35, 36)( 37, 38, 39, 40)( 41, 42, 43, 44)
        ( 45, 46, 47, 48)( 49, 50, 51, 52)( 53, 54, 55, 56)( 57, 58, 59, 60)( 61, 62, 63, 64)( 65, 66, 67, 68)
        ( 69, 70, 71, 72)( 73, 74, 75, 76)( 77, 78, 79, 80)( 81, 82, 83, 84)( 85, 86, 87, 88)( 89, 90, 91, 92)
        ( 93, 94, 95, 96)( 97, 98, 99,100)(101,102,103,104)(105,106,107,108)(109,110,111,112)(113,114,115,116)
        (117,118,119,120)(121,122,123,124)(125,126,127,128)(129,130,131,132)(133,134,135,136)(137,138,139,140)
        (141,142,143,144)(145,146,147,148)(149,150,151,152)(153,154,155,156)(157,158,159,160)(161,162,163,164)
        (165,166,167,168)(169,170,171,172)(173,174,175,176) ), rec(
      MapDEvert := [ 1, 1, 1, 1, 2, 2, 2, 2, 3, 3, 3, 3, 4, 4, 4, 4, 5, 5, 5, 5, 6, 6, 6, 6, 7, 7, 7, 7, 8, 
          8, 8, 8, 9, 9, 9, 9, 10, 10, 10, 10, 11, 11, 11, 11, 12, 12, 12, 12, 13, 13, 13, 13, 14, 14, 14, 
          14, 15, 15, 15, 15, 16, 16, 16, 16, 17, 17, 17, 17, 18, 18, 18, 18, 19, 19, 19, 19, 20, 20, 20, 20, 
          21, 21, 21, 21, 22, 22, 22, 22, 23, 23, 23, 23, 24, 24, 24, 24, 25, 25, 25, 25, 26, 26, 26, 26, 27, 
          27, 27, 27, 28, 28, 28, 28, 29, 29, 29, 29, 30, 30, 30, 30, 31, 31, 31, 31, 32, 32, 32, 32, 33, 33, 
          33, 33, 34, 34, 34, 34, 35, 35, 35, 35, 36, 36, 36, 36, 37, 37, 37, 37, 38, 38, 38, 38, 39, 39, 39, 
          39, 40, 40, 40, 40, 41, 41, 41, 41, 42, 42, 42, 42, 43, 43, 43, 43, 44, 44, 44, 44 ],
      MapVertDE := [ [ 1 .. 4 ], [ 5 .. 8 ], [ 9 .. 12 ], [ 13 .. 16 ], [ 17 .. 20 ], [ 21 .. 24 ], 
          [ 25 .. 28 ], [ 29 .. 32 ], [ 33 .. 36 ], [ 37 .. 40 ], [ 41 .. 44 ], [ 45 .. 48 ], [ 49 .. 52 ], 
          [ 53 .. 56 ], [ 57 .. 60 ], [ 61 .. 64 ], [ 65 .. 68 ], [ 69 .. 72 ], [ 73 .. 76 ], [ 77 .. 80 ], 
          [ 81 .. 84 ], [ 85 .. 88 ], [ 89 .. 92 ], [ 93 .. 96 ], [ 97 .. 100 ], [ 101 .. 104 ], 
          [ 105 .. 108 ], [ 109 .. 112 ], [ 113 .. 116 ], [ 117 .. 120 ], [ 121 .. 124 ], [ 125 .. 128 ], 
          [ 129 .. 132 ], [ 133 .. 136 ], [ 137 .. 140 ], [ 141 .. 144 ], [ 145 .. 148 ], [ 149 .. 152 ], 
          [ 153 .. 156 ], [ 157 .. 160 ], [ 161 .. 164 ], [ 165 .. 168 ], [ 169 .. 172 ], [ 173 .. 176 ] ],
      invers := (  1,  5)(  2,  9)(  3, 13)(  4, 17)(  6, 21)(  7, 25)(  8, 29)( 10, 32)( 11, 33)( 12, 37)
        ( 14, 40)( 15,164)( 16,168)( 18,167)( 19, 49)( 20, 22)( 23, 53)( 24, 57)( 26, 60)( 27, 61)( 28, 65)
        ( 30, 68)( 31, 69)( 34, 72)( 35, 58)( 36, 56)( 38, 55)( 39, 43)( 41,162)( 42,161)( 44, 51)( 45,166)
        ( 46,165)( 47,163)( 48, 50)( 52, 54)( 59, 73)( 62, 76)( 63, 77)( 64, 81)( 66, 84)( 67, 85)( 70, 88)
        ( 71, 74)( 75, 89)( 78, 92)( 79, 93)( 80, 97)( 82,100)( 83,101)( 86,104)( 87, 90)( 91,105)( 94,108)
        ( 95,109)( 96,113)( 98,116)( 99,117)(102,120)(103,106)(107,121)(110,124)(111,125)(112,129)(114,132)
        (115,133)(118,136)(119,122)(123,137)(126,140)(127,143)(128,145)(130,148)(131,149)(134,152)(135,138)
        (139,153)(141,170)(142,169)(144,156)(146,172)(147,176)(150,175)(151,154)(155,160)(157,174)(158,173)
        (159,171),
      nbP := 176,
      next := (  1,  2,  3,  4)(  5,  6,  7,  8)(  9, 10, 11, 12)( 13, 14, 15, 16)( 17, 18, 19, 20)
        ( 21, 22, 23, 24)( 25, 26, 27, 28)( 29, 30, 31, 32)( 33, 34, 35, 36)( 37, 38, 39, 40)( 41, 42, 43, 44)
        ( 45, 46, 47, 48)( 49, 50, 51, 52)( 53, 54, 55, 56)( 57, 58, 59, 60)( 61, 62, 63, 64)( 65, 66, 67, 68)
        ( 69, 70, 71, 72)( 73, 74, 75, 76)( 77, 78, 79, 80)( 81, 82, 83, 84)( 85, 86, 87, 88)( 89, 90, 91, 92)
        ( 93, 94, 95, 96)( 97, 98, 99,100)(101,102,103,104)(105,106,107,108)(109,110,111,112)(113,114,115,116)
        (117,118,119,120)(121,122,123,124)(125,126,127,128)(129,130,131,132)(133,134,135,136)(137,138,139,140)
        (141,142,143,144)(145,146,147,148)(149,150,151,152)(153,154,155,156)(157,158,159,160)(161,162,163,164)
        (165,166,167,168)(169,170,171,172)(173,174,175,176) ), rec(
      MapDEvert := [ 1, 1, 1, 1, 2, 2, 2, 2, 3, 3, 3, 3, 4, 4, 4, 4, 5, 5, 5, 5, 6, 6, 6, 6, 7, 7, 7, 7, 8, 
          8, 8, 8, 9, 9, 9, 9, 10, 10, 10, 10, 11, 11, 11, 11, 12, 12, 12, 12, 13, 13, 13, 13, 14, 14, 14, 
          14, 15, 15, 15, 15, 16, 16, 16, 16, 17, 17, 17, 17, 18, 18, 18, 18, 19, 19, 19, 19, 20, 20, 20, 20, 
          21, 21, 21, 21, 22, 22, 22, 22, 23, 23, 23, 23, 24, 24, 24, 24, 25, 25, 25, 25, 26, 26, 26, 26, 27, 
          27, 27, 27, 28, 28, 28, 28, 29, 29, 29, 29, 30, 30, 30, 30, 31, 31, 31, 31, 32, 32, 32, 32, 33, 33, 
          33, 33, 34, 34, 34, 34, 35, 35, 35, 35, 36, 36, 36, 36, 37, 37, 37, 37, 38, 38, 38, 38, 39, 39, 39, 
          39, 40, 40, 40, 40, 41, 41, 41, 41, 42, 42, 42, 42, 43, 43, 43, 43, 44, 44, 44, 44 ],
      MapVertDE := [ [ 1 .. 4 ], [ 5 .. 8 ], [ 9 .. 12 ], [ 13 .. 16 ], [ 17 .. 20 ], [ 21 .. 24 ], 
          [ 25 .. 28 ], [ 29 .. 32 ], [ 33 .. 36 ], [ 37 .. 40 ], [ 41 .. 44 ], [ 45 .. 48 ], [ 49 .. 52 ], 
          [ 53 .. 56 ], [ 57 .. 60 ], [ 61 .. 64 ], [ 65 .. 68 ], [ 69 .. 72 ], [ 73 .. 76 ], [ 77 .. 80 ], 
          [ 81 .. 84 ], [ 85 .. 88 ], [ 89 .. 92 ], [ 93 .. 96 ], [ 97 .. 100 ], [ 101 .. 104 ], 
          [ 105 .. 108 ], [ 109 .. 112 ], [ 113 .. 116 ], [ 117 .. 120 ], [ 121 .. 124 ], [ 125 .. 128 ], 
          [ 129 .. 132 ], [ 133 .. 136 ], [ 137 .. 140 ], [ 141 .. 144 ], [ 145 .. 148 ], [ 149 .. 152 ], 
          [ 153 .. 156 ], [ 157 .. 160 ], [ 161 .. 164 ], [ 165 .. 168 ], [ 169 .. 172 ], [ 173 .. 176 ] ],
      invers := (  1,  5)(  2, 11)(  3, 13)(  4, 17)(  6, 21)(  7, 25)(  8, 29)(  9,162)( 10,161)( 12, 32)
        ( 14,164)( 15, 37)( 16, 41)( 18, 44)( 19, 45)( 20, 22)( 23, 49)( 24, 53)( 26, 56)( 27, 57)( 28, 61)
        ( 30, 64)( 31, 34)( 33,163)( 35, 65)( 36, 38)( 39, 69)( 40, 73)( 42, 76)( 43, 77)( 46, 80)( 47, 81)
        ( 48, 50)( 51, 85)( 52,168)( 54,167)( 55, 93)( 58, 96)( 59, 97)( 60,101)( 62,104)( 63, 66)( 67,105)
        ( 68, 70)( 71,111)( 72,113)( 74,116)( 75,117)( 78,120)( 79,121)( 82,124)( 83,125)( 84, 86)( 87,129)
        ( 88, 91)( 89,166)( 90,165)( 92, 94)( 95,132)( 98,131)( 99,133)(100,137)(102,140)(103,106)(107,141)
        (108,112)(109,170)(110,169)(114,172)(115,145)(118,148)(119,149)(122,152)(123,176)(126,175)(127,134)
        (128,130)(135,156)(136,157)(138,160)(139,142)(143,146)(144,171)(147,159)(150,158)(151,155)(153,174)
        (154,173),
      nbP := 176,
      next := (  1,  2,  3,  4)(  5,  6,  7,  8)(  9, 10, 11, 12)( 13, 14, 15, 16)( 17, 18, 19, 20)
        ( 21, 22, 23, 24)( 25, 26, 27, 28)( 29, 30, 31, 32)( 33, 34, 35, 36)( 37, 38, 39, 40)( 41, 42, 43, 44)
        ( 45, 46, 47, 48)( 49, 50, 51, 52)( 53, 54, 55, 56)( 57, 58, 59, 60)( 61, 62, 63, 64)( 65, 66, 67, 68)
        ( 69, 70, 71, 72)( 73, 74, 75, 76)( 77, 78, 79, 80)( 81, 82, 83, 84)( 85, 86, 87, 88)( 89, 90, 91, 92)
        ( 93, 94, 95, 96)( 97, 98, 99,100)(101,102,103,104)(105,106,107,108)(109,110,111,112)(113,114,115,116)
        (117,118,119,120)(121,122,123,124)(125,126,127,128)(129,130,131,132)(133,134,135,136)(137,138,139,140)
        (141,142,143,144)(145,146,147,148)(149,150,151,152)(153,154,155,156)(157,158,159,160)(161,162,163,164)
        (165,166,167,168)(169,170,171,172)(173,174,175,176) ), rec(
      MapDEvert := [ 1, 1, 1, 1, 2, 2, 2, 2, 3, 3, 3, 3, 4, 4, 4, 4, 5, 5, 5, 5, 6, 6, 6, 6, 7, 7, 7, 7, 8, 
          8, 8, 8, 9, 9, 9, 9, 10, 10, 10, 10, 11, 11, 11, 11, 12, 12, 12, 12, 13, 13, 13, 13, 14, 14, 14, 
          14, 15, 15, 15, 15, 16, 16, 16, 16, 17, 17, 17, 17, 18, 18, 18, 18, 19, 19, 19, 19, 20, 20, 20, 20, 
          21, 21, 21, 21, 22, 22, 22, 22, 23, 23, 23, 23, 24, 24, 24, 24, 25, 25, 25, 25, 26, 26, 26, 26, 27, 
          27, 27, 27, 28, 28, 28, 28, 29, 29, 29, 29, 30, 30, 30, 30, 31, 31, 31, 31, 32, 32, 32, 32, 33, 33, 
          33, 33, 34, 34, 34, 34, 35, 35, 35, 35, 36, 36, 36, 36, 37, 37, 37, 37, 38, 38, 38, 38, 39, 39, 39, 
          39, 40, 40, 40, 40, 41, 41, 41, 41, 42, 42, 42, 42, 43, 43, 43, 43, 44, 44, 44, 44 ],
      MapVertDE := [ [ 1 .. 4 ], [ 5 .. 8 ], [ 9 .. 12 ], [ 13 .. 16 ], [ 17 .. 20 ], [ 21 .. 24 ], 
          [ 25 .. 28 ], [ 29 .. 32 ], [ 33 .. 36 ], [ 37 .. 40 ], [ 41 .. 44 ], [ 45 .. 48 ], [ 49 .. 52 ], 
          [ 53 .. 56 ], [ 57 .. 60 ], [ 61 .. 64 ], [ 65 .. 68 ], [ 69 .. 72 ], [ 73 .. 76 ], [ 77 .. 80 ], 
          [ 81 .. 84 ], [ 85 .. 88 ], [ 89 .. 92 ], [ 93 .. 96 ], [ 97 .. 100 ], [ 101 .. 104 ], 
          [ 105 .. 108 ], [ 109 .. 112 ], [ 113 .. 116 ], [ 117 .. 120 ], [ 121 .. 124 ], [ 125 .. 128 ], 
          [ 129 .. 132 ], [ 133 .. 136 ], [ 137 .. 140 ], [ 141 .. 144 ], [ 145 .. 148 ], [ 149 .. 152 ], 
          [ 153 .. 156 ], [ 157 .. 160 ], [ 161 .. 164 ], [ 165 .. 168 ], [ 169 .. 172 ], [ 173 .. 176 ] ],
      invers := (  1,  5)(  2,  9)(  3, 13)(  4, 17)(  6, 21)(  7,164)(  8, 29)( 10, 32)( 11, 33)( 12, 37)
        ( 14, 40)( 15, 41)( 16, 45)( 18, 48)( 19, 49)( 20, 22)( 23, 53)( 24, 27)( 25,162)( 26,161)( 28, 57)
        ( 30, 64)( 31, 65)( 34, 68)( 35, 69)( 36, 73)( 38, 76)( 39, 77)( 42, 80)( 43, 81)( 44, 85)( 46, 88)
        ( 47, 89)( 50, 92)( 51, 95)( 52, 54)( 55,168)( 56, 58)( 59, 97)( 60, 62)( 61,163)( 63,101)( 66,104)
        ( 67,105)( 70,108)( 71,109)( 72,113)( 74,116)( 75,117)( 78,120)( 79,172)( 82,171)( 83,125)( 84,129)
        ( 86,132)( 87,133)( 90,136)( 91,137)( 93,166)( 94,165)( 96,140)( 98,167)( 99,139)(100,102)(103,141)
        (106,144)(107,145)(110,148)(111,149)(112,176)(114,175)(115,157)(118,160)(119,123)(121,170)(122,169)
        (124,126)(127,159)(128,151)(130,150)(131,147)(134,146)(135,143)(138,142)(152,155)(153,174)(154,173)
        (156,158),
      nbP := 176,
      next := (  1,  2,  3,  4)(  5,  6,  7,  8)(  9, 10, 11, 12)( 13, 14, 15, 16)( 17, 18, 19, 20)
        ( 21, 22, 23, 24)( 25, 26, 27, 28)( 29, 30, 31, 32)( 33, 34, 35, 36)( 37, 38, 39, 40)( 41, 42, 43, 44)
        ( 45, 46, 47, 48)( 49, 50, 51, 52)( 53, 54, 55, 56)( 57, 58, 59, 60)( 61, 62, 63, 64)( 65, 66, 67, 68)
        ( 69, 70, 71, 72)( 73, 74, 75, 76)( 77, 78, 79, 80)( 81, 82, 83, 84)( 85, 86, 87, 88)( 89, 90, 91, 92)
        ( 93, 94, 95, 96)( 97, 98, 99,100)(101,102,103,104)(105,106,107,108)(109,110,111,112)(113,114,115,116)
        (117,118,119,120)(121,122,123,124)(125,126,127,128)(129,130,131,132)(133,134,135,136)(137,138,139,140)
        (141,142,143,144)(145,146,147,148)(149,150,151,152)(153,154,155,156)(157,158,159,160)(161,162,163,164)
        (165,166,167,168)(169,170,171,172)(173,174,175,176) ), rec(
      MapDEvert := [ 1, 1, 1, 1, 2, 2, 2, 2, 3, 3, 3, 3, 4, 4, 4, 4, 5, 5, 5, 5, 6, 6, 6, 6, 7, 7, 7, 7, 8, 
          8, 8, 8, 9, 9, 9, 9, 10, 10, 10, 10, 11, 11, 11, 11, 12, 12, 12, 12, 13, 13, 13, 13, 14, 14, 14, 
          14, 15, 15, 15, 15, 16, 16, 16, 16, 17, 17, 17, 17, 18, 18, 18, 18, 19, 19, 19, 19, 20, 20, 20, 20, 
          21, 21, 21, 21, 22, 22, 22, 22, 23, 23, 23, 23, 24, 24, 24, 24, 25, 25, 25, 25, 26, 26, 26, 26, 27, 
          27, 27, 27, 28, 28, 28, 28, 29, 29, 29, 29, 30, 30, 30, 30, 31, 31, 31, 31, 32, 32, 32, 32, 33, 33, 
          33, 33, 34, 34, 34, 34, 35, 35, 35, 35, 36, 36, 36, 36, 37, 37, 37, 37, 38, 38, 38, 38, 39, 39, 39, 
          39, 40, 40, 40, 40, 41, 41, 41, 41, 42, 42, 42, 42, 43, 43, 43, 43, 44, 44, 44, 44 ],
      MapVertDE := [ [ 1 .. 4 ], [ 5 .. 8 ], [ 9 .. 12 ], [ 13 .. 16 ], [ 17 .. 20 ], [ 21 .. 24 ], 
          [ 25 .. 28 ], [ 29 .. 32 ], [ 33 .. 36 ], [ 37 .. 40 ], [ 41 .. 44 ], [ 45 .. 48 ], [ 49 .. 52 ], 
          [ 53 .. 56 ], [ 57 .. 60 ], [ 61 .. 64 ], [ 65 .. 68 ], [ 69 .. 72 ], [ 73 .. 76 ], [ 77 .. 80 ], 
          [ 81 .. 84 ], [ 85 .. 88 ], [ 89 .. 92 ], [ 93 .. 96 ], [ 97 .. 100 ], [ 101 .. 104 ], 
          [ 105 .. 108 ], [ 109 .. 112 ], [ 113 .. 116 ], [ 117 .. 120 ], [ 121 .. 124 ], [ 125 .. 128 ], 
          [ 129 .. 132 ], [ 133 .. 136 ], [ 137 .. 140 ], [ 141 .. 144 ], [ 145 .. 148 ], [ 149 .. 152 ], 
          [ 153 .. 156 ], [ 157 .. 160 ], [ 161 .. 164 ], [ 165 .. 168 ], [ 169 .. 172 ], [ 173 .. 176 ] ],
      invers := (  1,  7)(  2,  9)(  3, 13)(  4, 17)(  5,162)(  6,161)(  8, 21)( 10,164)( 11, 29)( 12, 33)
        ( 14, 36)( 15, 37)( 16, 41)( 18, 44)( 19, 45)( 20, 22)( 23, 49)( 24, 26)( 25,163)( 27, 53)( 28, 30)
        ( 31, 57)( 32, 61)( 34, 64)( 35, 65)( 38, 68)( 39, 69)( 40, 73)( 42, 76)( 43, 77)( 46, 80)( 47, 81)
        ( 48, 50)( 51, 85)( 52, 54)( 55, 89)( 56, 58)( 59, 93)( 60, 97)( 62,100)( 63,168)( 66,167)( 67,105)
        ( 70,108)( 71,109)( 72,113)( 74,116)( 75,117)( 78,120)( 79,121)( 82,124)( 83,127)( 84, 86)( 87,172)
        ( 88, 90)( 91,129)( 92, 94)( 95,133)( 96,137)( 98,140)( 99,103)(101,166)(102,165)(104,106)(107,139)
        (110,138)(111,136)(112,141)(114,144)(115,176)(118,175)(119,149)(122,152)(123,153)(125,170)(126,169)
        (128,156)(130,171)(131,155)(132,134)(135,157)(142,160)(143,147)(145,174)(146,173)(148,150)(151,159)
        (154,158),
      nbP := 176,
      next := (  1,  2,  3,  4)(  5,  6,  7,  8)(  9, 10, 11, 12)( 13, 14, 15, 16)( 17, 18, 19, 20)
        ( 21, 22, 23, 24)( 25, 26, 27, 28)( 29, 30, 31, 32)( 33, 34, 35, 36)( 37, 38, 39, 40)( 41, 42, 43, 44)
        ( 45, 46, 47, 48)( 49, 50, 51, 52)( 53, 54, 55, 56)( 57, 58, 59, 60)( 61, 62, 63, 64)( 65, 66, 67, 68)
        ( 69, 70, 71, 72)( 73, 74, 75, 76)( 77, 78, 79, 80)( 81, 82, 83, 84)( 85, 86, 87, 88)( 89, 90, 91, 92)
        ( 93, 94, 95, 96)( 97, 98, 99,100)(101,102,103,104)(105,106,107,108)(109,110,111,112)(113,114,115,116)
        (117,118,119,120)(121,122,123,124)(125,126,127,128)(129,130,131,132)(133,134,135,136)(137,138,139,140)
        (141,142,143,144)(145,146,147,148)(149,150,151,152)(153,154,155,156)(157,158,159,160)(161,162,163,164)
        (165,166,167,168)(169,170,171,172)(173,174,175,176) ), rec(
      MapDEvert := [ 1, 1, 1, 1, 2, 2, 2, 2, 3, 3, 3, 3, 4, 4, 4, 4, 5, 5, 5, 5, 6, 6, 6, 6, 7, 7, 7, 7, 8, 
          8, 8, 8, 9, 9, 9, 9, 10, 10, 10, 10, 11, 11, 11, 11, 12, 12, 12, 12, 13, 13, 13, 13, 14, 14, 14, 
          14, 15, 15, 15, 15, 16, 16, 16, 16, 17, 17, 17, 17, 18, 18, 18, 18, 19, 19, 19, 19, 20, 20, 20, 20, 
          21, 21, 21, 21, 22, 22, 22, 22, 23, 23, 23, 23, 24, 24, 24, 24, 25, 25, 25, 25, 26, 26, 26, 26, 27, 
          27, 27, 27, 28, 28, 28, 28, 29, 29, 29, 29, 30, 30, 30, 30, 31, 31, 31, 31, 32, 32, 32, 32, 33, 33, 
          33, 33, 34, 34, 34, 34, 35, 35, 35, 35, 36, 36, 36, 36, 37, 37, 37, 37, 38, 38, 38, 38, 39, 39, 39, 
          39, 40, 40, 40, 40, 41, 41, 41, 41, 42, 42, 42, 42, 43, 43, 43, 43, 44, 44, 44, 44 ],
      MapVertDE := [ [ 1 .. 4 ], [ 5 .. 8 ], [ 9 .. 12 ], [ 13 .. 16 ], [ 17 .. 20 ], [ 21 .. 24 ], 
          [ 25 .. 28 ], [ 29 .. 32 ], [ 33 .. 36 ], [ 37 .. 40 ], [ 41 .. 44 ], [ 45 .. 48 ], [ 49 .. 52 ], 
          [ 53 .. 56 ], [ 57 .. 60 ], [ 61 .. 64 ], [ 65 .. 68 ], [ 69 .. 72 ], [ 73 .. 76 ], [ 77 .. 80 ], 
          [ 81 .. 84 ], [ 85 .. 88 ], [ 89 .. 92 ], [ 93 .. 96 ], [ 97 .. 100 ], [ 101 .. 104 ], 
          [ 105 .. 108 ], [ 109 .. 112 ], [ 113 .. 116 ], [ 117 .. 120 ], [ 121 .. 124 ], [ 125 .. 128 ], 
          [ 129 .. 132 ], [ 133 .. 136 ], [ 137 .. 140 ], [ 141 .. 144 ], [ 145 .. 148 ], [ 149 .. 152 ], 
          [ 153 .. 156 ], [ 157 .. 160 ], [ 161 .. 164 ], [ 165 .. 168 ], [ 169 .. 172 ], [ 173 .. 176 ] ],
      invers := (  1,160)(  2,  9)(  3, 13)(  4, 17)(  5,158)(  6,157)(  7, 20)(  8,155)( 10,163)( 11, 24)
        ( 12, 25)( 14, 28)( 15, 29)( 16, 33)( 18, 36)( 19, 22)( 21,156)( 23, 37)( 26, 40)( 27, 41)( 30, 44)
        ( 31, 45)( 32, 49)( 34, 52)( 35, 38)( 39, 53)( 42, 56)( 43, 57)( 46, 60)( 47, 61)( 48, 65)( 50, 68)
        ( 51, 54)( 55, 69)( 58, 72)( 59, 73)( 62, 76)( 63, 77)( 64, 81)( 66, 84)( 67, 70)( 71, 85)( 74, 88)
        ( 75, 89)( 78, 92)( 79, 93)( 80, 97)( 82,100)( 83, 86)( 87,101)( 90,104)( 91,105)( 94,108)( 95,109)
        ( 96,113)( 98,116)( 99,102)(103,117)(106,120)(107,121)(110,124)(111,125)(112,129)(114,132)(115,118)
        (119,133)(122,136)(123,137)(126,140)(127,167)(128,145)(130,148)(131,134)(135,149)(138,152)(139,176)
        (141,174)(142,173)(143,151)(144,171)(146,172)(147,150)(153,162)(154,161)(159,164)(165,170)(166,169)
        (168,175),
      nbP := 176,
      next := (  1,  2,  3,  4)(  5,  6,  7,  8)(  9, 10, 11, 12)( 13, 14, 15, 16)( 17, 18, 19, 20)
        ( 21, 22, 23, 24)( 25, 26, 27, 28)( 29, 30, 31, 32)( 33, 34, 35, 36)( 37, 38, 39, 40)( 41, 42, 43, 44)
        ( 45, 46, 47, 48)( 49, 50, 51, 52)( 53, 54, 55, 56)( 57, 58, 59, 60)( 61, 62, 63, 64)( 65, 66, 67, 68)
        ( 69, 70, 71, 72)( 73, 74, 75, 76)( 77, 78, 79, 80)( 81, 82, 83, 84)( 85, 86, 87, 88)( 89, 90, 91, 92)
        ( 93, 94, 95, 96)( 97, 98, 99,100)(101,102,103,104)(105,106,107,108)(109,110,111,112)(113,114,115,116)
        (117,118,119,120)(121,122,123,124)(125,126,127,128)(129,130,131,132)(133,134,135,136)(137,138,139,140)
        (141,142,143,144)(145,146,147,148)(149,150,151,152)(153,154,155,156)(157,158,159,160)(161,162,163,164)
        (165,166,167,168)(169,170,171,172)(173,174,175,176) ), rec(
      MapDEvert := [ 1, 1, 1, 1, 2, 2, 2, 2, 3, 3, 3, 3, 4, 4, 4, 4, 5, 5, 5, 5, 6, 6, 6, 6, 7, 7, 7, 7, 8, 
          8, 8, 8, 9, 9, 9, 9, 10, 10, 10, 10, 11, 11, 11, 11, 12, 12, 12, 12, 13, 13, 13, 13, 14, 14, 14, 
          14, 15, 15, 15, 15, 16, 16, 16, 16, 17, 17, 17, 17, 18, 18, 18, 18, 19, 19, 19, 19, 20, 20, 20, 20, 
          21, 21, 21, 21, 22, 22, 22, 22, 23, 23, 23, 23, 24, 24, 24, 24, 25, 25, 25, 25, 26, 26, 26, 26, 27, 
          27, 27, 27, 28, 28, 28, 28, 29, 29, 29, 29, 30, 30, 30, 30, 31, 31, 31, 31, 32, 32, 32, 32, 33, 33, 
          33, 33, 34, 34, 34, 34, 35, 35, 35, 35, 36, 36, 36, 36, 37, 37, 37, 37, 38, 38, 38, 38, 39, 39, 39, 
          39, 40, 40, 40, 40, 41, 41, 41, 41, 42, 42, 42, 42, 43, 43, 43, 43, 44, 44, 44, 44 ],
      MapVertDE := [ [ 1 .. 4 ], [ 5 .. 8 ], [ 9 .. 12 ], [ 13 .. 16 ], [ 17 .. 20 ], [ 21 .. 24 ], 
          [ 25 .. 28 ], [ 29 .. 32 ], [ 33 .. 36 ], [ 37 .. 40 ], [ 41 .. 44 ], [ 45 .. 48 ], [ 49 .. 52 ], 
          [ 53 .. 56 ], [ 57 .. 60 ], [ 61 .. 64 ], [ 65 .. 68 ], [ 69 .. 72 ], [ 73 .. 76 ], [ 77 .. 80 ], 
          [ 81 .. 84 ], [ 85 .. 88 ], [ 89 .. 92 ], [ 93 .. 96 ], [ 97 .. 100 ], [ 101 .. 104 ], 
          [ 105 .. 108 ], [ 109 .. 112 ], [ 113 .. 116 ], [ 117 .. 120 ], [ 121 .. 124 ], [ 125 .. 128 ], 
          [ 129 .. 132 ], [ 133 .. 136 ], [ 137 .. 140 ], [ 141 .. 144 ], [ 145 .. 148 ], [ 149 .. 152 ], 
          [ 153 .. 156 ], [ 157 .. 160 ], [ 161 .. 164 ], [ 165 .. 168 ], [ 169 .. 172 ], [ 173 .. 176 ] ],
      invers := (  1,160)(  2,  9)(  3, 13)(  4, 17)(  5,158)(  6,157)(  7, 20)(  8,155)( 10,163)( 11, 24)
        ( 12, 25)( 14, 28)( 15, 29)( 16, 33)( 18, 36)( 19, 22)( 21,156)( 23, 37)( 26, 40)( 27, 41)( 30, 44)
        ( 31, 45)( 32, 49)( 34, 52)( 35, 38)( 39, 53)( 42, 56)( 43, 57)( 46, 60)( 47, 61)( 48, 65)( 50, 68)
        ( 51, 54)( 55, 69)( 58, 72)( 59, 73)( 62, 76)( 63, 77)( 64, 81)( 66, 84)( 67, 70)( 71, 85)( 74, 88)
        ( 75, 89)( 78, 92)( 79, 93)( 80, 97)( 82,100)( 83, 86)( 87,101)( 90,104)( 91,105)( 94,108)( 95,109)
        ( 96,113)( 98,116)( 99,102)(103,117)(106,120)(107,121)(110,124)(111,125)(112,129)(114,132)(115,118)
        (119,133)(122,136)(123,137)(126,140)(127,172)(128,145)(130,148)(131,134)(135,149)(138,152)(139,143)
        (141,170)(142,169)(144,167)(146,175)(147,150)(151,168)(153,162)(154,161)(159,164)(165,174)(166,173)
        (171,176),
      nbP := 176,
      next := (  1,  2,  3,  4)(  5,  6,  7,  8)(  9, 10, 11, 12)( 13, 14, 15, 16)( 17, 18, 19, 20)
        ( 21, 22, 23, 24)( 25, 26, 27, 28)( 29, 30, 31, 32)( 33, 34, 35, 36)( 37, 38, 39, 40)( 41, 42, 43, 44)
        ( 45, 46, 47, 48)( 49, 50, 51, 52)( 53, 54, 55, 56)( 57, 58, 59, 60)( 61, 62, 63, 64)( 65, 66, 67, 68)
        ( 69, 70, 71, 72)( 73, 74, 75, 76)( 77, 78, 79, 80)( 81, 82, 83, 84)( 85, 86, 87, 88)( 89, 90, 91, 92)
        ( 93, 94, 95, 96)( 97, 98, 99,100)(101,102,103,104)(105,106,107,108)(109,110,111,112)(113,114,115,116)
        (117,118,119,120)(121,122,123,124)(125,126,127,128)(129,130,131,132)(133,134,135,136)(137,138,139,140)
        (141,142,143,144)(145,146,147,148)(149,150,151,152)(153,154,155,156)(157,158,159,160)(161,162,163,164)
        (165,166,167,168)(169,170,171,172)(173,174,175,176) ), rec(
      MapDEvert := [ 1, 1, 1, 1, 2, 2, 2, 2, 3, 3, 3, 3, 4, 4, 4, 4, 5, 5, 5, 5, 6, 6, 6, 6, 7, 7, 7, 7, 8, 
          8, 8, 8, 9, 9, 9, 9, 10, 10, 10, 10, 11, 11, 11, 11, 12, 12, 12, 12, 13, 13, 13, 13, 14, 14, 14, 
          14, 15, 15, 15, 15, 16, 16, 16, 16, 17, 17, 17, 17, 18, 18, 18, 18, 19, 19, 19, 19, 20, 20, 20, 20, 
          21, 21, 21, 21, 22, 22, 22, 22, 23, 23, 23, 23, 24, 24, 24, 24, 25, 25, 25, 25, 26, 26, 26, 26, 27, 
          27, 27, 27, 28, 28, 28, 28, 29, 29, 29, 29, 30, 30, 30, 30, 31, 31, 31, 31, 32, 32, 32, 32, 33, 33, 
          33, 33, 34, 34, 34, 34, 35, 35, 35, 35, 36, 36, 36, 36, 37, 37, 37, 37, 38, 38, 38, 38, 39, 39, 39, 
          39, 40, 40, 40, 40, 41, 41, 41, 41, 42, 42, 42, 42, 43, 43, 43, 43, 44, 44, 44, 44 ],
      MapVertDE := [ [ 1 .. 4 ], [ 5 .. 8 ], [ 9 .. 12 ], [ 13 .. 16 ], [ 17 .. 20 ], [ 21 .. 24 ], 
          [ 25 .. 28 ], [ 29 .. 32 ], [ 33 .. 36 ], [ 37 .. 40 ], [ 41 .. 44 ], [ 45 .. 48 ], [ 49 .. 52 ], 
          [ 53 .. 56 ], [ 57 .. 60 ], [ 61 .. 64 ], [ 65 .. 68 ], [ 69 .. 72 ], [ 73 .. 76 ], [ 77 .. 80 ], 
          [ 81 .. 84 ], [ 85 .. 88 ], [ 89 .. 92 ], [ 93 .. 96 ], [ 97 .. 100 ], [ 101 .. 104 ], 
          [ 105 .. 108 ], [ 109 .. 112 ], [ 113 .. 116 ], [ 117 .. 120 ], [ 121 .. 124 ], [ 125 .. 128 ], 
          [ 129 .. 132 ], [ 133 .. 136 ], [ 137 .. 140 ], [ 141 .. 144 ], [ 145 .. 148 ], [ 149 .. 152 ], 
          [ 153 .. 156 ], [ 157 .. 160 ], [ 161 .. 164 ], [ 165 .. 168 ], [ 169 .. 172 ], [ 173 .. 176 ] ],
      invers := (  1,170)(  2,169)(  3,  9)(  4, 14)(  5,172)(  6,171)(  7, 13)(  8, 10)( 11, 17)( 12, 22)
        ( 15, 21)( 16, 18)( 19, 25)( 20, 30)( 23, 29)( 24, 26)( 27, 33)( 28, 38)( 31, 37)( 32, 34)( 35, 41)
        ( 36, 46)( 39, 45)( 40, 42)( 43, 49)( 44, 54)( 47, 53)( 48, 50)( 51, 57)( 52, 62)( 55, 61)( 56, 58)
        ( 59, 65)( 60, 70)( 63, 69)( 64, 66)( 67, 73)( 68, 78)( 71, 77)( 72, 74)( 75, 81)( 76, 86)( 79, 85)
        ( 80, 82)( 83, 89)( 84, 94)( 87, 93)( 88, 90)( 91, 97)( 92,102)( 95,101)( 96, 98)( 99,105)(100,110)
        (103,109)(104,106)(107,113)(108,118)(111,117)(112,114)(115,121)(116,126)(119,125)(120,122)(123,129)
        (124,134)(127,133)(128,130)(131,137)(132,142)(135,141)(136,138)(139,145)(140,150)(143,149)(144,146)
        (147,153)(148,158)(151,157)(152,154)(155,161)(156,166)(159,165)(160,162)(163,176)(164,175)(167,174)
        (168,173),
      nbP := 176,
      next := (  1,  2,  3,  4)(  5,  6,  7,  8)(  9, 10, 11, 12)( 13, 14, 15, 16)( 17, 18, 19, 20)
        ( 21, 22, 23, 24)( 25, 26, 27, 28)( 29, 30, 31, 32)( 33, 34, 35, 36)( 37, 38, 39, 40)( 41, 42, 43, 44)
        ( 45, 46, 47, 48)( 49, 50, 51, 52)( 53, 54, 55, 56)( 57, 58, 59, 60)( 61, 62, 63, 64)( 65, 66, 67, 68)
        ( 69, 70, 71, 72)( 73, 74, 75, 76)( 77, 78, 79, 80)( 81, 82, 83, 84)( 85, 86, 87, 88)( 89, 90, 91, 92)
        ( 93, 94, 95, 96)( 97, 98, 99,100)(101,102,103,104)(105,106,107,108)(109,110,111,112)(113,114,115,116)
        (117,118,119,120)(121,122,123,124)(125,126,127,128)(129,130,131,132)(133,134,135,136)(137,138,139,140)
        (141,142,143,144)(145,146,147,148)(149,150,151,152)(153,154,155,156)(157,158,159,160)(161,162,163,164)
        (165,166,167,168)(169,170,171,172)(173,174,175,176) ), rec(
      invers := (  1, 89)(  2, 92)(  3,  5)(  4, 90)(  6, 96)(  7,  9)(  8, 94)( 10,100)( 11, 13)( 12, 98)
        ( 14,104)( 15, 17)( 16,102)( 18,108)( 19, 21)( 20,106)( 22,112)( 23, 25)( 24,110)( 26,116)( 27, 29)
        ( 28,114)( 30,120)( 31, 33)( 32,118)( 34,124)( 35, 37)( 36,122)( 38,128)( 39, 41)( 40,126)( 42,132)
        ( 43, 45)( 44,130)( 46,136)( 47, 49)( 48,134)( 50,140)( 51, 53)( 52,138)( 54,144)( 55, 57)( 56,142)
        ( 58,148)( 59, 61)( 60,146)( 62,152)( 63, 65)( 64,150)( 66,156)( 67, 69)( 68,154)( 70,160)( 71, 73)
        ( 72,158)( 74,164)( 75, 77)( 76,162)( 78,168)( 79, 81)( 80,166)( 82,172)( 83, 85)( 84,170)( 86,176)
        ( 87,175)( 88,174)( 91, 93)( 95, 97)( 99,101)(103,105)(107,109)(111,113)(115,117)(119,121)(123,125)
        (127,129)(131,133)(135,137)(139,141)(143,145)(147,149)(151,153)(155,157)(159,161)(163,165)(167,169)
        (171,173),
      nbP := 176,
      next := (  1,  2,  3,  4)(  5,  6,  7,  8)(  9, 10, 11, 12)( 13, 14, 15, 16)( 17, 18, 19, 20)
        ( 21, 22, 23, 24)( 25, 26, 27, 28)( 29, 30, 31, 32)( 33, 34, 35, 36)( 37, 38, 39, 40)( 41, 42, 43, 44)
        ( 45, 46, 47, 48)( 49, 50, 51, 52)( 53, 54, 55, 56)( 57, 58, 59, 60)( 61, 62, 63, 64)( 65, 66, 67, 68)
        ( 69, 70, 71, 72)( 73, 74, 75, 76)( 77, 78, 79, 80)( 81, 82, 83, 84)( 85, 86, 87, 88)( 89, 90, 91, 92)
        ( 93, 94, 95, 96)( 97, 98, 99,100)(101,102,103,104)(105,106,107,108)(109,110,111,112)(113,114,115,116)
        (117,118,119,120)(121,122,123,124)(125,126,127,128)(129,130,131,132)(133,134,135,136)(137,138,139,140)
        (141,142,143,144)(145,146,147,148)(149,150,151,152)(153,154,155,156)(157,158,159,160)(161,162,163,164)
        (165,166,167,168)(169,170,171,172)(173,174,175,176) ) ];
