return [ rec(
      MapDEvert := [ 1, 1, 1, 1, 2, 2, 2, 2, 3, 3, 3, 3, 4, 4, 4, 4, 5, 5, 5, 5, 6, 6, 6, 6, 7, 7, 7, 7, 8, 
          8, 8, 8, 9, 9, 9, 9, 10, 10, 10, 10, 11, 11, 11, 11, 12, 12, 12, 12, 13, 13, 13, 13, 14, 14, 14, 
          14, 15, 15, 15, 15, 16, 16, 16, 16, 17, 17, 17, 17, 18, 18, 18, 18, 19, 19, 19, 19, 20, 20, 20, 20, 
          21, 21, 21, 21, 22, 22, 22, 22, 23, 23, 23, 23, 24, 24, 24, 24, 25, 25, 25, 25, 26, 26, 26, 26, 27, 
          27, 27, 27, 28, 28, 28, 28, 29, 29, 29, 29, 30, 30, 30, 30, 31, 31, 31, 31, 32, 32, 32, 32, 33, 33, 
          33, 33, 34, 34, 34, 34, 35, 35, 35, 35, 36, 36, 36, 36, 37, 37, 37, 37, 38, 38, 38, 38, 39, 39, 39, 
          39, 40, 40, 40, 40, 41, 41, 41, 41, 42, 42, 42, 42 ],
      MapVertDE := [ [ 1 .. 4 ], [ 5 .. 8 ], [ 9 .. 12 ], [ 13 .. 16 ], [ 17 .. 20 ], [ 21 .. 24 ], 
          [ 25 .. 28 ], [ 29 .. 32 ], [ 33 .. 36 ], [ 37 .. 40 ], [ 41 .. 44 ], [ 45 .. 48 ], [ 49 .. 52 ], 
          [ 53 .. 56 ], [ 57 .. 60 ], [ 61 .. 64 ], [ 65 .. 68 ], [ 69 .. 72 ], [ 73 .. 76 ], [ 77 .. 80 ], 
          [ 81 .. 84 ], [ 85 .. 88 ], [ 89 .. 92 ], [ 93 .. 96 ], [ 97 .. 100 ], [ 101 .. 104 ], 
          [ 105 .. 108 ], [ 109 .. 112 ], [ 113 .. 116 ], [ 117 .. 120 ], [ 121 .. 124 ], [ 125 .. 128 ], 
          [ 129 .. 132 ], [ 133 .. 136 ], [ 137 .. 140 ], [ 141 .. 144 ], [ 145 .. 148 ], [ 149 .. 152 ], 
          [ 153 .. 156 ], [ 157 .. 160 ], [ 161 .. 164 ], [ 165 .. 168 ] ],
      invers := (  1,  5)(  2,  9)(  3, 13)(  4, 17)(  6, 21)(  7, 25)(  8, 29)( 10, 32)( 11, 33)( 12, 37)
        ( 14, 40)( 15, 41)( 16, 45)( 18, 48)( 19, 49)( 20, 22)( 23, 53)( 24, 57)( 26, 60)( 27, 61)( 28, 65)
        ( 30, 68)( 31, 69)( 34, 72)( 35, 73)( 36, 77)( 38, 80)( 39,156)( 42,155)( 43, 85)( 44, 89)( 46, 92)
        ( 47,160)( 50,159)( 51, 97)( 52, 54)( 55,101)( 56,105)( 58,108)( 59,164)( 62,163)( 63,113)( 64,117)
        ( 66,120)( 67,168)( 70,167)( 71,125)( 74,128)( 75,129)( 76,133)( 78,136)( 79, 83)( 81,154)( 82,153)
        ( 84, 86)( 87,135)( 88,137)( 90,140)( 91, 95)( 93,158)( 94,157)( 96, 98)( 99,139)(100,102)(103,141)
        (104,145)(106,148)(107,111)(109,162)(110,161)(112,114)(115,147)(116,149)(118,152)(119,123)(121,166)
        (122,165)(124,126)(127,151)(130,150)(131,146)(132,144)(134,143)(138,142),
      nbP := 168,
      next := (  1,  2,  3,  4)(  5,  6,  7,  8)(  9, 10, 11, 12)( 13, 14, 15, 16)( 17, 18, 19, 20)
        ( 21, 22, 23, 24)( 25, 26, 27, 28)( 29, 30, 31, 32)( 33, 34, 35, 36)( 37, 38, 39, 40)( 41, 42, 43, 44)
        ( 45, 46, 47, 48)( 49, 50, 51, 52)( 53, 54, 55, 56)( 57, 58, 59, 60)( 61, 62, 63, 64)( 65, 66, 67, 68)
        ( 69, 70, 71, 72)( 73, 74, 75, 76)( 77, 78, 79, 80)( 81, 82, 83, 84)( 85, 86, 87, 88)( 89, 90, 91, 92)
        ( 93, 94, 95, 96)( 97, 98, 99,100)(101,102,103,104)(105,106,107,108)(109,110,111,112)(113,114,115,116)
        (117,118,119,120)(121,122,123,124)(125,126,127,128)(129,130,131,132)(133,134,135,136)(137,138,139,140)
        (141,142,143,144)(145,146,147,148)(149,150,151,152)(153,154,155,156)(157,158,159,160)(161,162,163,164)
        (165,166,167,168) ), rec(
      MapDEvert := [ 1, 1, 1, 1, 2, 2, 2, 2, 3, 3, 3, 3, 4, 4, 4, 4, 5, 5, 5, 5, 6, 6, 6, 6, 7, 7, 7, 7, 8, 
          8, 8, 8, 9, 9, 9, 9, 10, 10, 10, 10, 11, 11, 11, 11, 12, 12, 12, 12, 13, 13, 13, 13, 14, 14, 14, 
          14, 15, 15, 15, 15, 16, 16, 16, 16, 17, 17, 17, 17, 18, 18, 18, 18, 19, 19, 19, 19, 20, 20, 20, 20, 
          21, 21, 21, 21, 22, 22, 22, 22, 23, 23, 23, 23, 24, 24, 24, 24, 25, 25, 25, 25, 26, 26, 26, 26, 27, 
          27, 27, 27, 28, 28, 28, 28, 29, 29, 29, 29, 30, 30, 30, 30, 31, 31, 31, 31, 32, 32, 32, 32, 33, 33, 
          33, 33, 34, 34, 34, 34, 35, 35, 35, 35, 36, 36, 36, 36, 37, 37, 37, 37, 38, 38, 38, 38, 39, 39, 39, 
          39, 40, 40, 40, 40, 41, 41, 41, 41, 42, 42, 42, 42 ],
      MapVertDE := [ [ 1 .. 4 ], [ 5 .. 8 ], [ 9 .. 12 ], [ 13 .. 16 ], [ 17 .. 20 ], [ 21 .. 24 ], 
          [ 25 .. 28 ], [ 29 .. 32 ], [ 33 .. 36 ], [ 37 .. 40 ], [ 41 .. 44 ], [ 45 .. 48 ], [ 49 .. 52 ], 
          [ 53 .. 56 ], [ 57 .. 60 ], [ 61 .. 64 ], [ 65 .. 68 ], [ 69 .. 72 ], [ 73 .. 76 ], [ 77 .. 80 ], 
          [ 81 .. 84 ], [ 85 .. 88 ], [ 89 .. 92 ], [ 93 .. 96 ], [ 97 .. 100 ], [ 101 .. 104 ], 
          [ 105 .. 108 ], [ 109 .. 112 ], [ 113 .. 116 ], [ 117 .. 120 ], [ 121 .. 124 ], [ 125 .. 128 ], 
          [ 129 .. 132 ], [ 133 .. 136 ], [ 137 .. 140 ], [ 141 .. 144 ], [ 145 .. 148 ], [ 149 .. 152 ], 
          [ 153 .. 156 ], [ 157 .. 160 ], [ 161 .. 164 ], [ 165 .. 168 ] ],
      invers := (  1,  5)(  2,  9)(  3, 13)(  4, 17)(  6, 21)(  7, 25)(  8, 29)( 10, 32)( 11, 33)( 12, 37)
        ( 14, 40)( 15,156)( 16, 45)( 18, 48)( 19, 49)( 20, 22)( 23, 53)( 24, 57)( 26, 60)( 27, 61)( 28, 65)
        ( 30, 68)( 31, 69)( 34, 72)( 35, 73)( 36, 77)( 38, 80)( 39, 43)( 41,154)( 42,153)( 44, 81)( 46, 88)
        ( 47,160)( 50,159)( 51, 93)( 52, 54)( 55, 97)( 56,101)( 58,104)( 59,105)( 62,108)( 63,111)( 64,113)
        ( 66,116)( 67,117)( 70,120)( 71,121)( 74,124)( 75,102)( 76,100)( 78, 99)( 79, 82)( 83, 95)( 84, 86)
        ( 85,155)( 87, 91)( 89,158)( 90,157)( 92, 94)( 96, 98)(103,125)(106,128)(107,129)(109,162)(110,161)
        (112,132)(114,164)(115,137)(118,140)(119,141)(122,144)(123,126)(127,145)(130,148)(131,134)(133,163)
        (135,151)(136,138)(139,168)(142,167)(143,146)(147,152)(149,166)(150,165),
      nbP := 168,
      next := (  1,  2,  3,  4)(  5,  6,  7,  8)(  9, 10, 11, 12)( 13, 14, 15, 16)( 17, 18, 19, 20)
        ( 21, 22, 23, 24)( 25, 26, 27, 28)( 29, 30, 31, 32)( 33, 34, 35, 36)( 37, 38, 39, 40)( 41, 42, 43, 44)
        ( 45, 46, 47, 48)( 49, 50, 51, 52)( 53, 54, 55, 56)( 57, 58, 59, 60)( 61, 62, 63, 64)( 65, 66, 67, 68)
        ( 69, 70, 71, 72)( 73, 74, 75, 76)( 77, 78, 79, 80)( 81, 82, 83, 84)( 85, 86, 87, 88)( 89, 90, 91, 92)
        ( 93, 94, 95, 96)( 97, 98, 99,100)(101,102,103,104)(105,106,107,108)(109,110,111,112)(113,114,115,116)
        (117,118,119,120)(121,122,123,124)(125,126,127,128)(129,130,131,132)(133,134,135,136)(137,138,139,140)
        (141,142,143,144)(145,146,147,148)(149,150,151,152)(153,154,155,156)(157,158,159,160)(161,162,163,164)
        (165,166,167,168) ), rec(
      MapDEvert := [ 1, 1, 1, 1, 2, 2, 2, 2, 3, 3, 3, 3, 4, 4, 4, 4, 5, 5, 5, 5, 6, 6, 6, 6, 7, 7, 7, 7, 8, 
          8, 8, 8, 9, 9, 9, 9, 10, 10, 10, 10, 11, 11, 11, 11, 12, 12, 12, 12, 13, 13, 13, 13, 14, 14, 14, 
          14, 15, 15, 15, 15, 16, 16, 16, 16, 17, 17, 17, 17, 18, 18, 18, 18, 19, 19, 19, 19, 20, 20, 20, 20, 
          21, 21, 21, 21, 22, 22, 22, 22, 23, 23, 23, 23, 24, 24, 24, 24, 25, 25, 25, 25, 26, 26, 26, 26, 27, 
          27, 27, 27, 28, 28, 28, 28, 29, 29, 29, 29, 30, 30, 30, 30, 31, 31, 31, 31, 32, 32, 32, 32, 33, 33, 
          33, 33, 34, 34, 34, 34, 35, 35, 35, 35, 36, 36, 36, 36, 37, 37, 37, 37, 38, 38, 38, 38, 39, 39, 39, 
          39, 40, 40, 40, 40, 41, 41, 41, 41, 42, 42, 42, 42 ],
      MapVertDE := [ [ 1 .. 4 ], [ 5 .. 8 ], [ 9 .. 12 ], [ 13 .. 16 ], [ 17 .. 20 ], [ 21 .. 24 ], 
          [ 25 .. 28 ], [ 29 .. 32 ], [ 33 .. 36 ], [ 37 .. 40 ], [ 41 .. 44 ], [ 45 .. 48 ], [ 49 .. 52 ], 
          [ 53 .. 56 ], [ 57 .. 60 ], [ 61 .. 64 ], [ 65 .. 68 ], [ 69 .. 72 ], [ 73 .. 76 ], [ 77 .. 80 ], 
          [ 81 .. 84 ], [ 85 .. 88 ], [ 89 .. 92 ], [ 93 .. 96 ], [ 97 .. 100 ], [ 101 .. 104 ], 
          [ 105 .. 108 ], [ 109 .. 112 ], [ 113 .. 116 ], [ 117 .. 120 ], [ 121 .. 124 ], [ 125 .. 128 ], 
          [ 129 .. 132 ], [ 133 .. 136 ], [ 137 .. 140 ], [ 141 .. 144 ], [ 145 .. 148 ], [ 149 .. 152 ], 
          [ 153 .. 156 ], [ 157 .. 160 ], [ 161 .. 164 ], [ 165 .. 168 ] ],
      invers := (  1,  5)(  2, 11)(  3, 13)(  4, 17)(  6, 21)(  7, 25)(  8, 29)(  9,154)( 10,153)( 12, 32)
        ( 14,156)( 15, 37)( 16, 41)( 18, 44)( 19, 45)( 20, 22)( 23, 49)( 24, 53)( 26, 56)( 27, 57)( 28, 61)
        ( 30, 64)( 31, 34)( 33,155)( 35, 65)( 36, 38)( 39, 69)( 40, 73)( 42, 76)( 43, 77)( 46, 80)( 47, 81)
        ( 48, 50)( 51, 87)( 52, 89)( 54, 92)( 55, 93)( 58, 96)( 59,164)( 60,101)( 62,104)( 63, 66)( 67,105)
        ( 68, 70)( 71,109)( 72,168)( 74,167)( 75,117)( 78,120)( 79,121)( 82,124)( 83,125)( 84, 88)( 85,158)
        ( 86,157)( 90,160)( 91,129)( 94,132)( 95, 99)( 97,162)( 98,161)(100,133)(102,140)(103,106)(107,141)
        (108,110)(111,145)(112,115)(113,166)(114,165)(116,118)(119,148)(122,147)(123,149)(126,152)(127,130)
        (128,159)(131,134)(135,151)(136,138)(137,163)(139,142)(143,150)(144,146),
      nbP := 168,
      next := (  1,  2,  3,  4)(  5,  6,  7,  8)(  9, 10, 11, 12)( 13, 14, 15, 16)( 17, 18, 19, 20)
        ( 21, 22, 23, 24)( 25, 26, 27, 28)( 29, 30, 31, 32)( 33, 34, 35, 36)( 37, 38, 39, 40)( 41, 42, 43, 44)
        ( 45, 46, 47, 48)( 49, 50, 51, 52)( 53, 54, 55, 56)( 57, 58, 59, 60)( 61, 62, 63, 64)( 65, 66, 67, 68)
        ( 69, 70, 71, 72)( 73, 74, 75, 76)( 77, 78, 79, 80)( 81, 82, 83, 84)( 85, 86, 87, 88)( 89, 90, 91, 92)
        ( 93, 94, 95, 96)( 97, 98, 99,100)(101,102,103,104)(105,106,107,108)(109,110,111,112)(113,114,115,116)
        (117,118,119,120)(121,122,123,124)(125,126,127,128)(129,130,131,132)(133,134,135,136)(137,138,139,140)
        (141,142,143,144)(145,146,147,148)(149,150,151,152)(153,154,155,156)(157,158,159,160)(161,162,163,164)
        (165,166,167,168) ), rec(
      MapDEvert := [ 1, 1, 1, 1, 2, 2, 2, 2, 3, 3, 3, 3, 4, 4, 4, 4, 5, 5, 5, 5, 6, 6, 6, 6, 7, 7, 7, 7, 8, 
          8, 8, 8, 9, 9, 9, 9, 10, 10, 10, 10, 11, 11, 11, 11, 12, 12, 12, 12, 13, 13, 13, 13, 14, 14, 14, 
          14, 15, 15, 15, 15, 16, 16, 16, 16, 17, 17, 17, 17, 18, 18, 18, 18, 19, 19, 19, 19, 20, 20, 20, 20, 
          21, 21, 21, 21, 22, 22, 22, 22, 23, 23, 23, 23, 24, 24, 24, 24, 25, 25, 25, 25, 26, 26, 26, 26, 27, 
          27, 27, 27, 28, 28, 28, 28, 29, 29, 29, 29, 30, 30, 30, 30, 31, 31, 31, 31, 32, 32, 32, 32, 33, 33, 
          33, 33, 34, 34, 34, 34, 35, 35, 35, 35, 36, 36, 36, 36, 37, 37, 37, 37, 38, 38, 38, 38, 39, 39, 39, 
          39, 40, 40, 40, 40, 41, 41, 41, 41, 42, 42, 42, 42 ],
      MapVertDE := [ [ 1 .. 4 ], [ 5 .. 8 ], [ 9 .. 12 ], [ 13 .. 16 ], [ 17 .. 20 ], [ 21 .. 24 ], 
          [ 25 .. 28 ], [ 29 .. 32 ], [ 33 .. 36 ], [ 37 .. 40 ], [ 41 .. 44 ], [ 45 .. 48 ], [ 49 .. 52 ], 
          [ 53 .. 56 ], [ 57 .. 60 ], [ 61 .. 64 ], [ 65 .. 68 ], [ 69 .. 72 ], [ 73 .. 76 ], [ 77 .. 80 ], 
          [ 81 .. 84 ], [ 85 .. 88 ], [ 89 .. 92 ], [ 93 .. 96 ], [ 97 .. 100 ], [ 101 .. 104 ], 
          [ 105 .. 108 ], [ 109 .. 112 ], [ 113 .. 116 ], [ 117 .. 120 ], [ 121 .. 124 ], [ 125 .. 128 ], 
          [ 129 .. 132 ], [ 133 .. 136 ], [ 137 .. 140 ], [ 141 .. 144 ], [ 145 .. 148 ], [ 149 .. 152 ], 
          [ 153 .. 156 ], [ 157 .. 160 ], [ 161 .. 164 ], [ 165 .. 168 ] ],
      invers := (  1,  5)(  2, 11)(  3, 13)(  4, 17)(  6, 21)(  7, 25)(  8, 29)(  9,154)( 10,153)( 12, 32)
        ( 14,156)( 15, 37)( 16, 41)( 18, 44)( 19, 45)( 20, 22)( 23, 49)( 24, 53)( 26, 56)( 27, 57)( 28, 61)
        ( 30, 64)( 31, 34)( 33,155)( 35, 65)( 36, 38)( 39, 69)( 40, 73)( 42, 76)( 43, 77)( 46, 80)( 47, 81)
        ( 48, 50)( 51, 85)( 52,160)( 54,159)( 55, 93)( 58, 96)( 59, 97)( 60,101)( 62,104)( 63, 66)( 67,105)
        ( 68, 70)( 71,109)( 72,164)( 74,163)( 75,117)( 78,120)( 79,121)( 82,124)( 83,125)( 84, 86)( 87,129)
        ( 88, 91)( 89,158)( 90,157)( 92, 94)( 95,132)( 98,131)( 99,135)(100,137)(102,140)(103,106)(107,141)
        (108,110)(111,145)(112,115)(113,162)(114,161)(116,118)(119,148)(122,147)(123,149)(126,152)(127,136)
        (128,130)(133,166)(134,165)(138,168)(139,142)(143,150)(144,146)(151,167),
      nbP := 168,
      next := (  1,  2,  3,  4)(  5,  6,  7,  8)(  9, 10, 11, 12)( 13, 14, 15, 16)( 17, 18, 19, 20)
        ( 21, 22, 23, 24)( 25, 26, 27, 28)( 29, 30, 31, 32)( 33, 34, 35, 36)( 37, 38, 39, 40)( 41, 42, 43, 44)
        ( 45, 46, 47, 48)( 49, 50, 51, 52)( 53, 54, 55, 56)( 57, 58, 59, 60)( 61, 62, 63, 64)( 65, 66, 67, 68)
        ( 69, 70, 71, 72)( 73, 74, 75, 76)( 77, 78, 79, 80)( 81, 82, 83, 84)( 85, 86, 87, 88)( 89, 90, 91, 92)
        ( 93, 94, 95, 96)( 97, 98, 99,100)(101,102,103,104)(105,106,107,108)(109,110,111,112)(113,114,115,116)
        (117,118,119,120)(121,122,123,124)(125,126,127,128)(129,130,131,132)(133,134,135,136)(137,138,139,140)
        (141,142,143,144)(145,146,147,148)(149,150,151,152)(153,154,155,156)(157,158,159,160)(161,162,163,164)
        (165,166,167,168) ), rec(
      MapDEvert := [ 1, 1, 1, 1, 2, 2, 2, 2, 3, 3, 3, 3, 4, 4, 4, 4, 5, 5, 5, 5, 6, 6, 6, 6, 7, 7, 7, 7, 8, 
          8, 8, 8, 9, 9, 9, 9, 10, 10, 10, 10, 11, 11, 11, 11, 12, 12, 12, 12, 13, 13, 13, 13, 14, 14, 14, 
          14, 15, 15, 15, 15, 16, 16, 16, 16, 17, 17, 17, 17, 18, 18, 18, 18, 19, 19, 19, 19, 20, 20, 20, 20, 
          21, 21, 21, 21, 22, 22, 22, 22, 23, 23, 23, 23, 24, 24, 24, 24, 25, 25, 25, 25, 26, 26, 26, 26, 27, 
          27, 27, 27, 28, 28, 28, 28, 29, 29, 29, 29, 30, 30, 30, 30, 31, 31, 31, 31, 32, 32, 32, 32, 33, 33, 
          33, 33, 34, 34, 34, 34, 35, 35, 35, 35, 36, 36, 36, 36, 37, 37, 37, 37, 38, 38, 38, 38, 39, 39, 39, 
          39, 40, 40, 40, 40, 41, 41, 41, 41, 42, 42, 42, 42 ],
      MapVertDE := [ [ 1 .. 4 ], [ 5 .. 8 ], [ 9 .. 12 ], [ 13 .. 16 ], [ 17 .. 20 ], [ 21 .. 24 ], 
          [ 25 .. 28 ], [ 29 .. 32 ], [ 33 .. 36 ], [ 37 .. 40 ], [ 41 .. 44 ], [ 45 .. 48 ], [ 49 .. 52 ], 
          [ 53 .. 56 ], [ 57 .. 60 ], [ 61 .. 64 ], [ 65 .. 68 ], [ 69 .. 72 ], [ 73 .. 76 ], [ 77 .. 80 ], 
          [ 81 .. 84 ], [ 85 .. 88 ], [ 89 .. 92 ], [ 93 .. 96 ], [ 97 .. 100 ], [ 101 .. 104 ], 
          [ 105 .. 108 ], [ 109 .. 112 ], [ 113 .. 116 ], [ 117 .. 120 ], [ 121 .. 124 ], [ 125 .. 128 ], 
          [ 129 .. 132 ], [ 133 .. 136 ], [ 137 .. 140 ], [ 141 .. 144 ], [ 145 .. 148 ], [ 149 .. 152 ], 
          [ 153 .. 156 ], [ 157 .. 160 ], [ 161 .. 164 ], [ 165 .. 168 ] ],
      invers := (  1,  5)(  2,  9)(  3, 13)(  4, 17)(  6, 21)(  7,156)(  8, 29)( 10, 32)( 11, 33)( 12, 37)
        ( 14, 40)( 15, 41)( 16, 45)( 18, 48)( 19, 49)( 20, 22)( 23, 53)( 24, 27)( 25,154)( 26,153)( 28, 57)
        ( 30, 64)( 31, 65)( 34, 68)( 35, 69)( 36, 73)( 38, 76)( 39, 77)( 42, 80)( 43, 81)( 44, 85)( 46, 88)
        ( 47, 89)( 50, 92)( 51, 95)( 52, 54)( 55,160)( 56, 58)( 59, 97)( 60, 62)( 61,155)( 63,101)( 66,104)
        ( 67,105)( 70,108)( 71,109)( 72,113)( 74,116)( 75,164)( 78,163)( 79,121)( 82,124)( 83,127)( 84,129)
        ( 86,132)( 87,133)( 90,136)( 91,137)( 93,158)( 94,157)( 96,140)( 98,159)( 99,139)(100,102)(103,141)
        (106,144)(107,145)(110,148)(111,167)(112,149)(114,152)(115,119)(117,162)(118,161)(120,122)(123,151)
        (125,166)(126,165)(128,150)(130,168)(131,147)(134,146)(135,143)(138,142),
      nbP := 168,
      next := (  1,  2,  3,  4)(  5,  6,  7,  8)(  9, 10, 11, 12)( 13, 14, 15, 16)( 17, 18, 19, 20)
        ( 21, 22, 23, 24)( 25, 26, 27, 28)( 29, 30, 31, 32)( 33, 34, 35, 36)( 37, 38, 39, 40)( 41, 42, 43, 44)
        ( 45, 46, 47, 48)( 49, 50, 51, 52)( 53, 54, 55, 56)( 57, 58, 59, 60)( 61, 62, 63, 64)( 65, 66, 67, 68)
        ( 69, 70, 71, 72)( 73, 74, 75, 76)( 77, 78, 79, 80)( 81, 82, 83, 84)( 85, 86, 87, 88)( 89, 90, 91, 92)
        ( 93, 94, 95, 96)( 97, 98, 99,100)(101,102,103,104)(105,106,107,108)(109,110,111,112)(113,114,115,116)
        (117,118,119,120)(121,122,123,124)(125,126,127,128)(129,130,131,132)(133,134,135,136)(137,138,139,140)
        (141,142,143,144)(145,146,147,148)(149,150,151,152)(153,154,155,156)(157,158,159,160)(161,162,163,164)
        (165,166,167,168) ), rec(
      MapDEvert := [ 1, 1, 1, 1, 2, 2, 2, 2, 3, 3, 3, 3, 4, 4, 4, 4, 5, 5, 5, 5, 6, 6, 6, 6, 7, 7, 7, 7, 8, 
          8, 8, 8, 9, 9, 9, 9, 10, 10, 10, 10, 11, 11, 11, 11, 12, 12, 12, 12, 13, 13, 13, 13, 14, 14, 14, 
          14, 15, 15, 15, 15, 16, 16, 16, 16, 17, 17, 17, 17, 18, 18, 18, 18, 19, 19, 19, 19, 20, 20, 20, 20, 
          21, 21, 21, 21, 22, 22, 22, 22, 23, 23, 23, 23, 24, 24, 24, 24, 25, 25, 25, 25, 26, 26, 26, 26, 27, 
          27, 27, 27, 28, 28, 28, 28, 29, 29, 29, 29, 30, 30, 30, 30, 31, 31, 31, 31, 32, 32, 32, 32, 33, 33, 
          33, 33, 34, 34, 34, 34, 35, 35, 35, 35, 36, 36, 36, 36, 37, 37, 37, 37, 38, 38, 38, 38, 39, 39, 39, 
          39, 40, 40, 40, 40, 41, 41, 41, 41, 42, 42, 42, 42 ],
      MapVertDE := [ [ 1 .. 4 ], [ 5 .. 8 ], [ 9 .. 12 ], [ 13 .. 16 ], [ 17 .. 20 ], [ 21 .. 24 ], 
          [ 25 .. 28 ], [ 29 .. 32 ], [ 33 .. 36 ], [ 37 .. 40 ], [ 41 .. 44 ], [ 45 .. 48 ], [ 49 .. 52 ], 
          [ 53 .. 56 ], [ 57 .. 60 ], [ 61 .. 64 ], [ 65 .. 68 ], [ 69 .. 72 ], [ 73 .. 76 ], [ 77 .. 80 ], 
          [ 81 .. 84 ], [ 85 .. 88 ], [ 89 .. 92 ], [ 93 .. 96 ], [ 97 .. 100 ], [ 101 .. 104 ], 
          [ 105 .. 108 ], [ 109 .. 112 ], [ 113 .. 116 ], [ 117 .. 120 ], [ 121 .. 124 ], [ 125 .. 128 ], 
          [ 129 .. 132 ], [ 133 .. 136 ], [ 137 .. 140 ], [ 141 .. 144 ], [ 145 .. 148 ], [ 149 .. 152 ], 
          [ 153 .. 156 ], [ 157 .. 160 ], [ 161 .. 164 ], [ 165 .. 168 ] ],
      invers := (  1,  7)(  2,  9)(  3, 13)(  4, 19)(  5,154)(  6,153)(  8,160)( 10,156)( 11, 25)( 12, 29)
        ( 14, 32)( 15, 33)( 16, 37)( 17,158)( 18,157)( 20, 40)( 21,155)( 22,159)( 23, 39)( 24, 26)( 27, 41)
        ( 28, 45)( 30, 48)( 31, 49)( 34, 52)( 35, 53)( 36, 43)( 38, 42)( 44, 57)( 46, 60)( 47, 61)( 50, 64)
        ( 51, 65)( 54, 68)( 55, 69)( 56, 58)( 59, 73)( 62, 76)( 63, 77)( 66, 80)( 67, 81)( 70, 84)( 71, 85)
        ( 72, 74)( 75, 89)( 78, 92)( 79, 93)( 82, 96)( 83, 97)( 86,100)( 87,101)( 88, 90)( 91,105)( 94,108)
        ( 95,109)( 98,112)( 99,113)(102,116)(103,117)(104,106)(107,121)(110,124)(111,125)(114,128)(115,129)
        (118,132)(119,133)(120,122)(123,137)(126,140)(127,141)(130,144)(131,164)(134,163)(135,151)(136,138)
        (139,168)(142,167)(143,147)(145,162)(146,161)(148,152)(149,166)(150,165),
      nbP := 168,
      next := (  1,  2,  3,  4)(  5,  6,  7,  8)(  9, 10, 11, 12)( 13, 14, 15, 16)( 17, 18, 19, 20)
        ( 21, 22, 23, 24)( 25, 26, 27, 28)( 29, 30, 31, 32)( 33, 34, 35, 36)( 37, 38, 39, 40)( 41, 42, 43, 44)
        ( 45, 46, 47, 48)( 49, 50, 51, 52)( 53, 54, 55, 56)( 57, 58, 59, 60)( 61, 62, 63, 64)( 65, 66, 67, 68)
        ( 69, 70, 71, 72)( 73, 74, 75, 76)( 77, 78, 79, 80)( 81, 82, 83, 84)( 85, 86, 87, 88)( 89, 90, 91, 92)
        ( 93, 94, 95, 96)( 97, 98, 99,100)(101,102,103,104)(105,106,107,108)(109,110,111,112)(113,114,115,116)
        (117,118,119,120)(121,122,123,124)(125,126,127,128)(129,130,131,132)(133,134,135,136)(137,138,139,140)
        (141,142,143,144)(145,146,147,148)(149,150,151,152)(153,154,155,156)(157,158,159,160)(161,162,163,164)
        (165,166,167,168) ), rec(
      MapDEvert := [ 1, 1, 1, 1, 2, 2, 2, 2, 3, 3, 3, 3, 4, 4, 4, 4, 5, 5, 5, 5, 6, 6, 6, 6, 7, 7, 7, 7, 8, 
          8, 8, 8, 9, 9, 9, 9, 10, 10, 10, 10, 11, 11, 11, 11, 12, 12, 12, 12, 13, 13, 13, 13, 14, 14, 14, 
          14, 15, 15, 15, 15, 16, 16, 16, 16, 17, 17, 17, 17, 18, 18, 18, 18, 19, 19, 19, 19, 20, 20, 20, 20, 
          21, 21, 21, 21, 22, 22, 22, 22, 23, 23, 23, 23, 24, 24, 24, 24, 25, 25, 25, 25, 26, 26, 26, 26, 27, 
          27, 27, 27, 28, 28, 28, 28, 29, 29, 29, 29, 30, 30, 30, 30, 31, 31, 31, 31, 32, 32, 32, 32, 33, 33, 
          33, 33, 34, 34, 34, 34, 35, 35, 35, 35, 36, 36, 36, 36, 37, 37, 37, 37, 38, 38, 38, 38, 39, 39, 39, 
          39, 40, 40, 40, 40, 41, 41, 41, 41, 42, 42, 42, 42 ],
      MapVertDE := [ [ 1 .. 4 ], [ 5 .. 8 ], [ 9 .. 12 ], [ 13 .. 16 ], [ 17 .. 20 ], [ 21 .. 24 ], 
          [ 25 .. 28 ], [ 29 .. 32 ], [ 33 .. 36 ], [ 37 .. 40 ], [ 41 .. 44 ], [ 45 .. 48 ], [ 49 .. 52 ], 
          [ 53 .. 56 ], [ 57 .. 60 ], [ 61 .. 64 ], [ 65 .. 68 ], [ 69 .. 72 ], [ 73 .. 76 ], [ 77 .. 80 ], 
          [ 81 .. 84 ], [ 85 .. 88 ], [ 89 .. 92 ], [ 93 .. 96 ], [ 97 .. 100 ], [ 101 .. 104 ], 
          [ 105 .. 108 ], [ 109 .. 112 ], [ 113 .. 116 ], [ 117 .. 120 ], [ 121 .. 124 ], [ 125 .. 128 ], 
          [ 129 .. 132 ], [ 133 .. 136 ], [ 137 .. 140 ], [ 141 .. 144 ], [ 145 .. 148 ], [ 149 .. 152 ], 
          [ 153 .. 156 ], [ 157 .. 160 ], [ 161 .. 164 ], [ 165 .. 168 ] ],
      invers := (  1,  5)(  2,156)(  3, 13)(  4, 19)(  6,160)(  7, 21)(  8, 11)(  9,154)( 10,153)( 12, 25)
        ( 14, 32)( 15, 33)( 16, 37)( 17,158)( 18,157)( 20, 40)( 22, 44)( 23, 45)( 24, 26)( 27, 49)( 28, 30)
        ( 29,155)( 31, 53)( 34, 56)( 35, 57)( 36, 61)( 38, 64)( 39, 42)( 41,159)( 43, 65)( 46, 68)( 47, 69)
        ( 48, 50)( 51, 73)( 52, 54)( 55, 77)( 58, 80)( 59, 81)( 60, 85)( 62, 88)( 63, 66)( 67, 89)( 70, 92)
        ( 71, 93)( 72, 74)( 75, 97)( 76, 78)( 79,101)( 82,104)( 83,105)( 84,109)( 86,112)( 87, 90)( 91,113)
        ( 94,116)( 95,117)( 96, 98)( 99,121)(100,102)(103,125)(106,128)(107,129)(108,133)(110,136)(111,114)
        (115,137)(118,140)(119,141)(120,122)(123,147)(124,126)(127,164)(130,163)(131,143)(132,168)(134,167)
        (135,138)(139,152)(142,151)(144,148)(145,162)(146,161)(149,166)(150,165),
      nbP := 168,
      next := (  1,  2,  3,  4)(  5,  6,  7,  8)(  9, 10, 11, 12)( 13, 14, 15, 16)( 17, 18, 19, 20)
        ( 21, 22, 23, 24)( 25, 26, 27, 28)( 29, 30, 31, 32)( 33, 34, 35, 36)( 37, 38, 39, 40)( 41, 42, 43, 44)
        ( 45, 46, 47, 48)( 49, 50, 51, 52)( 53, 54, 55, 56)( 57, 58, 59, 60)( 61, 62, 63, 64)( 65, 66, 67, 68)
        ( 69, 70, 71, 72)( 73, 74, 75, 76)( 77, 78, 79, 80)( 81, 82, 83, 84)( 85, 86, 87, 88)( 89, 90, 91, 92)
        ( 93, 94, 95, 96)( 97, 98, 99,100)(101,102,103,104)(105,106,107,108)(109,110,111,112)(113,114,115,116)
        (117,118,119,120)(121,122,123,124)(125,126,127,128)(129,130,131,132)(133,134,135,136)(137,138,139,140)
        (141,142,143,144)(145,146,147,148)(149,150,151,152)(153,154,155,156)(157,158,159,160)(161,162,163,164)
        (165,166,167,168) ), rec(
      MapDEvert := [ 1, 1, 1, 1, 2, 2, 2, 2, 3, 3, 3, 3, 4, 4, 4, 4, 5, 5, 5, 5, 6, 6, 6, 6, 7, 7, 7, 7, 8, 
          8, 8, 8, 9, 9, 9, 9, 10, 10, 10, 10, 11, 11, 11, 11, 12, 12, 12, 12, 13, 13, 13, 13, 14, 14, 14, 
          14, 15, 15, 15, 15, 16, 16, 16, 16, 17, 17, 17, 17, 18, 18, 18, 18, 19, 19, 19, 19, 20, 20, 20, 20, 
          21, 21, 21, 21, 22, 22, 22, 22, 23, 23, 23, 23, 24, 24, 24, 24, 25, 25, 25, 25, 26, 26, 26, 26, 27, 
          27, 27, 27, 28, 28, 28, 28, 29, 29, 29, 29, 30, 30, 30, 30, 31, 31, 31, 31, 32, 32, 32, 32, 33, 33, 
          33, 33, 34, 34, 34, 34, 35, 35, 35, 35, 36, 36, 36, 36, 37, 37, 37, 37, 38, 38, 38, 38, 39, 39, 39, 
          39, 40, 40, 40, 40, 41, 41, 41, 41, 42, 42, 42, 42 ],
      MapVertDE := [ [ 1 .. 4 ], [ 5 .. 8 ], [ 9 .. 12 ], [ 13 .. 16 ], [ 17 .. 20 ], [ 21 .. 24 ], 
          [ 25 .. 28 ], [ 29 .. 32 ], [ 33 .. 36 ], [ 37 .. 40 ], [ 41 .. 44 ], [ 45 .. 48 ], [ 49 .. 52 ], 
          [ 53 .. 56 ], [ 57 .. 60 ], [ 61 .. 64 ], [ 65 .. 68 ], [ 69 .. 72 ], [ 73 .. 76 ], [ 77 .. 80 ], 
          [ 81 .. 84 ], [ 85 .. 88 ], [ 89 .. 92 ], [ 93 .. 96 ], [ 97 .. 100 ], [ 101 .. 104 ], 
          [ 105 .. 108 ], [ 109 .. 112 ], [ 113 .. 116 ], [ 117 .. 120 ], [ 121 .. 124 ], [ 125 .. 128 ], 
          [ 129 .. 132 ], [ 133 .. 136 ], [ 137 .. 140 ], [ 141 .. 144 ], [ 145 .. 148 ], [ 149 .. 152 ], 
          [ 153 .. 156 ], [ 157 .. 160 ], [ 161 .. 164 ], [ 165 .. 168 ] ],
      invers := (  1,154)(  2,153)(  3, 13)(  4, 17)(  5,155)(  6, 20)(  7, 21)(  8, 25)(  9,156)( 10, 28)
        ( 11, 31)( 12, 14)( 15,160)( 16, 33)( 18, 36)( 19, 37)( 22, 40)( 23, 41)( 24, 45)( 26, 48)( 27, 49)
        ( 29,158)( 30,157)( 32, 52)( 34, 56)( 35, 57)( 38, 60)( 39, 61)( 42, 64)( 43, 65)( 44, 69)( 46, 72)
        ( 47, 73)( 50, 76)( 51, 54)( 53,159)( 55, 77)( 58, 80)( 59, 81)( 62, 84)( 63, 85)( 66, 88)( 67, 89)
        ( 68, 93)( 70, 96)( 71, 97)( 74,100)( 75, 78)( 79,101)( 82,104)( 83,105)( 86,108)( 87,109)( 90,112)
        ( 91,115)( 92,117)( 94,120)( 95,121)( 98,124)( 99,102)(103,125)(106,128)(107,129)(110,132)(111,133)
        (113,162)(114,161)(116,136)(118,164)(119,141)(122,144)(123,126)(127,145)(130,148)(131,168)(134,167)
        (135,138)(137,163)(139,152)(140,142)(143,146)(147,151)(149,166)(150,165),
      nbP := 168,
      next := (  1,  2,  3,  4)(  5,  6,  7,  8)(  9, 10, 11, 12)( 13, 14, 15, 16)( 17, 18, 19, 20)
        ( 21, 22, 23, 24)( 25, 26, 27, 28)( 29, 30, 31, 32)( 33, 34, 35, 36)( 37, 38, 39, 40)( 41, 42, 43, 44)
        ( 45, 46, 47, 48)( 49, 50, 51, 52)( 53, 54, 55, 56)( 57, 58, 59, 60)( 61, 62, 63, 64)( 65, 66, 67, 68)
        ( 69, 70, 71, 72)( 73, 74, 75, 76)( 77, 78, 79, 80)( 81, 82, 83, 84)( 85, 86, 87, 88)( 89, 90, 91, 92)
        ( 93, 94, 95, 96)( 97, 98, 99,100)(101,102,103,104)(105,106,107,108)(109,110,111,112)(113,114,115,116)
        (117,118,119,120)(121,122,123,124)(125,126,127,128)(129,130,131,132)(133,134,135,136)(137,138,139,140)
        (141,142,143,144)(145,146,147,148)(149,150,151,152)(153,154,155,156)(157,158,159,160)(161,162,163,164)
        (165,166,167,168) ), rec(
      MapDEvert := [ 1, 1, 1, 1, 2, 2, 2, 2, 3, 3, 3, 3, 4, 4, 4, 4, 5, 5, 5, 5, 6, 6, 6, 6, 7, 7, 7, 7, 8, 
          8, 8, 8, 9, 9, 9, 9, 10, 10, 10, 10, 11, 11, 11, 11, 12, 12, 12, 12, 13, 13, 13, 13, 14, 14, 14, 
          14, 15, 15, 15, 15, 16, 16, 16, 16, 17, 17, 17, 17, 18, 18, 18, 18, 19, 19, 19, 19, 20, 20, 20, 20, 
          21, 21, 21, 21, 22, 22, 22, 22, 23, 23, 23, 23, 24, 24, 24, 24, 25, 25, 25, 25, 26, 26, 26, 26, 27, 
          27, 27, 27, 28, 28, 28, 28, 29, 29, 29, 29, 30, 30, 30, 30, 31, 31, 31, 31, 32, 32, 32, 32, 33, 33, 
          33, 33, 34, 34, 34, 34, 35, 35, 35, 35, 36, 36, 36, 36, 37, 37, 37, 37, 38, 38, 38, 38, 39, 39, 39, 
          39, 40, 40, 40, 40, 41, 41, 41, 41, 42, 42, 42, 42 ],
      MapVertDE := [ [ 1 .. 4 ], [ 5 .. 8 ], [ 9 .. 12 ], [ 13 .. 16 ], [ 17 .. 20 ], [ 21 .. 24 ], 
          [ 25 .. 28 ], [ 29 .. 32 ], [ 33 .. 36 ], [ 37 .. 40 ], [ 41 .. 44 ], [ 45 .. 48 ], [ 49 .. 52 ], 
          [ 53 .. 56 ], [ 57 .. 60 ], [ 61 .. 64 ], [ 65 .. 68 ], [ 69 .. 72 ], [ 73 .. 76 ], [ 77 .. 80 ], 
          [ 81 .. 84 ], [ 85 .. 88 ], [ 89 .. 92 ], [ 93 .. 96 ], [ 97 .. 100 ], [ 101 .. 104 ], 
          [ 105 .. 108 ], [ 109 .. 112 ], [ 113 .. 116 ], [ 117 .. 120 ], [ 121 .. 124 ], [ 125 .. 128 ], 
          [ 129 .. 132 ], [ 133 .. 136 ], [ 137 .. 140 ], [ 141 .. 144 ], [ 145 .. 148 ], [ 149 .. 152 ], 
          [ 153 .. 156 ], [ 157 .. 160 ], [ 161 .. 164 ], [ 165 .. 168 ] ],
      invers := (  1,162)(  2,161)(  3,  9)(  4, 14)(  5,164)(  6,163)(  7, 13)(  8, 10)( 11, 17)( 12, 22)
        ( 15, 21)( 16, 18)( 19, 25)( 20, 30)( 23, 29)( 24, 26)( 27, 33)( 28, 38)( 31, 37)( 32, 34)( 35, 41)
        ( 36, 46)( 39, 45)( 40, 42)( 43, 49)( 44, 54)( 47, 53)( 48, 50)( 51, 57)( 52, 62)( 55, 61)( 56, 58)
        ( 59, 65)( 60, 70)( 63, 69)( 64, 66)( 67, 73)( 68, 78)( 71, 77)( 72, 74)( 75, 81)( 76, 86)( 79, 85)
        ( 80, 82)( 83, 89)( 84, 94)( 87, 93)( 88, 90)( 91, 97)( 92,102)( 95,101)( 96, 98)( 99,105)(100,110)
        (103,109)(104,106)(107,113)(108,118)(111,117)(112,114)(115,121)(116,126)(119,125)(120,122)(123,129)
        (124,134)(127,133)(128,130)(131,137)(132,142)(135,141)(136,138)(139,145)(140,150)(143,149)(144,146)
        (147,153)(148,158)(151,157)(152,154)(155,168)(156,167)(159,166)(160,165),
      nbP := 168,
      next := (  1,  2,  3,  4)(  5,  6,  7,  8)(  9, 10, 11, 12)( 13, 14, 15, 16)( 17, 18, 19, 20)
        ( 21, 22, 23, 24)( 25, 26, 27, 28)( 29, 30, 31, 32)( 33, 34, 35, 36)( 37, 38, 39, 40)( 41, 42, 43, 44)
        ( 45, 46, 47, 48)( 49, 50, 51, 52)( 53, 54, 55, 56)( 57, 58, 59, 60)( 61, 62, 63, 64)( 65, 66, 67, 68)
        ( 69, 70, 71, 72)( 73, 74, 75, 76)( 77, 78, 79, 80)( 81, 82, 83, 84)( 85, 86, 87, 88)( 89, 90, 91, 92)
        ( 93, 94, 95, 96)( 97, 98, 99,100)(101,102,103,104)(105,106,107,108)(109,110,111,112)(113,114,115,116)
        (117,118,119,120)(121,122,123,124)(125,126,127,128)(129,130,131,132)(133,134,135,136)(137,138,139,140)
        (141,142,143,144)(145,146,147,148)(149,150,151,152)(153,154,155,156)(157,158,159,160)(161,162,163,164)
        (165,166,167,168) ), rec(
      invers := (  1, 85)(  2, 88)(  3,  5)(  4, 86)(  6, 92)(  7,  9)(  8, 90)( 10, 96)( 11, 13)( 12, 94)
        ( 14,100)( 15, 17)( 16, 98)( 18,104)( 19, 21)( 20,102)( 22,108)( 23, 25)( 24,106)( 26,112)( 27, 29)
        ( 28,110)( 30,116)( 31, 33)( 32,114)( 34,120)( 35, 37)( 36,118)( 38,124)( 39, 41)( 40,122)( 42,128)
        ( 43, 45)( 44,126)( 46,132)( 47, 49)( 48,130)( 50,136)( 51, 53)( 52,134)( 54,140)( 55, 57)( 56,138)
        ( 58,144)( 59, 61)( 60,142)( 62,148)( 63, 65)( 64,146)( 66,152)( 67, 69)( 68,150)( 70,156)( 71, 73)
        ( 72,154)( 74,160)( 75, 77)( 76,158)( 78,164)( 79, 81)( 80,162)( 82,168)( 83,167)( 84,166)( 87, 89)
        ( 91, 93)( 95, 97)( 99,101)(103,105)(107,109)(111,113)(115,117)(119,121)(123,125)(127,129)(131,133)
        (135,137)(139,141)(143,145)(147,149)(151,153)(155,157)(159,161)(163,165),
      nbP := 168,
      next := (  1,  2,  3,  4)(  5,  6,  7,  8)(  9, 10, 11, 12)( 13, 14, 15, 16)( 17, 18, 19, 20)
        ( 21, 22, 23, 24)( 25, 26, 27, 28)( 29, 30, 31, 32)( 33, 34, 35, 36)( 37, 38, 39, 40)( 41, 42, 43, 44)
        ( 45, 46, 47, 48)( 49, 50, 51, 52)( 53, 54, 55, 56)( 57, 58, 59, 60)( 61, 62, 63, 64)( 65, 66, 67, 68)
        ( 69, 70, 71, 72)( 73, 74, 75, 76)( 77, 78, 79, 80)( 81, 82, 83, 84)( 85, 86, 87, 88)( 89, 90, 91, 92)
        ( 93, 94, 95, 96)( 97, 98, 99,100)(101,102,103,104)(105,106,107,108)(109,110,111,112)(113,114,115,116)
        (117,118,119,120)(121,122,123,124)(125,126,127,128)(129,130,131,132)(133,134,135,136)(137,138,139,140)
        (141,142,143,144)(145,146,147,148)(149,150,151,152)(153,154,155,156)(157,158,159,160)(161,162,163,164)
        (165,166,167,168) ) ];
