return [ rec(
      MapDEvert := [ 1, 1, 1, 1, 2, 2, 2, 2, 3, 3, 3, 3, 4, 4, 4, 4, 5, 5, 5, 5, 6, 6, 6, 6, 7, 7, 7, 7, 8, 
          8, 8, 8, 9, 9, 9, 9, 10, 10, 10, 10, 11, 11, 11, 11, 12, 12, 12, 12, 13, 13, 13, 13, 14, 14, 14, 
          14, 15, 15, 15, 15, 16, 16, 16, 16, 17, 17, 17, 17, 18, 18, 18, 18, 19, 19, 19, 19, 20, 20, 20, 20, 
          21, 21, 21, 21, 22, 22, 22, 22 ],
      MapVertDE := [ [ 1 .. 4 ], [ 5 .. 8 ], [ 9 .. 12 ], [ 13 .. 16 ], [ 17 .. 20 ], [ 21 .. 24 ], 
          [ 25 .. 28 ], [ 29 .. 32 ], [ 33 .. 36 ], [ 37 .. 40 ], [ 41 .. 44 ], [ 45 .. 48 ], [ 49 .. 52 ], 
          [ 53 .. 56 ], [ 57 .. 60 ], [ 61 .. 64 ], [ 65 .. 68 ], [ 69 .. 72 ], [ 73 .. 76 ], [ 77 .. 80 ], 
          [ 81 .. 84 ], [ 85 .. 88 ] ],
      invers := ( 1, 7)( 2, 9)( 3,13)( 4,17)( 5,74)( 6,73)( 8,21)(10,76)(11,29)(12,33)(14,36)(15,39)(16,41)
        (18,44)(19,47)(20,22)(23,84)(24,26)(25,75)(27,49)(28,30)(31,53)(32,88)(34,87)(35,61)(37,78)(38,77)
        (40,64)(42,80)(43,69)(45,82)(46,81)(48,72)(50,83)(51,71)(52,54)(55,67)(56,59)(57,86)(58,85)(60,62)
        (63,66)(65,79)(68,70),
      nbP := 88,
      next := ( 1, 2, 3, 4)( 5, 6, 7, 8)( 9,10,11,12)(13,14,15,16)(17,18,19,20)(21,22,23,24)(25,26,27,28)
        (29,30,31,32)(33,34,35,36)(37,38,39,40)(41,42,43,44)(45,46,47,48)(49,50,51,52)(53,54,55,56)
        (57,58,59,60)(61,62,63,64)(65,66,67,68)(69,70,71,72)(73,74,75,76)(77,78,79,80)(81,82,83,84)
        (85,86,87,88) ), rec(
      MapDEvert := [ 1, 1, 1, 1, 2, 2, 2, 2, 3, 3, 3, 3, 4, 4, 4, 4, 5, 5, 5, 5, 6, 6, 6, 6, 7, 7, 7, 7, 8, 
          8, 8, 8, 9, 9, 9, 9, 10, 10, 10, 10, 11, 11, 11, 11, 12, 12, 12, 12, 13, 13, 13, 13, 14, 14, 14, 
          14, 15, 15, 15, 15, 16, 16, 16, 16, 17, 17, 17, 17, 18, 18, 18, 18, 19, 19, 19, 19, 20, 20, 20, 20, 
          21, 21, 21, 21, 22, 22, 22, 22 ],
      MapVertDE := [ [ 1 .. 4 ], [ 5 .. 8 ], [ 9 .. 12 ], [ 13 .. 16 ], [ 17 .. 20 ], [ 21 .. 24 ], 
          [ 25 .. 28 ], [ 29 .. 32 ], [ 33 .. 36 ], [ 37 .. 40 ], [ 41 .. 44 ], [ 45 .. 48 ], [ 49 .. 52 ], 
          [ 53 .. 56 ], [ 57 .. 60 ], [ 61 .. 64 ], [ 65 .. 68 ], [ 69 .. 72 ], [ 73 .. 76 ], [ 77 .. 80 ], 
          [ 81 .. 84 ], [ 85 .. 88 ] ],
      invers := ( 1, 7)( 2, 9)( 3,13)( 4,19)( 5,74)( 6,73)( 8,80)(10,76)(11,25)(12,29)(14,32)(15,33)(16,37)
        (17,78)(18,77)(20,40)(21,75)(22,79)(23,39)(24,26)(27,41)(28,45)(30,48)(31,49)(34,52)(35,53)(36,43)
        (38,42)(44,57)(46,60)(47,61)(50,64)(51,84)(54,83)(55,71)(56,58)(59,88)(62,87)(63,67)(65,82)(66,81)
        (68,72)(69,86)(70,85),
      nbP := 88,
      next := ( 1, 2, 3, 4)( 5, 6, 7, 8)( 9,10,11,12)(13,14,15,16)(17,18,19,20)(21,22,23,24)(25,26,27,28)
        (29,30,31,32)(33,34,35,36)(37,38,39,40)(41,42,43,44)(45,46,47,48)(49,50,51,52)(53,54,55,56)
        (57,58,59,60)(61,62,63,64)(65,66,67,68)(69,70,71,72)(73,74,75,76)(77,78,79,80)(81,82,83,84)
        (85,86,87,88) ), rec(
      MapDEvert := [ 1, 1, 1, 1, 2, 2, 2, 2, 3, 3, 3, 3, 4, 4, 4, 4, 5, 5, 5, 5, 6, 6, 6, 6, 7, 7, 7, 7, 8, 
          8, 8, 8, 9, 9, 9, 9, 10, 10, 10, 10, 11, 11, 11, 11, 12, 12, 12, 12, 13, 13, 13, 13, 14, 14, 14, 
          14, 15, 15, 15, 15, 16, 16, 16, 16, 17, 17, 17, 17, 18, 18, 18, 18, 19, 19, 19, 19, 20, 20, 20, 20, 
          21, 21, 21, 21, 22, 22, 22, 22 ],
      MapVertDE := [ [ 1 .. 4 ], [ 5 .. 8 ], [ 9 .. 12 ], [ 13 .. 16 ], [ 17 .. 20 ], [ 21 .. 24 ], 
          [ 25 .. 28 ], [ 29 .. 32 ], [ 33 .. 36 ], [ 37 .. 40 ], [ 41 .. 44 ], [ 45 .. 48 ], [ 49 .. 52 ], 
          [ 53 .. 56 ], [ 57 .. 60 ], [ 61 .. 64 ], [ 65 .. 68 ], [ 69 .. 72 ], [ 73 .. 76 ], [ 77 .. 80 ], 
          [ 81 .. 84 ], [ 85 .. 88 ] ],
      invers := ( 1,82)( 2,81)( 3, 9)( 4,14)( 5,84)( 6,83)( 7,13)( 8,10)(11,17)(12,22)(15,21)(16,18)(19,25)
        (20,30)(23,29)(24,26)(27,33)(28,38)(31,37)(32,34)(35,41)(36,46)(39,45)(40,42)(43,49)(44,54)(47,53)
        (48,50)(51,57)(52,62)(55,61)(56,58)(59,65)(60,70)(63,69)(64,66)(67,73)(68,78)(71,77)(72,74)(75,88)
        (76,87)(79,86)(80,85),
      nbP := 88,
      next := ( 1, 2, 3, 4)( 5, 6, 7, 8)( 9,10,11,12)(13,14,15,16)(17,18,19,20)(21,22,23,24)(25,26,27,28)
        (29,30,31,32)(33,34,35,36)(37,38,39,40)(41,42,43,44)(45,46,47,48)(49,50,51,52)(53,54,55,56)
        (57,58,59,60)(61,62,63,64)(65,66,67,68)(69,70,71,72)(73,74,75,76)(77,78,79,80)(81,82,83,84)
        (85,86,87,88) ), rec(
      invers := ( 1,45)( 2,48)( 3, 5)( 4,46)( 6,52)( 7, 9)( 8,50)(10,56)(11,13)(12,54)(14,60)(15,17)(16,58)
        (18,64)(19,21)(20,62)(22,68)(23,25)(24,66)(26,72)(27,29)(28,70)(30,76)(31,33)(32,74)(34,80)(35,37)
        (36,78)(38,84)(39,41)(40,82)(42,88)(43,87)(44,86)(47,49)(51,53)(55,57)(59,61)(63,65)(67,69)(71,73)
        (75,77)(79,81)(83,85),
      nbP := 88,
      next := ( 1, 2, 3, 4)( 5, 6, 7, 8)( 9,10,11,12)(13,14,15,16)(17,18,19,20)(21,22,23,24)(25,26,27,28)
        (29,30,31,32)(33,34,35,36)(37,38,39,40)(41,42,43,44)(45,46,47,48)(49,50,51,52)(53,54,55,56)
        (57,58,59,60)(61,62,63,64)(65,66,67,68)(69,70,71,72)(73,74,75,76)(77,78,79,80)(81,82,83,84)
        (85,86,87,88) ) ];
