return [ rec(
      MapDEvert := [ 1, 1, 1, 1, 2, 2, 2, 2, 3, 3, 3, 3, 4, 4, 4, 4, 5, 5, 5, 5, 6, 6, 6, 6, 7, 7, 7, 7, 8, 
          8, 8, 8, 9, 9, 9, 9, 10, 10, 10, 10, 11, 11, 11, 11, 12, 12, 12, 12, 13, 13, 13, 13, 14, 14, 14, 
          14, 15, 15, 15, 15, 16, 16, 16, 16, 17, 17, 17, 17, 18, 18, 18, 18, 19, 19, 19, 19, 20, 20, 20, 20, 
          21, 21, 21, 21, 22, 22, 22, 22, 23, 23, 23, 23, 24, 24, 24, 24, 25, 25, 25, 25, 26, 26, 26, 26, 27, 
          27, 27, 27, 28, 28, 28, 28, 29, 29, 29, 29, 30, 30, 30, 30, 31, 31, 31, 31, 32, 32, 32, 32, 33, 33, 
          33, 33, 34, 34, 34, 34, 35, 35, 35, 35, 36, 36, 36, 36, 37, 37, 37, 37, 38, 38, 38, 38, 39, 39, 39, 
          39, 40, 40, 40, 40, 41, 41, 41, 41, 42, 42, 42, 42, 43, 43, 43, 43, 44, 44, 44, 44, 45, 45, 45, 45, 
          46, 46, 46, 46, 47, 47, 47, 47, 48, 48, 48, 48, 49, 49, 49, 49, 50, 50, 50, 50, 51, 51, 51, 51, 52, 
          52, 52, 52, 53, 53, 53, 53, 54, 54, 54, 54, 55, 55, 55, 55, 56, 56, 56, 56, 57, 57, 57, 57, 58, 58, 
          58, 58, 59, 59, 59, 59, 60, 60, 60, 60, 61, 61, 61, 61, 62, 62, 62, 62, 63, 63, 63, 63, 64, 64, 64, 
          64, 65, 65, 65, 65, 66, 66, 66, 66, 67, 67, 67, 67, 68, 68, 68, 68 ],
      MapVertDE := [ [ 1 .. 4 ], [ 5 .. 8 ], [ 9 .. 12 ], [ 13 .. 16 ], [ 17 .. 20 ], [ 21 .. 24 ], 
          [ 25 .. 28 ], [ 29 .. 32 ], [ 33 .. 36 ], [ 37 .. 40 ], [ 41 .. 44 ], [ 45 .. 48 ], [ 49 .. 52 ], 
          [ 53 .. 56 ], [ 57 .. 60 ], [ 61 .. 64 ], [ 65 .. 68 ], [ 69 .. 72 ], [ 73 .. 76 ], [ 77 .. 80 ], 
          [ 81 .. 84 ], [ 85 .. 88 ], [ 89 .. 92 ], [ 93 .. 96 ], [ 97 .. 100 ], [ 101 .. 104 ], 
          [ 105 .. 108 ], [ 109 .. 112 ], [ 113 .. 116 ], [ 117 .. 120 ], [ 121 .. 124 ], [ 125 .. 128 ], 
          [ 129 .. 132 ], [ 133 .. 136 ], [ 137 .. 140 ], [ 141 .. 144 ], [ 145 .. 148 ], [ 149 .. 152 ], 
          [ 153 .. 156 ], [ 157 .. 160 ], [ 161 .. 164 ], [ 165 .. 168 ], [ 169 .. 172 ], [ 173 .. 176 ], 
          [ 177 .. 180 ], [ 181 .. 184 ], [ 185 .. 188 ], [ 189 .. 192 ], [ 193 .. 196 ], [ 197 .. 200 ], 
          [ 201 .. 204 ], [ 205 .. 208 ], [ 209 .. 212 ], [ 213 .. 216 ], [ 217 .. 220 ], [ 221 .. 224 ], 
          [ 225 .. 228 ], [ 229 .. 232 ], [ 233 .. 236 ], [ 237 .. 240 ], [ 241 .. 244 ], [ 245 .. 248 ], 
          [ 249 .. 252 ], [ 253 .. 256 ], [ 257 .. 260 ], [ 261 .. 264 ], [ 265 .. 268 ], [ 269 .. 272 ] ],
      invers := (  1,  5)(  2,  9)(  3, 13)(  4, 17)(  6, 21)(  7, 25)(  8, 29)( 10, 32)( 11, 33)( 12, 37)
        ( 14, 40)( 15, 41)( 16, 45)( 18, 48)( 19, 49)( 20, 22)( 23, 53)( 24, 57)( 26, 60)( 27, 61)( 28, 65)
        ( 30, 68)( 31, 69)( 34, 72)( 35, 73)( 36, 77)( 38, 80)( 39, 81)( 42, 84)( 43, 85)( 44, 89)( 46, 92)
        ( 47,260)( 50,259)( 51, 97)( 52, 54)( 55,101)( 56,105)( 58,108)( 59,109)( 62,112)( 63,113)( 64,117)
        ( 66,120)( 67,121)( 70,124)( 71,125)( 74,128)( 75,129)( 76,133)( 78,136)( 79,137)( 82,140)( 83,264)
        ( 86,263)( 87,145)( 88,149)( 90,152)( 91, 95)( 93,258)( 94,257)( 96, 98)( 99,151)(100,102)(103,153)
        (104,157)(106,160)(107,161)(110,164)(111,165)(114,168)(115,169)(116,173)(118,176)(119,177)(122,180)
        (123,181)(126,184)(127,185)(130,188)(131,189)(132,193)(134,196)(135,197)(138,200)(139,143)(141,262)
        (142,261)(144,146)(147,199)(148,155)(150,154)(156,201)(158,204)(159,205)(162,208)(163,209)(166,212)
        (167,213)(170,216)(171,217)(172,221)(174,224)(175,268)(178,267)(179,229)(182,232)(183,233)(186,236)
        (187,237)(190,240)(191,210)(192,207)(194,206)(195,203)(198,202)(211,241)(214,244)(215,272)(218,271)
        (219,249)(220,253)(222,256)(223,227)(225,266)(226,265)(228,230)(231,255)(234,254)(235,252)(238,251)
        (239,242)(243,247)(245,270)(246,269)(248,250),
      nbP := 272,
      next := (  1,  2,  3,  4)(  5,  6,  7,  8)(  9, 10, 11, 12)( 13, 14, 15, 16)( 17, 18, 19, 20)
        ( 21, 22, 23, 24)( 25, 26, 27, 28)( 29, 30, 31, 32)( 33, 34, 35, 36)( 37, 38, 39, 40)( 41, 42, 43, 44)
        ( 45, 46, 47, 48)( 49, 50, 51, 52)( 53, 54, 55, 56)( 57, 58, 59, 60)( 61, 62, 63, 64)( 65, 66, 67, 68)
        ( 69, 70, 71, 72)( 73, 74, 75, 76)( 77, 78, 79, 80)( 81, 82, 83, 84)( 85, 86, 87, 88)( 89, 90, 91, 92)
        ( 93, 94, 95, 96)( 97, 98, 99,100)(101,102,103,104)(105,106,107,108)(109,110,111,112)(113,114,115,116)
        (117,118,119,120)(121,122,123,124)(125,126,127,128)(129,130,131,132)(133,134,135,136)(137,138,139,140)
        (141,142,143,144)(145,146,147,148)(149,150,151,152)(153,154,155,156)(157,158,159,160)(161,162,163,164)
        (165,166,167,168)(169,170,171,172)(173,174,175,176)(177,178,179,180)(181,182,183,184)(185,186,187,188)
        (189,190,191,192)(193,194,195,196)(197,198,199,200)(201,202,203,204)(205,206,207,208)(209,210,211,212)
        (213,214,215,216)(217,218,219,220)(221,222,223,224)(225,226,227,228)(229,230,231,232)(233,234,235,236)
        (237,238,239,240)(241,242,243,244)(245,246,247,248)(249,250,251,252)(253,254,255,256)(257,258,259,260)
        (261,262,263,264)(265,266,267,268)(269,270,271,272) ), rec(
      MapDEvert := [ 1, 1, 1, 1, 2, 2, 2, 2, 3, 3, 3, 3, 4, 4, 4, 4, 5, 5, 5, 5, 6, 6, 6, 6, 7, 7, 7, 7, 8, 
          8, 8, 8, 9, 9, 9, 9, 10, 10, 10, 10, 11, 11, 11, 11, 12, 12, 12, 12, 13, 13, 13, 13, 14, 14, 14, 
          14, 15, 15, 15, 15, 16, 16, 16, 16, 17, 17, 17, 17, 18, 18, 18, 18, 19, 19, 19, 19, 20, 20, 20, 20, 
          21, 21, 21, 21, 22, 22, 22, 22, 23, 23, 23, 23, 24, 24, 24, 24, 25, 25, 25, 25, 26, 26, 26, 26, 27, 
          27, 27, 27, 28, 28, 28, 28, 29, 29, 29, 29, 30, 30, 30, 30, 31, 31, 31, 31, 32, 32, 32, 32, 33, 33, 
          33, 33, 34, 34, 34, 34, 35, 35, 35, 35, 36, 36, 36, 36, 37, 37, 37, 37, 38, 38, 38, 38, 39, 39, 39, 
          39, 40, 40, 40, 40, 41, 41, 41, 41, 42, 42, 42, 42, 43, 43, 43, 43, 44, 44, 44, 44, 45, 45, 45, 45, 
          46, 46, 46, 46, 47, 47, 47, 47, 48, 48, 48, 48, 49, 49, 49, 49, 50, 50, 50, 50, 51, 51, 51, 51, 52, 
          52, 52, 52, 53, 53, 53, 53, 54, 54, 54, 54, 55, 55, 55, 55, 56, 56, 56, 56, 57, 57, 57, 57, 58, 58, 
          58, 58, 59, 59, 59, 59, 60, 60, 60, 60, 61, 61, 61, 61, 62, 62, 62, 62, 63, 63, 63, 63, 64, 64, 64, 
          64, 65, 65, 65, 65, 66, 66, 66, 66, 67, 67, 67, 67, 68, 68, 68, 68 ],
      MapVertDE := [ [ 1 .. 4 ], [ 5 .. 8 ], [ 9 .. 12 ], [ 13 .. 16 ], [ 17 .. 20 ], [ 21 .. 24 ], 
          [ 25 .. 28 ], [ 29 .. 32 ], [ 33 .. 36 ], [ 37 .. 40 ], [ 41 .. 44 ], [ 45 .. 48 ], [ 49 .. 52 ], 
          [ 53 .. 56 ], [ 57 .. 60 ], [ 61 .. 64 ], [ 65 .. 68 ], [ 69 .. 72 ], [ 73 .. 76 ], [ 77 .. 80 ], 
          [ 81 .. 84 ], [ 85 .. 88 ], [ 89 .. 92 ], [ 93 .. 96 ], [ 97 .. 100 ], [ 101 .. 104 ], 
          [ 105 .. 108 ], [ 109 .. 112 ], [ 113 .. 116 ], [ 117 .. 120 ], [ 121 .. 124 ], [ 125 .. 128 ], 
          [ 129 .. 132 ], [ 133 .. 136 ], [ 137 .. 140 ], [ 141 .. 144 ], [ 145 .. 148 ], [ 149 .. 152 ], 
          [ 153 .. 156 ], [ 157 .. 160 ], [ 161 .. 164 ], [ 165 .. 168 ], [ 169 .. 172 ], [ 173 .. 176 ], 
          [ 177 .. 180 ], [ 181 .. 184 ], [ 185 .. 188 ], [ 189 .. 192 ], [ 193 .. 196 ], [ 197 .. 200 ], 
          [ 201 .. 204 ], [ 205 .. 208 ], [ 209 .. 212 ], [ 213 .. 216 ], [ 217 .. 220 ], [ 221 .. 224 ], 
          [ 225 .. 228 ], [ 229 .. 232 ], [ 233 .. 236 ], [ 237 .. 240 ], [ 241 .. 244 ], [ 245 .. 248 ], 
          [ 249 .. 252 ], [ 253 .. 256 ], [ 257 .. 260 ], [ 261 .. 264 ], [ 265 .. 268 ], [ 269 .. 272 ] ],
      invers := (  1,  5)(  2,  9)(  3, 13)(  4, 17)(  6, 21)(  7, 25)(  8, 29)( 10, 32)( 11, 33)( 12, 37)
        ( 14, 40)( 15, 41)( 16, 45)( 18, 48)( 19, 49)( 20, 22)( 23, 53)( 24, 57)( 26, 60)( 27, 61)( 28, 65)
        ( 30, 68)( 31, 69)( 34, 72)( 35, 73)( 36, 77)( 38, 80)( 39, 81)( 42, 84)( 43, 85)( 44,260)( 46,259)
        ( 47, 93)( 50, 96)( 51, 97)( 52, 54)( 55,101)( 56,105)( 58,108)( 59,109)( 62,112)( 63,113)( 64,117)
        ( 66,120)( 67,121)( 70,124)( 71,125)( 74,128)( 75,129)( 76,133)( 78,136)( 79,137)( 82,140)( 83,141)
        ( 86,144)( 87,145)( 88, 91)( 89,258)( 90,257)( 92, 94)( 95,148)( 98,147)( 99,149)(100,102)(103,153)
        (104,157)(106,160)(107,161)(110,164)(111,165)(114,168)(115,169)(116,264)(118,263)(119,177)(122,180)
        (123,181)(126,184)(127,185)(130,188)(131,189)(132,193)(134,196)(135,197)(138,200)(139,201)(142,204)
        (143,205)(146,208)(150,207)(151,268)(152,154)(155,213)(156,217)(158,220)(159,221)(162,224)(163,225)
        (166,228)(167,229)(170,232)(171,233)(172,175)(173,262)(174,261)(176,178)(179,236)(182,235)(183,237)
        (186,240)(187,241)(190,244)(191,226)(192,223)(194,222)(195,219)(198,218)(199,216)(202,215)(203,212)
        (206,211)(209,266)(210,265)(214,267)(227,245)(230,248)(231,249)(234,252)(238,251)(239,272)(242,271)
        (243,246)(247,256)(250,255)(253,270)(254,269),
      nbP := 272,
      next := (  1,  2,  3,  4)(  5,  6,  7,  8)(  9, 10, 11, 12)( 13, 14, 15, 16)( 17, 18, 19, 20)
        ( 21, 22, 23, 24)( 25, 26, 27, 28)( 29, 30, 31, 32)( 33, 34, 35, 36)( 37, 38, 39, 40)( 41, 42, 43, 44)
        ( 45, 46, 47, 48)( 49, 50, 51, 52)( 53, 54, 55, 56)( 57, 58, 59, 60)( 61, 62, 63, 64)( 65, 66, 67, 68)
        ( 69, 70, 71, 72)( 73, 74, 75, 76)( 77, 78, 79, 80)( 81, 82, 83, 84)( 85, 86, 87, 88)( 89, 90, 91, 92)
        ( 93, 94, 95, 96)( 97, 98, 99,100)(101,102,103,104)(105,106,107,108)(109,110,111,112)(113,114,115,116)
        (117,118,119,120)(121,122,123,124)(125,126,127,128)(129,130,131,132)(133,134,135,136)(137,138,139,140)
        (141,142,143,144)(145,146,147,148)(149,150,151,152)(153,154,155,156)(157,158,159,160)(161,162,163,164)
        (165,166,167,168)(169,170,171,172)(173,174,175,176)(177,178,179,180)(181,182,183,184)(185,186,187,188)
        (189,190,191,192)(193,194,195,196)(197,198,199,200)(201,202,203,204)(205,206,207,208)(209,210,211,212)
        (213,214,215,216)(217,218,219,220)(221,222,223,224)(225,226,227,228)(229,230,231,232)(233,234,235,236)
        (237,238,239,240)(241,242,243,244)(245,246,247,248)(249,250,251,252)(253,254,255,256)(257,258,259,260)
        (261,262,263,264)(265,266,267,268)(269,270,271,272) ), rec(
      MapDEvert := [ 1, 1, 1, 1, 2, 2, 2, 2, 3, 3, 3, 3, 4, 4, 4, 4, 5, 5, 5, 5, 6, 6, 6, 6, 7, 7, 7, 7, 8, 
          8, 8, 8, 9, 9, 9, 9, 10, 10, 10, 10, 11, 11, 11, 11, 12, 12, 12, 12, 13, 13, 13, 13, 14, 14, 14, 
          14, 15, 15, 15, 15, 16, 16, 16, 16, 17, 17, 17, 17, 18, 18, 18, 18, 19, 19, 19, 19, 20, 20, 20, 20, 
          21, 21, 21, 21, 22, 22, 22, 22, 23, 23, 23, 23, 24, 24, 24, 24, 25, 25, 25, 25, 26, 26, 26, 26, 27, 
          27, 27, 27, 28, 28, 28, 28, 29, 29, 29, 29, 30, 30, 30, 30, 31, 31, 31, 31, 32, 32, 32, 32, 33, 33, 
          33, 33, 34, 34, 34, 34, 35, 35, 35, 35, 36, 36, 36, 36, 37, 37, 37, 37, 38, 38, 38, 38, 39, 39, 39, 
          39, 40, 40, 40, 40, 41, 41, 41, 41, 42, 42, 42, 42, 43, 43, 43, 43, 44, 44, 44, 44, 45, 45, 45, 45, 
          46, 46, 46, 46, 47, 47, 47, 47, 48, 48, 48, 48, 49, 49, 49, 49, 50, 50, 50, 50, 51, 51, 51, 51, 52, 
          52, 52, 52, 53, 53, 53, 53, 54, 54, 54, 54, 55, 55, 55, 55, 56, 56, 56, 56, 57, 57, 57, 57, 58, 58, 
          58, 58, 59, 59, 59, 59, 60, 60, 60, 60, 61, 61, 61, 61, 62, 62, 62, 62, 63, 63, 63, 63, 64, 64, 64, 
          64, 65, 65, 65, 65, 66, 66, 66, 66, 67, 67, 67, 67, 68, 68, 68, 68 ],
      MapVertDE := [ [ 1 .. 4 ], [ 5 .. 8 ], [ 9 .. 12 ], [ 13 .. 16 ], [ 17 .. 20 ], [ 21 .. 24 ], 
          [ 25 .. 28 ], [ 29 .. 32 ], [ 33 .. 36 ], [ 37 .. 40 ], [ 41 .. 44 ], [ 45 .. 48 ], [ 49 .. 52 ], 
          [ 53 .. 56 ], [ 57 .. 60 ], [ 61 .. 64 ], [ 65 .. 68 ], [ 69 .. 72 ], [ 73 .. 76 ], [ 77 .. 80 ], 
          [ 81 .. 84 ], [ 85 .. 88 ], [ 89 .. 92 ], [ 93 .. 96 ], [ 97 .. 100 ], [ 101 .. 104 ], 
          [ 105 .. 108 ], [ 109 .. 112 ], [ 113 .. 116 ], [ 117 .. 120 ], [ 121 .. 124 ], [ 125 .. 128 ], 
          [ 129 .. 132 ], [ 133 .. 136 ], [ 137 .. 140 ], [ 141 .. 144 ], [ 145 .. 148 ], [ 149 .. 152 ], 
          [ 153 .. 156 ], [ 157 .. 160 ], [ 161 .. 164 ], [ 165 .. 168 ], [ 169 .. 172 ], [ 173 .. 176 ], 
          [ 177 .. 180 ], [ 181 .. 184 ], [ 185 .. 188 ], [ 189 .. 192 ], [ 193 .. 196 ], [ 197 .. 200 ], 
          [ 201 .. 204 ], [ 205 .. 208 ], [ 209 .. 212 ], [ 213 .. 216 ], [ 217 .. 220 ], [ 221 .. 224 ], 
          [ 225 .. 228 ], [ 229 .. 232 ], [ 233 .. 236 ], [ 237 .. 240 ], [ 241 .. 244 ], [ 245 .. 248 ], 
          [ 249 .. 252 ], [ 253 .. 256 ], [ 257 .. 260 ], [ 261 .. 264 ], [ 265 .. 268 ], [ 269 .. 272 ] ],
      invers := (  1,  5)(  2,  9)(  3, 13)(  4, 17)(  6, 21)(  7, 25)(  8, 29)( 10, 32)( 11, 33)( 12, 37)
        ( 14, 40)( 15, 43)( 16, 45)( 18, 48)( 19, 49)( 20, 22)( 23, 53)( 24, 57)( 26, 60)( 27, 61)( 28, 65)
        ( 30, 68)( 31, 69)( 34, 72)( 35, 73)( 36, 77)( 38, 80)( 39, 81)( 41,258)( 42,257)( 44, 84)( 46,260)
        ( 47, 89)( 50, 92)( 51, 93)( 52, 54)( 55, 97)( 56,101)( 58,104)( 59,105)( 62,108)( 63,109)( 64,113)
        ( 66,116)( 67,117)( 70,120)( 71,121)( 74,124)( 75,125)( 76,129)( 78,132)( 79,133)( 82,136)( 83, 86)
        ( 85,259)( 87,137)( 88, 90)( 91,141)( 94,144)( 95,145)( 96, 98)( 99,149)(100,153)(102,156)(103,157)
        (106,160)(107,161)(110,164)(111,165)(112,169)(114,172)(115,173)(118,176)(119,177)(122,180)(123,181)
        (126,184)(127,154)(128,152)(130,151)(131,185)(134,188)(135,138)(139,191)(140,142)(143,264)(146,263)
        (147,186)(148,150)(155,193)(158,196)(159,197)(162,200)(163,201)(166,204)(167,205)(168,268)(170,267)
        (171,213)(174,216)(175,217)(178,220)(179,221)(182,224)(183,194)(187,192)(189,262)(190,261)(195,225)
        (198,228)(199,229)(202,232)(203,233)(206,236)(207,237)(208,211)(209,266)(210,265)(212,214)(215,240)
        (218,239)(219,241)(222,244)(223,226)(227,245)(230,248)(231,272)(234,271)(235,253)(238,256)(242,255)
        (243,246)(247,251)(249,270)(250,269)(252,254),
      nbP := 272,
      next := (  1,  2,  3,  4)(  5,  6,  7,  8)(  9, 10, 11, 12)( 13, 14, 15, 16)( 17, 18, 19, 20)
        ( 21, 22, 23, 24)( 25, 26, 27, 28)( 29, 30, 31, 32)( 33, 34, 35, 36)( 37, 38, 39, 40)( 41, 42, 43, 44)
        ( 45, 46, 47, 48)( 49, 50, 51, 52)( 53, 54, 55, 56)( 57, 58, 59, 60)( 61, 62, 63, 64)( 65, 66, 67, 68)
        ( 69, 70, 71, 72)( 73, 74, 75, 76)( 77, 78, 79, 80)( 81, 82, 83, 84)( 85, 86, 87, 88)( 89, 90, 91, 92)
        ( 93, 94, 95, 96)( 97, 98, 99,100)(101,102,103,104)(105,106,107,108)(109,110,111,112)(113,114,115,116)
        (117,118,119,120)(121,122,123,124)(125,126,127,128)(129,130,131,132)(133,134,135,136)(137,138,139,140)
        (141,142,143,144)(145,146,147,148)(149,150,151,152)(153,154,155,156)(157,158,159,160)(161,162,163,164)
        (165,166,167,168)(169,170,171,172)(173,174,175,176)(177,178,179,180)(181,182,183,184)(185,186,187,188)
        (189,190,191,192)(193,194,195,196)(197,198,199,200)(201,202,203,204)(205,206,207,208)(209,210,211,212)
        (213,214,215,216)(217,218,219,220)(221,222,223,224)(225,226,227,228)(229,230,231,232)(233,234,235,236)
        (237,238,239,240)(241,242,243,244)(245,246,247,248)(249,250,251,252)(253,254,255,256)(257,258,259,260)
        (261,262,263,264)(265,266,267,268)(269,270,271,272) ), rec(
      MapDEvert := [ 1, 1, 1, 1, 2, 2, 2, 2, 3, 3, 3, 3, 4, 4, 4, 4, 5, 5, 5, 5, 6, 6, 6, 6, 7, 7, 7, 7, 8, 
          8, 8, 8, 9, 9, 9, 9, 10, 10, 10, 10, 11, 11, 11, 11, 12, 12, 12, 12, 13, 13, 13, 13, 14, 14, 14, 
          14, 15, 15, 15, 15, 16, 16, 16, 16, 17, 17, 17, 17, 18, 18, 18, 18, 19, 19, 19, 19, 20, 20, 20, 20, 
          21, 21, 21, 21, 22, 22, 22, 22, 23, 23, 23, 23, 24, 24, 24, 24, 25, 25, 25, 25, 26, 26, 26, 26, 27, 
          27, 27, 27, 28, 28, 28, 28, 29, 29, 29, 29, 30, 30, 30, 30, 31, 31, 31, 31, 32, 32, 32, 32, 33, 33, 
          33, 33, 34, 34, 34, 34, 35, 35, 35, 35, 36, 36, 36, 36, 37, 37, 37, 37, 38, 38, 38, 38, 39, 39, 39, 
          39, 40, 40, 40, 40, 41, 41, 41, 41, 42, 42, 42, 42, 43, 43, 43, 43, 44, 44, 44, 44, 45, 45, 45, 45, 
          46, 46, 46, 46, 47, 47, 47, 47, 48, 48, 48, 48, 49, 49, 49, 49, 50, 50, 50, 50, 51, 51, 51, 51, 52, 
          52, 52, 52, 53, 53, 53, 53, 54, 54, 54, 54, 55, 55, 55, 55, 56, 56, 56, 56, 57, 57, 57, 57, 58, 58, 
          58, 58, 59, 59, 59, 59, 60, 60, 60, 60, 61, 61, 61, 61, 62, 62, 62, 62, 63, 63, 63, 63, 64, 64, 64, 
          64, 65, 65, 65, 65, 66, 66, 66, 66, 67, 67, 67, 67, 68, 68, 68, 68 ],
      MapVertDE := [ [ 1 .. 4 ], [ 5 .. 8 ], [ 9 .. 12 ], [ 13 .. 16 ], [ 17 .. 20 ], [ 21 .. 24 ], 
          [ 25 .. 28 ], [ 29 .. 32 ], [ 33 .. 36 ], [ 37 .. 40 ], [ 41 .. 44 ], [ 45 .. 48 ], [ 49 .. 52 ], 
          [ 53 .. 56 ], [ 57 .. 60 ], [ 61 .. 64 ], [ 65 .. 68 ], [ 69 .. 72 ], [ 73 .. 76 ], [ 77 .. 80 ], 
          [ 81 .. 84 ], [ 85 .. 88 ], [ 89 .. 92 ], [ 93 .. 96 ], [ 97 .. 100 ], [ 101 .. 104 ], 
          [ 105 .. 108 ], [ 109 .. 112 ], [ 113 .. 116 ], [ 117 .. 120 ], [ 121 .. 124 ], [ 125 .. 128 ], 
          [ 129 .. 132 ], [ 133 .. 136 ], [ 137 .. 140 ], [ 141 .. 144 ], [ 145 .. 148 ], [ 149 .. 152 ], 
          [ 153 .. 156 ], [ 157 .. 160 ], [ 161 .. 164 ], [ 165 .. 168 ], [ 169 .. 172 ], [ 173 .. 176 ], 
          [ 177 .. 180 ], [ 181 .. 184 ], [ 185 .. 188 ], [ 189 .. 192 ], [ 193 .. 196 ], [ 197 .. 200 ], 
          [ 201 .. 204 ], [ 205 .. 208 ], [ 209 .. 212 ], [ 213 .. 216 ], [ 217 .. 220 ], [ 221 .. 224 ], 
          [ 225 .. 228 ], [ 229 .. 232 ], [ 233 .. 236 ], [ 237 .. 240 ], [ 241 .. 244 ], [ 245 .. 248 ], 
          [ 249 .. 252 ], [ 253 .. 256 ], [ 257 .. 260 ], [ 261 .. 264 ], [ 265 .. 268 ], [ 269 .. 272 ] ],
      invers := (  1,  5)(  2,  9)(  3, 13)(  4, 17)(  6, 21)(  7, 25)(  8, 29)( 10, 32)( 11, 33)( 12, 37)
        ( 14, 40)( 15, 43)( 16, 45)( 18, 48)( 19, 49)( 20, 22)( 23, 53)( 24, 57)( 26, 60)( 27, 61)( 28, 65)
        ( 30, 68)( 31, 69)( 34, 72)( 35, 73)( 36, 77)( 38, 80)( 39, 81)( 41,258)( 42,257)( 44, 84)( 46,260)
        ( 47, 89)( 50, 92)( 51,264)( 52, 54)( 55, 97)( 56,101)( 58,104)( 59,105)( 62,108)( 63,109)( 64,113)
        ( 66,116)( 67,117)( 70,120)( 71,121)( 74,124)( 75,125)( 76,129)( 78,132)( 79,133)( 82,136)( 83, 86)
        ( 85,259)( 87,137)( 88, 90)( 91, 95)( 93,262)( 94,261)( 96,140)( 98,263)( 99,139)(100,141)(102,144)
        (103,145)(106,148)(107,149)(110,152)(111,153)(112,157)(114,160)(115,161)(118,164)(119,165)(122,168)
        (123,169)(126,172)(127,150)(128,147)(130,146)(131,143)(134,142)(135,138)(151,173)(154,176)(155,177)
        (156,181)(158,184)(159,185)(162,188)(163,189)(166,192)(167,193)(170,196)(171,174)(175,197)(178,200)
        (179,201)(180,205)(182,208)(183,209)(186,212)(187,213)(190,216)(191,217)(194,220)(195,198)(199,221)
        (202,224)(203,225)(204,268)(206,267)(207,233)(210,236)(211,237)(214,240)(215,241)(218,244)(219,222)
        (223,245)(226,248)(227,249)(228,231)(229,266)(230,265)(232,234)(235,252)(238,251)(239,272)(242,271)
        (243,246)(247,256)(250,255)(253,270)(254,269),
      nbP := 272,
      next := (  1,  2,  3,  4)(  5,  6,  7,  8)(  9, 10, 11, 12)( 13, 14, 15, 16)( 17, 18, 19, 20)
        ( 21, 22, 23, 24)( 25, 26, 27, 28)( 29, 30, 31, 32)( 33, 34, 35, 36)( 37, 38, 39, 40)( 41, 42, 43, 44)
        ( 45, 46, 47, 48)( 49, 50, 51, 52)( 53, 54, 55, 56)( 57, 58, 59, 60)( 61, 62, 63, 64)( 65, 66, 67, 68)
        ( 69, 70, 71, 72)( 73, 74, 75, 76)( 77, 78, 79, 80)( 81, 82, 83, 84)( 85, 86, 87, 88)( 89, 90, 91, 92)
        ( 93, 94, 95, 96)( 97, 98, 99,100)(101,102,103,104)(105,106,107,108)(109,110,111,112)(113,114,115,116)
        (117,118,119,120)(121,122,123,124)(125,126,127,128)(129,130,131,132)(133,134,135,136)(137,138,139,140)
        (141,142,143,144)(145,146,147,148)(149,150,151,152)(153,154,155,156)(157,158,159,160)(161,162,163,164)
        (165,166,167,168)(169,170,171,172)(173,174,175,176)(177,178,179,180)(181,182,183,184)(185,186,187,188)
        (189,190,191,192)(193,194,195,196)(197,198,199,200)(201,202,203,204)(205,206,207,208)(209,210,211,212)
        (213,214,215,216)(217,218,219,220)(221,222,223,224)(225,226,227,228)(229,230,231,232)(233,234,235,236)
        (237,238,239,240)(241,242,243,244)(245,246,247,248)(249,250,251,252)(253,254,255,256)(257,258,259,260)
        (261,262,263,264)(265,266,267,268)(269,270,271,272) ), rec(
      MapDEvert := [ 1, 1, 1, 1, 2, 2, 2, 2, 3, 3, 3, 3, 4, 4, 4, 4, 5, 5, 5, 5, 6, 6, 6, 6, 7, 7, 7, 7, 8, 
          8, 8, 8, 9, 9, 9, 9, 10, 10, 10, 10, 11, 11, 11, 11, 12, 12, 12, 12, 13, 13, 13, 13, 14, 14, 14, 
          14, 15, 15, 15, 15, 16, 16, 16, 16, 17, 17, 17, 17, 18, 18, 18, 18, 19, 19, 19, 19, 20, 20, 20, 20, 
          21, 21, 21, 21, 22, 22, 22, 22, 23, 23, 23, 23, 24, 24, 24, 24, 25, 25, 25, 25, 26, 26, 26, 26, 27, 
          27, 27, 27, 28, 28, 28, 28, 29, 29, 29, 29, 30, 30, 30, 30, 31, 31, 31, 31, 32, 32, 32, 32, 33, 33, 
          33, 33, 34, 34, 34, 34, 35, 35, 35, 35, 36, 36, 36, 36, 37, 37, 37, 37, 38, 38, 38, 38, 39, 39, 39, 
          39, 40, 40, 40, 40, 41, 41, 41, 41, 42, 42, 42, 42, 43, 43, 43, 43, 44, 44, 44, 44, 45, 45, 45, 45, 
          46, 46, 46, 46, 47, 47, 47, 47, 48, 48, 48, 48, 49, 49, 49, 49, 50, 50, 50, 50, 51, 51, 51, 51, 52, 
          52, 52, 52, 53, 53, 53, 53, 54, 54, 54, 54, 55, 55, 55, 55, 56, 56, 56, 56, 57, 57, 57, 57, 58, 58, 
          58, 58, 59, 59, 59, 59, 60, 60, 60, 60, 61, 61, 61, 61, 62, 62, 62, 62, 63, 63, 63, 63, 64, 64, 64, 
          64, 65, 65, 65, 65, 66, 66, 66, 66, 67, 67, 67, 67, 68, 68, 68, 68 ],
      MapVertDE := [ [ 1 .. 4 ], [ 5 .. 8 ], [ 9 .. 12 ], [ 13 .. 16 ], [ 17 .. 20 ], [ 21 .. 24 ], 
          [ 25 .. 28 ], [ 29 .. 32 ], [ 33 .. 36 ], [ 37 .. 40 ], [ 41 .. 44 ], [ 45 .. 48 ], [ 49 .. 52 ], 
          [ 53 .. 56 ], [ 57 .. 60 ], [ 61 .. 64 ], [ 65 .. 68 ], [ 69 .. 72 ], [ 73 .. 76 ], [ 77 .. 80 ], 
          [ 81 .. 84 ], [ 85 .. 88 ], [ 89 .. 92 ], [ 93 .. 96 ], [ 97 .. 100 ], [ 101 .. 104 ], 
          [ 105 .. 108 ], [ 109 .. 112 ], [ 113 .. 116 ], [ 117 .. 120 ], [ 121 .. 124 ], [ 125 .. 128 ], 
          [ 129 .. 132 ], [ 133 .. 136 ], [ 137 .. 140 ], [ 141 .. 144 ], [ 145 .. 148 ], [ 149 .. 152 ], 
          [ 153 .. 156 ], [ 157 .. 160 ], [ 161 .. 164 ], [ 165 .. 168 ], [ 169 .. 172 ], [ 173 .. 176 ], 
          [ 177 .. 180 ], [ 181 .. 184 ], [ 185 .. 188 ], [ 189 .. 192 ], [ 193 .. 196 ], [ 197 .. 200 ], 
          [ 201 .. 204 ], [ 205 .. 208 ], [ 209 .. 212 ], [ 213 .. 216 ], [ 217 .. 220 ], [ 221 .. 224 ], 
          [ 225 .. 228 ], [ 229 .. 232 ], [ 233 .. 236 ], [ 237 .. 240 ], [ 241 .. 244 ], [ 245 .. 248 ], 
          [ 249 .. 252 ], [ 253 .. 256 ], [ 257 .. 260 ], [ 261 .. 264 ], [ 265 .. 268 ], [ 269 .. 272 ] ],
      invers := (  1,  5)(  2,  9)(  3, 13)(  4, 17)(  6, 21)(  7, 25)(  8, 29)( 10, 32)( 11, 33)( 12, 37)
        ( 14, 40)( 15, 41)( 16, 45)( 18, 48)( 19, 49)( 20, 22)( 23, 53)( 24, 57)( 26, 60)( 27, 61)( 28, 65)
        ( 30, 68)( 31, 69)( 34, 72)( 35, 73)( 36,260)( 38,259)( 39, 81)( 42, 84)( 43, 85)( 44, 89)( 46, 92)
        ( 47, 93)( 50, 96)( 51, 97)( 52, 54)( 55,101)( 56,105)( 58,108)( 59,109)( 62,112)( 63,113)( 64,117)
        ( 66,120)( 67,121)( 70,124)( 71,125)( 74,128)( 75,129)( 76, 79)( 77,258)( 78,257)( 80, 82)( 83,132)
        ( 86,131)( 87,133)( 88,137)( 90,140)( 91,141)( 94,144)( 95,145)( 98,148)( 99,149)(100,102)(103,153)
        (104,264)(106,263)(107,161)(110,164)(111,165)(114,168)(115,171)(116,173)(118,176)(119,177)(122,180)
        (123,181)(126,184)(127,185)(130,188)(134,187)(135,189)(136,272)(138,271)(139,197)(142,200)(143,201)
        (146,204)(147,205)(150,208)(151,209)(152,154)(155,213)(156,159)(157,262)(158,261)(160,162)(163,216)
        (166,215)(167,217)(169,266)(170,265)(172,220)(174,268)(175,225)(178,228)(179,229)(182,232)(183,233)
        (186,236)(190,235)(191,237)(192,195)(193,270)(194,269)(196,198)(199,240)(202,239)(203,241)(206,244)
        (207,245)(210,248)(211,218)(212,214)(219,222)(221,267)(223,247)(224,226)(227,249)(230,252)(231,253)
        (234,256)(238,255)(242,254)(243,251)(246,250),
      nbP := 272,
      next := (  1,  2,  3,  4)(  5,  6,  7,  8)(  9, 10, 11, 12)( 13, 14, 15, 16)( 17, 18, 19, 20)
        ( 21, 22, 23, 24)( 25, 26, 27, 28)( 29, 30, 31, 32)( 33, 34, 35, 36)( 37, 38, 39, 40)( 41, 42, 43, 44)
        ( 45, 46, 47, 48)( 49, 50, 51, 52)( 53, 54, 55, 56)( 57, 58, 59, 60)( 61, 62, 63, 64)( 65, 66, 67, 68)
        ( 69, 70, 71, 72)( 73, 74, 75, 76)( 77, 78, 79, 80)( 81, 82, 83, 84)( 85, 86, 87, 88)( 89, 90, 91, 92)
        ( 93, 94, 95, 96)( 97, 98, 99,100)(101,102,103,104)(105,106,107,108)(109,110,111,112)(113,114,115,116)
        (117,118,119,120)(121,122,123,124)(125,126,127,128)(129,130,131,132)(133,134,135,136)(137,138,139,140)
        (141,142,143,144)(145,146,147,148)(149,150,151,152)(153,154,155,156)(157,158,159,160)(161,162,163,164)
        (165,166,167,168)(169,170,171,172)(173,174,175,176)(177,178,179,180)(181,182,183,184)(185,186,187,188)
        (189,190,191,192)(193,194,195,196)(197,198,199,200)(201,202,203,204)(205,206,207,208)(209,210,211,212)
        (213,214,215,216)(217,218,219,220)(221,222,223,224)(225,226,227,228)(229,230,231,232)(233,234,235,236)
        (237,238,239,240)(241,242,243,244)(245,246,247,248)(249,250,251,252)(253,254,255,256)(257,258,259,260)
        (261,262,263,264)(265,266,267,268)(269,270,271,272) ), rec(
      MapDEvert := [ 1, 1, 1, 1, 2, 2, 2, 2, 3, 3, 3, 3, 4, 4, 4, 4, 5, 5, 5, 5, 6, 6, 6, 6, 7, 7, 7, 7, 8, 
          8, 8, 8, 9, 9, 9, 9, 10, 10, 10, 10, 11, 11, 11, 11, 12, 12, 12, 12, 13, 13, 13, 13, 14, 14, 14, 
          14, 15, 15, 15, 15, 16, 16, 16, 16, 17, 17, 17, 17, 18, 18, 18, 18, 19, 19, 19, 19, 20, 20, 20, 20, 
          21, 21, 21, 21, 22, 22, 22, 22, 23, 23, 23, 23, 24, 24, 24, 24, 25, 25, 25, 25, 26, 26, 26, 26, 27, 
          27, 27, 27, 28, 28, 28, 28, 29, 29, 29, 29, 30, 30, 30, 30, 31, 31, 31, 31, 32, 32, 32, 32, 33, 33, 
          33, 33, 34, 34, 34, 34, 35, 35, 35, 35, 36, 36, 36, 36, 37, 37, 37, 37, 38, 38, 38, 38, 39, 39, 39, 
          39, 40, 40, 40, 40, 41, 41, 41, 41, 42, 42, 42, 42, 43, 43, 43, 43, 44, 44, 44, 44, 45, 45, 45, 45, 
          46, 46, 46, 46, 47, 47, 47, 47, 48, 48, 48, 48, 49, 49, 49, 49, 50, 50, 50, 50, 51, 51, 51, 51, 52, 
          52, 52, 52, 53, 53, 53, 53, 54, 54, 54, 54, 55, 55, 55, 55, 56, 56, 56, 56, 57, 57, 57, 57, 58, 58, 
          58, 58, 59, 59, 59, 59, 60, 60, 60, 60, 61, 61, 61, 61, 62, 62, 62, 62, 63, 63, 63, 63, 64, 64, 64, 
          64, 65, 65, 65, 65, 66, 66, 66, 66, 67, 67, 67, 67, 68, 68, 68, 68 ],
      MapVertDE := [ [ 1 .. 4 ], [ 5 .. 8 ], [ 9 .. 12 ], [ 13 .. 16 ], [ 17 .. 20 ], [ 21 .. 24 ], 
          [ 25 .. 28 ], [ 29 .. 32 ], [ 33 .. 36 ], [ 37 .. 40 ], [ 41 .. 44 ], [ 45 .. 48 ], [ 49 .. 52 ], 
          [ 53 .. 56 ], [ 57 .. 60 ], [ 61 .. 64 ], [ 65 .. 68 ], [ 69 .. 72 ], [ 73 .. 76 ], [ 77 .. 80 ], 
          [ 81 .. 84 ], [ 85 .. 88 ], [ 89 .. 92 ], [ 93 .. 96 ], [ 97 .. 100 ], [ 101 .. 104 ], 
          [ 105 .. 108 ], [ 109 .. 112 ], [ 113 .. 116 ], [ 117 .. 120 ], [ 121 .. 124 ], [ 125 .. 128 ], 
          [ 129 .. 132 ], [ 133 .. 136 ], [ 137 .. 140 ], [ 141 .. 144 ], [ 145 .. 148 ], [ 149 .. 152 ], 
          [ 153 .. 156 ], [ 157 .. 160 ], [ 161 .. 164 ], [ 165 .. 168 ], [ 169 .. 172 ], [ 173 .. 176 ], 
          [ 177 .. 180 ], [ 181 .. 184 ], [ 185 .. 188 ], [ 189 .. 192 ], [ 193 .. 196 ], [ 197 .. 200 ], 
          [ 201 .. 204 ], [ 205 .. 208 ], [ 209 .. 212 ], [ 213 .. 216 ], [ 217 .. 220 ], [ 221 .. 224 ], 
          [ 225 .. 228 ], [ 229 .. 232 ], [ 233 .. 236 ], [ 237 .. 240 ], [ 241 .. 244 ], [ 245 .. 248 ], 
          [ 249 .. 252 ], [ 253 .. 256 ], [ 257 .. 260 ], [ 261 .. 264 ], [ 265 .. 268 ], [ 269 .. 272 ] ],
      invers := (  1,  5)(  2,  9)(  3, 13)(  4, 17)(  6, 23)(  7, 25)(  8, 29)( 10, 32)( 11, 33)( 12, 37)
        ( 14, 40)( 15, 41)( 16, 45)( 18, 48)( 19, 49)( 20, 24)( 21,258)( 22,257)( 26,260)( 27, 55)( 28, 57)
        ( 30, 60)( 31, 61)( 34, 64)( 35, 65)( 36, 69)( 38, 72)( 39, 73)( 42, 76)( 43, 77)( 44, 81)( 46, 84)
        ( 47, 85)( 50, 88)( 51, 56)( 52,259)( 53,262)( 54,261)( 58,264)( 59, 89)( 62, 92)( 63, 93)( 66, 96)
        ( 67, 97)( 68,101)( 70,104)( 71,105)( 74,108)( 75,109)( 78,112)( 79, 98)( 80, 95)( 82, 94)( 83, 91)
        ( 86, 90)( 87,263)( 99,113)(100,117)(102,120)(103,121)(106,124)(107,125)(110,128)(111,114)(115,129)
        (116,133)(118,136)(119,137)(122,140)(123,141)(126,144)(127,130)(131,145)(132,149)(134,152)(135,153)
        (138,156)(139,157)(142,160)(143,146)(147,161)(148,165)(150,168)(151,169)(154,172)(155,173)(158,176)
        (159,162)(163,177)(164,181)(166,184)(167,185)(170,188)(171,189)(174,192)(175,178)(179,193)(180,197)
        (182,200)(183,201)(186,204)(187,205)(190,208)(191,194)(195,209)(196,213)(198,216)(199,217)(202,220)
        (203,221)(206,224)(207,210)(211,225)(212,229)(214,232)(215,233)(218,236)(219,237)(222,240)(223,226)
        (227,241)(228,268)(230,267)(231,249)(234,252)(235,272)(238,271)(239,242)(243,256)(244,247)(245,266)
        (246,265)(248,250)(251,255)(253,270)(254,269),
      nbP := 272,
      next := (  1,  2,  3,  4)(  5,  6,  7,  8)(  9, 10, 11, 12)( 13, 14, 15, 16)( 17, 18, 19, 20)
        ( 21, 22, 23, 24)( 25, 26, 27, 28)( 29, 30, 31, 32)( 33, 34, 35, 36)( 37, 38, 39, 40)( 41, 42, 43, 44)
        ( 45, 46, 47, 48)( 49, 50, 51, 52)( 53, 54, 55, 56)( 57, 58, 59, 60)( 61, 62, 63, 64)( 65, 66, 67, 68)
        ( 69, 70, 71, 72)( 73, 74, 75, 76)( 77, 78, 79, 80)( 81, 82, 83, 84)( 85, 86, 87, 88)( 89, 90, 91, 92)
        ( 93, 94, 95, 96)( 97, 98, 99,100)(101,102,103,104)(105,106,107,108)(109,110,111,112)(113,114,115,116)
        (117,118,119,120)(121,122,123,124)(125,126,127,128)(129,130,131,132)(133,134,135,136)(137,138,139,140)
        (141,142,143,144)(145,146,147,148)(149,150,151,152)(153,154,155,156)(157,158,159,160)(161,162,163,164)
        (165,166,167,168)(169,170,171,172)(173,174,175,176)(177,178,179,180)(181,182,183,184)(185,186,187,188)
        (189,190,191,192)(193,194,195,196)(197,198,199,200)(201,202,203,204)(205,206,207,208)(209,210,211,212)
        (213,214,215,216)(217,218,219,220)(221,222,223,224)(225,226,227,228)(229,230,231,232)(233,234,235,236)
        (237,238,239,240)(241,242,243,244)(245,246,247,248)(249,250,251,252)(253,254,255,256)(257,258,259,260)
        (261,262,263,264)(265,266,267,268)(269,270,271,272) ), rec(
      MapDEvert := [ 1, 1, 1, 1, 2, 2, 2, 2, 3, 3, 3, 3, 4, 4, 4, 4, 5, 5, 5, 5, 6, 6, 6, 6, 7, 7, 7, 7, 8, 
          8, 8, 8, 9, 9, 9, 9, 10, 10, 10, 10, 11, 11, 11, 11, 12, 12, 12, 12, 13, 13, 13, 13, 14, 14, 14, 
          14, 15, 15, 15, 15, 16, 16, 16, 16, 17, 17, 17, 17, 18, 18, 18, 18, 19, 19, 19, 19, 20, 20, 20, 20, 
          21, 21, 21, 21, 22, 22, 22, 22, 23, 23, 23, 23, 24, 24, 24, 24, 25, 25, 25, 25, 26, 26, 26, 26, 27, 
          27, 27, 27, 28, 28, 28, 28, 29, 29, 29, 29, 30, 30, 30, 30, 31, 31, 31, 31, 32, 32, 32, 32, 33, 33, 
          33, 33, 34, 34, 34, 34, 35, 35, 35, 35, 36, 36, 36, 36, 37, 37, 37, 37, 38, 38, 38, 38, 39, 39, 39, 
          39, 40, 40, 40, 40, 41, 41, 41, 41, 42, 42, 42, 42, 43, 43, 43, 43, 44, 44, 44, 44, 45, 45, 45, 45, 
          46, 46, 46, 46, 47, 47, 47, 47, 48, 48, 48, 48, 49, 49, 49, 49, 50, 50, 50, 50, 51, 51, 51, 51, 52, 
          52, 52, 52, 53, 53, 53, 53, 54, 54, 54, 54, 55, 55, 55, 55, 56, 56, 56, 56, 57, 57, 57, 57, 58, 58, 
          58, 58, 59, 59, 59, 59, 60, 60, 60, 60, 61, 61, 61, 61, 62, 62, 62, 62, 63, 63, 63, 63, 64, 64, 64, 
          64, 65, 65, 65, 65, 66, 66, 66, 66, 67, 67, 67, 67, 68, 68, 68, 68 ],
      MapVertDE := [ [ 1 .. 4 ], [ 5 .. 8 ], [ 9 .. 12 ], [ 13 .. 16 ], [ 17 .. 20 ], [ 21 .. 24 ], 
          [ 25 .. 28 ], [ 29 .. 32 ], [ 33 .. 36 ], [ 37 .. 40 ], [ 41 .. 44 ], [ 45 .. 48 ], [ 49 .. 52 ], 
          [ 53 .. 56 ], [ 57 .. 60 ], [ 61 .. 64 ], [ 65 .. 68 ], [ 69 .. 72 ], [ 73 .. 76 ], [ 77 .. 80 ], 
          [ 81 .. 84 ], [ 85 .. 88 ], [ 89 .. 92 ], [ 93 .. 96 ], [ 97 .. 100 ], [ 101 .. 104 ], 
          [ 105 .. 108 ], [ 109 .. 112 ], [ 113 .. 116 ], [ 117 .. 120 ], [ 121 .. 124 ], [ 125 .. 128 ], 
          [ 129 .. 132 ], [ 133 .. 136 ], [ 137 .. 140 ], [ 141 .. 144 ], [ 145 .. 148 ], [ 149 .. 152 ], 
          [ 153 .. 156 ], [ 157 .. 160 ], [ 161 .. 164 ], [ 165 .. 168 ], [ 169 .. 172 ], [ 173 .. 176 ], 
          [ 177 .. 180 ], [ 181 .. 184 ], [ 185 .. 188 ], [ 189 .. 192 ], [ 193 .. 196 ], [ 197 .. 200 ], 
          [ 201 .. 204 ], [ 205 .. 208 ], [ 209 .. 212 ], [ 213 .. 216 ], [ 217 .. 220 ], [ 221 .. 224 ], 
          [ 225 .. 228 ], [ 229 .. 232 ], [ 233 .. 236 ], [ 237 .. 240 ], [ 241 .. 244 ], [ 245 .. 248 ], 
          [ 249 .. 252 ], [ 253 .. 256 ], [ 257 .. 260 ], [ 261 .. 264 ], [ 265 .. 268 ], [ 269 .. 272 ] ],
      invers := (  1,  5)(  2,  9)(  3, 13)(  4, 17)(  6, 21)(  7, 25)(  8, 29)( 10, 32)( 11, 33)( 12, 37)
        ( 14, 40)( 15,260)( 16, 45)( 18, 48)( 19, 49)( 20, 22)( 23, 53)( 24, 57)( 26, 60)( 27, 61)( 28, 65)
        ( 30, 68)( 31, 69)( 34, 72)( 35, 73)( 36, 77)( 38, 80)( 39, 43)( 41,258)( 42,257)( 44, 81)( 46, 88)
        ( 47,264)( 50,263)( 51, 93)( 52, 54)( 55, 97)( 56,101)( 58,104)( 59,105)( 62,108)( 63,109)( 64,113)
        ( 66,116)( 67,117)( 70,120)( 71,121)( 74,124)( 75,102)( 76,100)( 78, 99)( 79, 82)( 83, 95)( 84, 86)
        ( 85,259)( 87, 91)( 89,262)( 90,261)( 92, 94)( 96, 98)(103,125)(106,128)(107,129)(110,132)(111,133)
        (112,137)(114,140)(115,141)(118,144)(119,145)(122,148)(123,126)(127,149)(130,152)(131,153)(134,156)
        (135,157)(136,161)(138,164)(139,165)(142,168)(143,169)(146,172)(147,150)(151,173)(154,176)(155,177)
        (158,180)(159,181)(160,185)(162,188)(163,189)(166,192)(167,193)(170,196)(171,174)(175,197)(178,200)
        (179,201)(182,204)(183,205)(184,209)(186,212)(187,213)(190,216)(191,217)(194,220)(195,198)(199,221)
        (202,224)(203,225)(206,228)(207,229)(208,268)(210,267)(211,237)(214,240)(215,241)(218,244)(219,222)
        (223,245)(226,248)(227,272)(230,271)(231,253)(232,235)(233,266)(234,265)(236,238)(239,256)(242,255)
        (243,246)(247,251)(249,270)(250,269)(252,254),
      nbP := 272,
      next := (  1,  2,  3,  4)(  5,  6,  7,  8)(  9, 10, 11, 12)( 13, 14, 15, 16)( 17, 18, 19, 20)
        ( 21, 22, 23, 24)( 25, 26, 27, 28)( 29, 30, 31, 32)( 33, 34, 35, 36)( 37, 38, 39, 40)( 41, 42, 43, 44)
        ( 45, 46, 47, 48)( 49, 50, 51, 52)( 53, 54, 55, 56)( 57, 58, 59, 60)( 61, 62, 63, 64)( 65, 66, 67, 68)
        ( 69, 70, 71, 72)( 73, 74, 75, 76)( 77, 78, 79, 80)( 81, 82, 83, 84)( 85, 86, 87, 88)( 89, 90, 91, 92)
        ( 93, 94, 95, 96)( 97, 98, 99,100)(101,102,103,104)(105,106,107,108)(109,110,111,112)(113,114,115,116)
        (117,118,119,120)(121,122,123,124)(125,126,127,128)(129,130,131,132)(133,134,135,136)(137,138,139,140)
        (141,142,143,144)(145,146,147,148)(149,150,151,152)(153,154,155,156)(157,158,159,160)(161,162,163,164)
        (165,166,167,168)(169,170,171,172)(173,174,175,176)(177,178,179,180)(181,182,183,184)(185,186,187,188)
        (189,190,191,192)(193,194,195,196)(197,198,199,200)(201,202,203,204)(205,206,207,208)(209,210,211,212)
        (213,214,215,216)(217,218,219,220)(221,222,223,224)(225,226,227,228)(229,230,231,232)(233,234,235,236)
        (237,238,239,240)(241,242,243,244)(245,246,247,248)(249,250,251,252)(253,254,255,256)(257,258,259,260)
        (261,262,263,264)(265,266,267,268)(269,270,271,272) ), rec(
      MapDEvert := [ 1, 1, 1, 1, 2, 2, 2, 2, 3, 3, 3, 3, 4, 4, 4, 4, 5, 5, 5, 5, 6, 6, 6, 6, 7, 7, 7, 7, 8, 
          8, 8, 8, 9, 9, 9, 9, 10, 10, 10, 10, 11, 11, 11, 11, 12, 12, 12, 12, 13, 13, 13, 13, 14, 14, 14, 
          14, 15, 15, 15, 15, 16, 16, 16, 16, 17, 17, 17, 17, 18, 18, 18, 18, 19, 19, 19, 19, 20, 20, 20, 20, 
          21, 21, 21, 21, 22, 22, 22, 22, 23, 23, 23, 23, 24, 24, 24, 24, 25, 25, 25, 25, 26, 26, 26, 26, 27, 
          27, 27, 27, 28, 28, 28, 28, 29, 29, 29, 29, 30, 30, 30, 30, 31, 31, 31, 31, 32, 32, 32, 32, 33, 33, 
          33, 33, 34, 34, 34, 34, 35, 35, 35, 35, 36, 36, 36, 36, 37, 37, 37, 37, 38, 38, 38, 38, 39, 39, 39, 
          39, 40, 40, 40, 40, 41, 41, 41, 41, 42, 42, 42, 42, 43, 43, 43, 43, 44, 44, 44, 44, 45, 45, 45, 45, 
          46, 46, 46, 46, 47, 47, 47, 47, 48, 48, 48, 48, 49, 49, 49, 49, 50, 50, 50, 50, 51, 51, 51, 51, 52, 
          52, 52, 52, 53, 53, 53, 53, 54, 54, 54, 54, 55, 55, 55, 55, 56, 56, 56, 56, 57, 57, 57, 57, 58, 58, 
          58, 58, 59, 59, 59, 59, 60, 60, 60, 60, 61, 61, 61, 61, 62, 62, 62, 62, 63, 63, 63, 63, 64, 64, 64, 
          64, 65, 65, 65, 65, 66, 66, 66, 66, 67, 67, 67, 67, 68, 68, 68, 68 ],
      MapVertDE := [ [ 1 .. 4 ], [ 5 .. 8 ], [ 9 .. 12 ], [ 13 .. 16 ], [ 17 .. 20 ], [ 21 .. 24 ], 
          [ 25 .. 28 ], [ 29 .. 32 ], [ 33 .. 36 ], [ 37 .. 40 ], [ 41 .. 44 ], [ 45 .. 48 ], [ 49 .. 52 ], 
          [ 53 .. 56 ], [ 57 .. 60 ], [ 61 .. 64 ], [ 65 .. 68 ], [ 69 .. 72 ], [ 73 .. 76 ], [ 77 .. 80 ], 
          [ 81 .. 84 ], [ 85 .. 88 ], [ 89 .. 92 ], [ 93 .. 96 ], [ 97 .. 100 ], [ 101 .. 104 ], 
          [ 105 .. 108 ], [ 109 .. 112 ], [ 113 .. 116 ], [ 117 .. 120 ], [ 121 .. 124 ], [ 125 .. 128 ], 
          [ 129 .. 132 ], [ 133 .. 136 ], [ 137 .. 140 ], [ 141 .. 144 ], [ 145 .. 148 ], [ 149 .. 152 ], 
          [ 153 .. 156 ], [ 157 .. 160 ], [ 161 .. 164 ], [ 165 .. 168 ], [ 169 .. 172 ], [ 173 .. 176 ], 
          [ 177 .. 180 ], [ 181 .. 184 ], [ 185 .. 188 ], [ 189 .. 192 ], [ 193 .. 196 ], [ 197 .. 200 ], 
          [ 201 .. 204 ], [ 205 .. 208 ], [ 209 .. 212 ], [ 213 .. 216 ], [ 217 .. 220 ], [ 221 .. 224 ], 
          [ 225 .. 228 ], [ 229 .. 232 ], [ 233 .. 236 ], [ 237 .. 240 ], [ 241 .. 244 ], [ 245 .. 248 ], 
          [ 249 .. 252 ], [ 253 .. 256 ], [ 257 .. 260 ], [ 261 .. 264 ], [ 265 .. 268 ], [ 269 .. 272 ] ],
      invers := (  1,  5)(  2,  9)(  3, 13)(  4, 17)(  6, 21)(  7, 25)(  8, 29)( 10, 32)( 11, 33)( 12, 37)
        ( 14, 40)( 15,260)( 16,264)( 18,263)( 19, 49)( 20, 22)( 23, 53)( 24, 57)( 26, 60)( 27, 61)( 28, 65)
        ( 30, 68)( 31, 69)( 34, 72)( 35, 58)( 36, 56)( 38, 55)( 39, 43)( 41,258)( 42,257)( 44, 51)( 45,262)
        ( 46,261)( 47,259)( 48, 50)( 52, 54)( 59, 73)( 62, 76)( 63, 77)( 64, 81)( 66, 84)( 67, 85)( 70, 88)
        ( 71, 74)( 75, 89)( 78, 92)( 79, 93)( 80, 97)( 82,100)( 83,101)( 86,104)( 87, 90)( 91,105)( 94,108)
        ( 95,109)( 96,113)( 98,116)( 99,117)(102,120)(103,106)(107,121)(110,124)(111,125)(112,129)(114,132)
        (115,133)(118,136)(119,122)(123,137)(126,140)(127,141)(128,145)(130,148)(131,149)(134,152)(135,138)
        (139,153)(142,156)(143,157)(144,161)(146,164)(147,165)(150,168)(151,154)(155,169)(158,172)(159,173)
        (160,177)(162,180)(163,181)(166,184)(167,170)(171,185)(174,188)(175,189)(176,193)(178,196)(179,197)
        (182,200)(183,186)(187,201)(190,204)(191,205)(192,209)(194,212)(195,213)(198,216)(199,202)(203,217)
        (206,220)(207,221)(208,225)(210,228)(211,229)(214,232)(215,218)(219,233)(222,236)(223,239)(224,241)
        (226,244)(227,245)(230,248)(231,234)(235,249)(237,266)(238,265)(240,252)(242,268)(243,272)(246,271)
        (247,250)(251,256)(253,270)(254,269)(255,267),
      nbP := 272,
      next := (  1,  2,  3,  4)(  5,  6,  7,  8)(  9, 10, 11, 12)( 13, 14, 15, 16)( 17, 18, 19, 20)
        ( 21, 22, 23, 24)( 25, 26, 27, 28)( 29, 30, 31, 32)( 33, 34, 35, 36)( 37, 38, 39, 40)( 41, 42, 43, 44)
        ( 45, 46, 47, 48)( 49, 50, 51, 52)( 53, 54, 55, 56)( 57, 58, 59, 60)( 61, 62, 63, 64)( 65, 66, 67, 68)
        ( 69, 70, 71, 72)( 73, 74, 75, 76)( 77, 78, 79, 80)( 81, 82, 83, 84)( 85, 86, 87, 88)( 89, 90, 91, 92)
        ( 93, 94, 95, 96)( 97, 98, 99,100)(101,102,103,104)(105,106,107,108)(109,110,111,112)(113,114,115,116)
        (117,118,119,120)(121,122,123,124)(125,126,127,128)(129,130,131,132)(133,134,135,136)(137,138,139,140)
        (141,142,143,144)(145,146,147,148)(149,150,151,152)(153,154,155,156)(157,158,159,160)(161,162,163,164)
        (165,166,167,168)(169,170,171,172)(173,174,175,176)(177,178,179,180)(181,182,183,184)(185,186,187,188)
        (189,190,191,192)(193,194,195,196)(197,198,199,200)(201,202,203,204)(205,206,207,208)(209,210,211,212)
        (213,214,215,216)(217,218,219,220)(221,222,223,224)(225,226,227,228)(229,230,231,232)(233,234,235,236)
        (237,238,239,240)(241,242,243,244)(245,246,247,248)(249,250,251,252)(253,254,255,256)(257,258,259,260)
        (261,262,263,264)(265,266,267,268)(269,270,271,272) ), rec(
      MapDEvert := [ 1, 1, 1, 1, 2, 2, 2, 2, 3, 3, 3, 3, 4, 4, 4, 4, 5, 5, 5, 5, 6, 6, 6, 6, 7, 7, 7, 7, 8, 
          8, 8, 8, 9, 9, 9, 9, 10, 10, 10, 10, 11, 11, 11, 11, 12, 12, 12, 12, 13, 13, 13, 13, 14, 14, 14, 
          14, 15, 15, 15, 15, 16, 16, 16, 16, 17, 17, 17, 17, 18, 18, 18, 18, 19, 19, 19, 19, 20, 20, 20, 20, 
          21, 21, 21, 21, 22, 22, 22, 22, 23, 23, 23, 23, 24, 24, 24, 24, 25, 25, 25, 25, 26, 26, 26, 26, 27, 
          27, 27, 27, 28, 28, 28, 28, 29, 29, 29, 29, 30, 30, 30, 30, 31, 31, 31, 31, 32, 32, 32, 32, 33, 33, 
          33, 33, 34, 34, 34, 34, 35, 35, 35, 35, 36, 36, 36, 36, 37, 37, 37, 37, 38, 38, 38, 38, 39, 39, 39, 
          39, 40, 40, 40, 40, 41, 41, 41, 41, 42, 42, 42, 42, 43, 43, 43, 43, 44, 44, 44, 44, 45, 45, 45, 45, 
          46, 46, 46, 46, 47, 47, 47, 47, 48, 48, 48, 48, 49, 49, 49, 49, 50, 50, 50, 50, 51, 51, 51, 51, 52, 
          52, 52, 52, 53, 53, 53, 53, 54, 54, 54, 54, 55, 55, 55, 55, 56, 56, 56, 56, 57, 57, 57, 57, 58, 58, 
          58, 58, 59, 59, 59, 59, 60, 60, 60, 60, 61, 61, 61, 61, 62, 62, 62, 62, 63, 63, 63, 63, 64, 64, 64, 
          64, 65, 65, 65, 65, 66, 66, 66, 66, 67, 67, 67, 67, 68, 68, 68, 68 ],
      MapVertDE := [ [ 1 .. 4 ], [ 5 .. 8 ], [ 9 .. 12 ], [ 13 .. 16 ], [ 17 .. 20 ], [ 21 .. 24 ], 
          [ 25 .. 28 ], [ 29 .. 32 ], [ 33 .. 36 ], [ 37 .. 40 ], [ 41 .. 44 ], [ 45 .. 48 ], [ 49 .. 52 ], 
          [ 53 .. 56 ], [ 57 .. 60 ], [ 61 .. 64 ], [ 65 .. 68 ], [ 69 .. 72 ], [ 73 .. 76 ], [ 77 .. 80 ], 
          [ 81 .. 84 ], [ 85 .. 88 ], [ 89 .. 92 ], [ 93 .. 96 ], [ 97 .. 100 ], [ 101 .. 104 ], 
          [ 105 .. 108 ], [ 109 .. 112 ], [ 113 .. 116 ], [ 117 .. 120 ], [ 121 .. 124 ], [ 125 .. 128 ], 
          [ 129 .. 132 ], [ 133 .. 136 ], [ 137 .. 140 ], [ 141 .. 144 ], [ 145 .. 148 ], [ 149 .. 152 ], 
          [ 153 .. 156 ], [ 157 .. 160 ], [ 161 .. 164 ], [ 165 .. 168 ], [ 169 .. 172 ], [ 173 .. 176 ], 
          [ 177 .. 180 ], [ 181 .. 184 ], [ 185 .. 188 ], [ 189 .. 192 ], [ 193 .. 196 ], [ 197 .. 200 ], 
          [ 201 .. 204 ], [ 205 .. 208 ], [ 209 .. 212 ], [ 213 .. 216 ], [ 217 .. 220 ], [ 221 .. 224 ], 
          [ 225 .. 228 ], [ 229 .. 232 ], [ 233 .. 236 ], [ 237 .. 240 ], [ 241 .. 244 ], [ 245 .. 248 ], 
          [ 249 .. 252 ], [ 253 .. 256 ], [ 257 .. 260 ], [ 261 .. 264 ], [ 265 .. 268 ], [ 269 .. 272 ] ],
      invers := (  1,  5)(  2, 11)(  3, 13)(  4, 17)(  6, 21)(  7, 25)(  8, 29)(  9,258)( 10,257)( 12, 32)
        ( 14,260)( 15, 37)( 16, 41)( 18, 44)( 19, 45)( 20, 22)( 23, 49)( 24, 53)( 26, 56)( 27, 57)( 28, 61)
        ( 30, 64)( 31, 34)( 33,259)( 35, 65)( 36, 38)( 39, 69)( 40, 73)( 42, 76)( 43, 77)( 46, 80)( 47, 81)
        ( 48, 50)( 51, 85)( 52, 89)( 54, 92)( 55, 93)( 58, 96)( 59, 97)( 60,101)( 62,104)( 63, 66)( 67,105)
        ( 68, 70)( 71,109)( 72,113)( 74,116)( 75,117)( 78,120)( 79,121)( 82,124)( 83,125)( 84, 86)( 87,129)
        ( 88,133)( 90,136)( 91,137)( 94,140)( 95,141)( 98,144)( 99,145)(100,149)(102,152)(103,106)(107,153)
        (108,110)(111,157)(112,161)(114,164)(115,165)(118,168)(119,169)(122,172)(123,264)(126,263)(127,177)
        (128,130)(131,181)(132,185)(134,188)(135,189)(138,192)(139,268)(142,267)(143,197)(146,200)(147,201)
        (148,205)(150,208)(151,154)(155,209)(156,158)(159,215)(160,217)(162,220)(163,221)(166,224)(167,225)
        (170,228)(171,175)(173,262)(174,261)(176,178)(179,227)(180,182)(183,229)(184,233)(186,236)(187,237)
        (190,240)(191,195)(193,266)(194,265)(196,198)(199,239)(202,238)(203,235)(204,241)(206,244)(207,210)
        (211,245)(212,216)(213,270)(214,269)(218,272)(219,249)(222,252)(223,231)(226,230)(232,253)(234,256)
        (242,255)(243,246)(247,250)(248,271)(251,254),
      nbP := 272,
      next := (  1,  2,  3,  4)(  5,  6,  7,  8)(  9, 10, 11, 12)( 13, 14, 15, 16)( 17, 18, 19, 20)
        ( 21, 22, 23, 24)( 25, 26, 27, 28)( 29, 30, 31, 32)( 33, 34, 35, 36)( 37, 38, 39, 40)( 41, 42, 43, 44)
        ( 45, 46, 47, 48)( 49, 50, 51, 52)( 53, 54, 55, 56)( 57, 58, 59, 60)( 61, 62, 63, 64)( 65, 66, 67, 68)
        ( 69, 70, 71, 72)( 73, 74, 75, 76)( 77, 78, 79, 80)( 81, 82, 83, 84)( 85, 86, 87, 88)( 89, 90, 91, 92)
        ( 93, 94, 95, 96)( 97, 98, 99,100)(101,102,103,104)(105,106,107,108)(109,110,111,112)(113,114,115,116)
        (117,118,119,120)(121,122,123,124)(125,126,127,128)(129,130,131,132)(133,134,135,136)(137,138,139,140)
        (141,142,143,144)(145,146,147,148)(149,150,151,152)(153,154,155,156)(157,158,159,160)(161,162,163,164)
        (165,166,167,168)(169,170,171,172)(173,174,175,176)(177,178,179,180)(181,182,183,184)(185,186,187,188)
        (189,190,191,192)(193,194,195,196)(197,198,199,200)(201,202,203,204)(205,206,207,208)(209,210,211,212)
        (213,214,215,216)(217,218,219,220)(221,222,223,224)(225,226,227,228)(229,230,231,232)(233,234,235,236)
        (237,238,239,240)(241,242,243,244)(245,246,247,248)(249,250,251,252)(253,254,255,256)(257,258,259,260)
        (261,262,263,264)(265,266,267,268)(269,270,271,272) ), rec(
      MapDEvert := [ 1, 1, 1, 1, 2, 2, 2, 2, 3, 3, 3, 3, 4, 4, 4, 4, 5, 5, 5, 5, 6, 6, 6, 6, 7, 7, 7, 7, 8, 
          8, 8, 8, 9, 9, 9, 9, 10, 10, 10, 10, 11, 11, 11, 11, 12, 12, 12, 12, 13, 13, 13, 13, 14, 14, 14, 
          14, 15, 15, 15, 15, 16, 16, 16, 16, 17, 17, 17, 17, 18, 18, 18, 18, 19, 19, 19, 19, 20, 20, 20, 20, 
          21, 21, 21, 21, 22, 22, 22, 22, 23, 23, 23, 23, 24, 24, 24, 24, 25, 25, 25, 25, 26, 26, 26, 26, 27, 
          27, 27, 27, 28, 28, 28, 28, 29, 29, 29, 29, 30, 30, 30, 30, 31, 31, 31, 31, 32, 32, 32, 32, 33, 33, 
          33, 33, 34, 34, 34, 34, 35, 35, 35, 35, 36, 36, 36, 36, 37, 37, 37, 37, 38, 38, 38, 38, 39, 39, 39, 
          39, 40, 40, 40, 40, 41, 41, 41, 41, 42, 42, 42, 42, 43, 43, 43, 43, 44, 44, 44, 44, 45, 45, 45, 45, 
          46, 46, 46, 46, 47, 47, 47, 47, 48, 48, 48, 48, 49, 49, 49, 49, 50, 50, 50, 50, 51, 51, 51, 51, 52, 
          52, 52, 52, 53, 53, 53, 53, 54, 54, 54, 54, 55, 55, 55, 55, 56, 56, 56, 56, 57, 57, 57, 57, 58, 58, 
          58, 58, 59, 59, 59, 59, 60, 60, 60, 60, 61, 61, 61, 61, 62, 62, 62, 62, 63, 63, 63, 63, 64, 64, 64, 
          64, 65, 65, 65, 65, 66, 66, 66, 66, 67, 67, 67, 67, 68, 68, 68, 68 ],
      MapVertDE := [ [ 1 .. 4 ], [ 5 .. 8 ], [ 9 .. 12 ], [ 13 .. 16 ], [ 17 .. 20 ], [ 21 .. 24 ], 
          [ 25 .. 28 ], [ 29 .. 32 ], [ 33 .. 36 ], [ 37 .. 40 ], [ 41 .. 44 ], [ 45 .. 48 ], [ 49 .. 52 ], 
          [ 53 .. 56 ], [ 57 .. 60 ], [ 61 .. 64 ], [ 65 .. 68 ], [ 69 .. 72 ], [ 73 .. 76 ], [ 77 .. 80 ], 
          [ 81 .. 84 ], [ 85 .. 88 ], [ 89 .. 92 ], [ 93 .. 96 ], [ 97 .. 100 ], [ 101 .. 104 ], 
          [ 105 .. 108 ], [ 109 .. 112 ], [ 113 .. 116 ], [ 117 .. 120 ], [ 121 .. 124 ], [ 125 .. 128 ], 
          [ 129 .. 132 ], [ 133 .. 136 ], [ 137 .. 140 ], [ 141 .. 144 ], [ 145 .. 148 ], [ 149 .. 152 ], 
          [ 153 .. 156 ], [ 157 .. 160 ], [ 161 .. 164 ], [ 165 .. 168 ], [ 169 .. 172 ], [ 173 .. 176 ], 
          [ 177 .. 180 ], [ 181 .. 184 ], [ 185 .. 188 ], [ 189 .. 192 ], [ 193 .. 196 ], [ 197 .. 200 ], 
          [ 201 .. 204 ], [ 205 .. 208 ], [ 209 .. 212 ], [ 213 .. 216 ], [ 217 .. 220 ], [ 221 .. 224 ], 
          [ 225 .. 228 ], [ 229 .. 232 ], [ 233 .. 236 ], [ 237 .. 240 ], [ 241 .. 244 ], [ 245 .. 248 ], 
          [ 249 .. 252 ], [ 253 .. 256 ], [ 257 .. 260 ], [ 261 .. 264 ], [ 265 .. 268 ], [ 269 .. 272 ] ],
      invers := (  1,  5)(  2,  9)(  3, 13)(  4, 17)(  6, 21)(  7,260)(  8, 29)( 10, 32)( 11, 33)( 12, 37)
        ( 14, 40)( 15, 41)( 16, 45)( 18, 48)( 19, 49)( 20, 22)( 23, 53)( 24, 27)( 25,258)( 26,257)( 28, 57)
        ( 30, 64)( 31, 65)( 34, 68)( 35, 69)( 36, 73)( 38, 76)( 39, 77)( 42, 80)( 43, 81)( 44, 85)( 46, 88)
        ( 47, 89)( 50, 92)( 51, 93)( 52, 54)( 55, 97)( 56, 58)( 59,101)( 60, 62)( 61,259)( 63,105)( 66,108)
        ( 67,109)( 70,112)( 71,113)( 72,117)( 74,120)( 75,121)( 78,124)( 79,264)( 82,263)( 83,129)( 84,133)
        ( 86,136)( 87,137)( 90,140)( 91,141)( 94,144)( 95,145)( 96, 98)( 99,149)(100,102)(103,153)(104,106)
        (107,157)(110,160)(111,161)(114,164)(115,165)(116,169)(118,172)(119,173)(122,176)(123,127)(125,262)
        (126,261)(128,130)(131,175)(132,177)(134,180)(135,181)(138,184)(139,185)(142,188)(143,189)(146,192)
        (147,195)(148,150)(151,268)(152,154)(155,197)(156,158)(159,201)(162,204)(163,205)(166,208)(167,209)
        (168,213)(170,216)(171,217)(174,220)(178,219)(179,221)(182,224)(183,225)(186,228)(187,229)(190,232)
        (191,233)(193,266)(194,265)(196,236)(198,267)(199,235)(200,202)(203,237)(206,240)(207,241)(210,244)
        (211,245)(212,272)(214,271)(215,253)(218,256)(222,255)(223,247)(226,246)(227,243)(230,242)(231,239)
        (234,238)(248,251)(249,270)(250,269)(252,254),
      nbP := 272,
      next := (  1,  2,  3,  4)(  5,  6,  7,  8)(  9, 10, 11, 12)( 13, 14, 15, 16)( 17, 18, 19, 20)
        ( 21, 22, 23, 24)( 25, 26, 27, 28)( 29, 30, 31, 32)( 33, 34, 35, 36)( 37, 38, 39, 40)( 41, 42, 43, 44)
        ( 45, 46, 47, 48)( 49, 50, 51, 52)( 53, 54, 55, 56)( 57, 58, 59, 60)( 61, 62, 63, 64)( 65, 66, 67, 68)
        ( 69, 70, 71, 72)( 73, 74, 75, 76)( 77, 78, 79, 80)( 81, 82, 83, 84)( 85, 86, 87, 88)( 89, 90, 91, 92)
        ( 93, 94, 95, 96)( 97, 98, 99,100)(101,102,103,104)(105,106,107,108)(109,110,111,112)(113,114,115,116)
        (117,118,119,120)(121,122,123,124)(125,126,127,128)(129,130,131,132)(133,134,135,136)(137,138,139,140)
        (141,142,143,144)(145,146,147,148)(149,150,151,152)(153,154,155,156)(157,158,159,160)(161,162,163,164)
        (165,166,167,168)(169,170,171,172)(173,174,175,176)(177,178,179,180)(181,182,183,184)(185,186,187,188)
        (189,190,191,192)(193,194,195,196)(197,198,199,200)(201,202,203,204)(205,206,207,208)(209,210,211,212)
        (213,214,215,216)(217,218,219,220)(221,222,223,224)(225,226,227,228)(229,230,231,232)(233,234,235,236)
        (237,238,239,240)(241,242,243,244)(245,246,247,248)(249,250,251,252)(253,254,255,256)(257,258,259,260)
        (261,262,263,264)(265,266,267,268)(269,270,271,272) ), rec(
      MapDEvert := [ 1, 1, 1, 1, 2, 2, 2, 2, 3, 3, 3, 3, 4, 4, 4, 4, 5, 5, 5, 5, 6, 6, 6, 6, 7, 7, 7, 7, 8, 
          8, 8, 8, 9, 9, 9, 9, 10, 10, 10, 10, 11, 11, 11, 11, 12, 12, 12, 12, 13, 13, 13, 13, 14, 14, 14, 
          14, 15, 15, 15, 15, 16, 16, 16, 16, 17, 17, 17, 17, 18, 18, 18, 18, 19, 19, 19, 19, 20, 20, 20, 20, 
          21, 21, 21, 21, 22, 22, 22, 22, 23, 23, 23, 23, 24, 24, 24, 24, 25, 25, 25, 25, 26, 26, 26, 26, 27, 
          27, 27, 27, 28, 28, 28, 28, 29, 29, 29, 29, 30, 30, 30, 30, 31, 31, 31, 31, 32, 32, 32, 32, 33, 33, 
          33, 33, 34, 34, 34, 34, 35, 35, 35, 35, 36, 36, 36, 36, 37, 37, 37, 37, 38, 38, 38, 38, 39, 39, 39, 
          39, 40, 40, 40, 40, 41, 41, 41, 41, 42, 42, 42, 42, 43, 43, 43, 43, 44, 44, 44, 44, 45, 45, 45, 45, 
          46, 46, 46, 46, 47, 47, 47, 47, 48, 48, 48, 48, 49, 49, 49, 49, 50, 50, 50, 50, 51, 51, 51, 51, 52, 
          52, 52, 52, 53, 53, 53, 53, 54, 54, 54, 54, 55, 55, 55, 55, 56, 56, 56, 56, 57, 57, 57, 57, 58, 58, 
          58, 58, 59, 59, 59, 59, 60, 60, 60, 60, 61, 61, 61, 61, 62, 62, 62, 62, 63, 63, 63, 63, 64, 64, 64, 
          64, 65, 65, 65, 65, 66, 66, 66, 66, 67, 67, 67, 67, 68, 68, 68, 68 ],
      MapVertDE := [ [ 1 .. 4 ], [ 5 .. 8 ], [ 9 .. 12 ], [ 13 .. 16 ], [ 17 .. 20 ], [ 21 .. 24 ], 
          [ 25 .. 28 ], [ 29 .. 32 ], [ 33 .. 36 ], [ 37 .. 40 ], [ 41 .. 44 ], [ 45 .. 48 ], [ 49 .. 52 ], 
          [ 53 .. 56 ], [ 57 .. 60 ], [ 61 .. 64 ], [ 65 .. 68 ], [ 69 .. 72 ], [ 73 .. 76 ], [ 77 .. 80 ], 
          [ 81 .. 84 ], [ 85 .. 88 ], [ 89 .. 92 ], [ 93 .. 96 ], [ 97 .. 100 ], [ 101 .. 104 ], 
          [ 105 .. 108 ], [ 109 .. 112 ], [ 113 .. 116 ], [ 117 .. 120 ], [ 121 .. 124 ], [ 125 .. 128 ], 
          [ 129 .. 132 ], [ 133 .. 136 ], [ 137 .. 140 ], [ 141 .. 144 ], [ 145 .. 148 ], [ 149 .. 152 ], 
          [ 153 .. 156 ], [ 157 .. 160 ], [ 161 .. 164 ], [ 165 .. 168 ], [ 169 .. 172 ], [ 173 .. 176 ], 
          [ 177 .. 180 ], [ 181 .. 184 ], [ 185 .. 188 ], [ 189 .. 192 ], [ 193 .. 196 ], [ 197 .. 200 ], 
          [ 201 .. 204 ], [ 205 .. 208 ], [ 209 .. 212 ], [ 213 .. 216 ], [ 217 .. 220 ], [ 221 .. 224 ], 
          [ 225 .. 228 ], [ 229 .. 232 ], [ 233 .. 236 ], [ 237 .. 240 ], [ 241 .. 244 ], [ 245 .. 248 ], 
          [ 249 .. 252 ], [ 253 .. 256 ], [ 257 .. 260 ], [ 261 .. 264 ], [ 265 .. 268 ], [ 269 .. 272 ] ],
      invers := (  1,  7)(  2,  9)(  3, 13)(  4, 17)(  5,258)(  6,257)(  8, 21)( 10,260)( 11, 29)( 12, 33)
        ( 14, 36)( 15, 37)( 16, 41)( 18, 44)( 19, 45)( 20, 22)( 23, 49)( 24, 26)( 25,259)( 27, 53)( 28, 30)
        ( 31, 57)( 32, 61)( 34, 64)( 35, 65)( 38, 68)( 39, 69)( 40, 73)( 42, 76)( 43, 77)( 46, 80)( 47, 81)
        ( 48, 50)( 51, 85)( 52, 54)( 55, 89)( 56, 58)( 59, 93)( 60, 97)( 62,100)( 63,101)( 66,104)( 67,105)
        ( 70,108)( 71,109)( 72,113)( 74,116)( 75,117)( 78,120)( 79,121)( 82,124)( 83,127)( 84, 86)( 87,264)
        ( 88, 90)( 91,129)( 92, 94)( 95,133)( 96,137)( 98,140)( 99,141)(102,144)(103,145)(106,148)(107,149)
        (110,152)(111,155)(112,157)(114,160)(115,161)(118,164)(119,165)(122,168)(123,169)(125,262)(126,261)
        (128,172)(130,263)(131,171)(132,134)(135,173)(136,177)(138,180)(139,181)(142,184)(143,185)(146,188)
        (147,189)(150,192)(151,193)(153,266)(154,265)(156,196)(158,268)(159,201)(162,204)(163,205)(166,208)
        (167,175)(170,174)(176,209)(178,212)(179,213)(182,216)(183,217)(186,220)(187,221)(190,224)(191,225)
        (194,228)(195,198)(197,267)(199,229)(200,202)(203,233)(206,236)(207,210)(211,237)(214,240)(215,241)
        (218,244)(219,272)(222,271)(223,249)(226,252)(227,230)(231,253)(232,234)(235,238)(239,256)(242,255)
        (243,247)(245,270)(246,269)(248,250)(251,254),
      nbP := 272,
      next := (  1,  2,  3,  4)(  5,  6,  7,  8)(  9, 10, 11, 12)( 13, 14, 15, 16)( 17, 18, 19, 20)
        ( 21, 22, 23, 24)( 25, 26, 27, 28)( 29, 30, 31, 32)( 33, 34, 35, 36)( 37, 38, 39, 40)( 41, 42, 43, 44)
        ( 45, 46, 47, 48)( 49, 50, 51, 52)( 53, 54, 55, 56)( 57, 58, 59, 60)( 61, 62, 63, 64)( 65, 66, 67, 68)
        ( 69, 70, 71, 72)( 73, 74, 75, 76)( 77, 78, 79, 80)( 81, 82, 83, 84)( 85, 86, 87, 88)( 89, 90, 91, 92)
        ( 93, 94, 95, 96)( 97, 98, 99,100)(101,102,103,104)(105,106,107,108)(109,110,111,112)(113,114,115,116)
        (117,118,119,120)(121,122,123,124)(125,126,127,128)(129,130,131,132)(133,134,135,136)(137,138,139,140)
        (141,142,143,144)(145,146,147,148)(149,150,151,152)(153,154,155,156)(157,158,159,160)(161,162,163,164)
        (165,166,167,168)(169,170,171,172)(173,174,175,176)(177,178,179,180)(181,182,183,184)(185,186,187,188)
        (189,190,191,192)(193,194,195,196)(197,198,199,200)(201,202,203,204)(205,206,207,208)(209,210,211,212)
        (213,214,215,216)(217,218,219,220)(221,222,223,224)(225,226,227,228)(229,230,231,232)(233,234,235,236)
        (237,238,239,240)(241,242,243,244)(245,246,247,248)(249,250,251,252)(253,254,255,256)(257,258,259,260)
        (261,262,263,264)(265,266,267,268)(269,270,271,272) ), rec(
      MapDEvert := [ 1, 1, 1, 1, 2, 2, 2, 2, 3, 3, 3, 3, 4, 4, 4, 4, 5, 5, 5, 5, 6, 6, 6, 6, 7, 7, 7, 7, 8, 
          8, 8, 8, 9, 9, 9, 9, 10, 10, 10, 10, 11, 11, 11, 11, 12, 12, 12, 12, 13, 13, 13, 13, 14, 14, 14, 
          14, 15, 15, 15, 15, 16, 16, 16, 16, 17, 17, 17, 17, 18, 18, 18, 18, 19, 19, 19, 19, 20, 20, 20, 20, 
          21, 21, 21, 21, 22, 22, 22, 22, 23, 23, 23, 23, 24, 24, 24, 24, 25, 25, 25, 25, 26, 26, 26, 26, 27, 
          27, 27, 27, 28, 28, 28, 28, 29, 29, 29, 29, 30, 30, 30, 30, 31, 31, 31, 31, 32, 32, 32, 32, 33, 33, 
          33, 33, 34, 34, 34, 34, 35, 35, 35, 35, 36, 36, 36, 36, 37, 37, 37, 37, 38, 38, 38, 38, 39, 39, 39, 
          39, 40, 40, 40, 40, 41, 41, 41, 41, 42, 42, 42, 42, 43, 43, 43, 43, 44, 44, 44, 44, 45, 45, 45, 45, 
          46, 46, 46, 46, 47, 47, 47, 47, 48, 48, 48, 48, 49, 49, 49, 49, 50, 50, 50, 50, 51, 51, 51, 51, 52, 
          52, 52, 52, 53, 53, 53, 53, 54, 54, 54, 54, 55, 55, 55, 55, 56, 56, 56, 56, 57, 57, 57, 57, 58, 58, 
          58, 58, 59, 59, 59, 59, 60, 60, 60, 60, 61, 61, 61, 61, 62, 62, 62, 62, 63, 63, 63, 63, 64, 64, 64, 
          64, 65, 65, 65, 65, 66, 66, 66, 66, 67, 67, 67, 67, 68, 68, 68, 68 ],
      MapVertDE := [ [ 1 .. 4 ], [ 5 .. 8 ], [ 9 .. 12 ], [ 13 .. 16 ], [ 17 .. 20 ], [ 21 .. 24 ], 
          [ 25 .. 28 ], [ 29 .. 32 ], [ 33 .. 36 ], [ 37 .. 40 ], [ 41 .. 44 ], [ 45 .. 48 ], [ 49 .. 52 ], 
          [ 53 .. 56 ], [ 57 .. 60 ], [ 61 .. 64 ], [ 65 .. 68 ], [ 69 .. 72 ], [ 73 .. 76 ], [ 77 .. 80 ], 
          [ 81 .. 84 ], [ 85 .. 88 ], [ 89 .. 92 ], [ 93 .. 96 ], [ 97 .. 100 ], [ 101 .. 104 ], 
          [ 105 .. 108 ], [ 109 .. 112 ], [ 113 .. 116 ], [ 117 .. 120 ], [ 121 .. 124 ], [ 125 .. 128 ], 
          [ 129 .. 132 ], [ 133 .. 136 ], [ 137 .. 140 ], [ 141 .. 144 ], [ 145 .. 148 ], [ 149 .. 152 ], 
          [ 153 .. 156 ], [ 157 .. 160 ], [ 161 .. 164 ], [ 165 .. 168 ], [ 169 .. 172 ], [ 173 .. 176 ], 
          [ 177 .. 180 ], [ 181 .. 184 ], [ 185 .. 188 ], [ 189 .. 192 ], [ 193 .. 196 ], [ 197 .. 200 ], 
          [ 201 .. 204 ], [ 205 .. 208 ], [ 209 .. 212 ], [ 213 .. 216 ], [ 217 .. 220 ], [ 221 .. 224 ], 
          [ 225 .. 228 ], [ 229 .. 232 ], [ 233 .. 236 ], [ 237 .. 240 ], [ 241 .. 244 ], [ 245 .. 248 ], 
          [ 249 .. 252 ], [ 253 .. 256 ], [ 257 .. 260 ], [ 261 .. 264 ], [ 265 .. 268 ], [ 269 .. 272 ] ],
      invers := (  1,  5)(  2,260)(  3, 13)(  4, 17)(  6, 21)(  7, 25)(  8, 11)(  9,258)( 10,257)( 12, 29)
        ( 14, 36)( 15, 37)( 16, 41)( 18, 44)( 19, 45)( 20, 22)( 23, 49)( 24, 53)( 26, 56)( 27, 57)( 28, 30)
        ( 31, 61)( 32, 34)( 33,259)( 35, 65)( 38, 68)( 39, 69)( 40, 73)( 42, 76)( 43, 77)( 46, 80)( 47, 81)
        ( 48, 50)( 51, 85)( 52, 89)( 54, 92)( 55, 93)( 58, 96)( 59, 97)( 60, 62)( 63,101)( 64, 66)( 67,105)
        ( 70,108)( 71,109)( 72,113)( 74,116)( 75,117)( 78,120)( 79,121)( 82,124)( 83,125)( 84, 86)( 87,129)
        ( 88,133)( 90,136)( 91,137)( 94,140)( 95,141)( 98,144)( 99,145)(100,102)(103,149)(104,106)(107,153)
        (110,156)(111,157)(112,264)(114,263)(115,165)(118,168)(119,169)(122,172)(123,173)(126,176)(127,177)
        (128,130)(131,181)(132,185)(134,188)(135,268)(138,267)(139,193)(142,196)(143,197)(146,200)(147,201)
        (148,150)(151,205)(152,154)(155,209)(158,212)(159,213)(160,163)(161,262)(162,261)(164,166)(167,216)
        (170,215)(171,217)(174,220)(175,221)(178,224)(179,225)(180,182)(183,229)(184,233)(186,236)(187,191)
        (189,266)(190,265)(192,194)(195,235)(198,234)(199,232)(202,231)(203,237)(204,206)(207,241)(208,210)
        (211,245)(214,248)(218,247)(219,249)(222,252)(223,272)(226,271)(227,238)(228,230)(239,256)(240,242)
        (243,250)(244,246)(251,255)(253,270)(254,269),
      nbP := 272,
      next := (  1,  2,  3,  4)(  5,  6,  7,  8)(  9, 10, 11, 12)( 13, 14, 15, 16)( 17, 18, 19, 20)
        ( 21, 22, 23, 24)( 25, 26, 27, 28)( 29, 30, 31, 32)( 33, 34, 35, 36)( 37, 38, 39, 40)( 41, 42, 43, 44)
        ( 45, 46, 47, 48)( 49, 50, 51, 52)( 53, 54, 55, 56)( 57, 58, 59, 60)( 61, 62, 63, 64)( 65, 66, 67, 68)
        ( 69, 70, 71, 72)( 73, 74, 75, 76)( 77, 78, 79, 80)( 81, 82, 83, 84)( 85, 86, 87, 88)( 89, 90, 91, 92)
        ( 93, 94, 95, 96)( 97, 98, 99,100)(101,102,103,104)(105,106,107,108)(109,110,111,112)(113,114,115,116)
        (117,118,119,120)(121,122,123,124)(125,126,127,128)(129,130,131,132)(133,134,135,136)(137,138,139,140)
        (141,142,143,144)(145,146,147,148)(149,150,151,152)(153,154,155,156)(157,158,159,160)(161,162,163,164)
        (165,166,167,168)(169,170,171,172)(173,174,175,176)(177,178,179,180)(181,182,183,184)(185,186,187,188)
        (189,190,191,192)(193,194,195,196)(197,198,199,200)(201,202,203,204)(205,206,207,208)(209,210,211,212)
        (213,214,215,216)(217,218,219,220)(221,222,223,224)(225,226,227,228)(229,230,231,232)(233,234,235,236)
        (237,238,239,240)(241,242,243,244)(245,246,247,248)(249,250,251,252)(253,254,255,256)(257,258,259,260)
        (261,262,263,264)(265,266,267,268)(269,270,271,272) ), rec(
      MapDEvert := [ 1, 1, 1, 1, 2, 2, 2, 2, 3, 3, 3, 3, 4, 4, 4, 4, 5, 5, 5, 5, 6, 6, 6, 6, 7, 7, 7, 7, 8, 
          8, 8, 8, 9, 9, 9, 9, 10, 10, 10, 10, 11, 11, 11, 11, 12, 12, 12, 12, 13, 13, 13, 13, 14, 14, 14, 
          14, 15, 15, 15, 15, 16, 16, 16, 16, 17, 17, 17, 17, 18, 18, 18, 18, 19, 19, 19, 19, 20, 20, 20, 20, 
          21, 21, 21, 21, 22, 22, 22, 22, 23, 23, 23, 23, 24, 24, 24, 24, 25, 25, 25, 25, 26, 26, 26, 26, 27, 
          27, 27, 27, 28, 28, 28, 28, 29, 29, 29, 29, 30, 30, 30, 30, 31, 31, 31, 31, 32, 32, 32, 32, 33, 33, 
          33, 33, 34, 34, 34, 34, 35, 35, 35, 35, 36, 36, 36, 36, 37, 37, 37, 37, 38, 38, 38, 38, 39, 39, 39, 
          39, 40, 40, 40, 40, 41, 41, 41, 41, 42, 42, 42, 42, 43, 43, 43, 43, 44, 44, 44, 44, 45, 45, 45, 45, 
          46, 46, 46, 46, 47, 47, 47, 47, 48, 48, 48, 48, 49, 49, 49, 49, 50, 50, 50, 50, 51, 51, 51, 51, 52, 
          52, 52, 52, 53, 53, 53, 53, 54, 54, 54, 54, 55, 55, 55, 55, 56, 56, 56, 56, 57, 57, 57, 57, 58, 58, 
          58, 58, 59, 59, 59, 59, 60, 60, 60, 60, 61, 61, 61, 61, 62, 62, 62, 62, 63, 63, 63, 63, 64, 64, 64, 
          64, 65, 65, 65, 65, 66, 66, 66, 66, 67, 67, 67, 67, 68, 68, 68, 68 ],
      MapVertDE := [ [ 1 .. 4 ], [ 5 .. 8 ], [ 9 .. 12 ], [ 13 .. 16 ], [ 17 .. 20 ], [ 21 .. 24 ], 
          [ 25 .. 28 ], [ 29 .. 32 ], [ 33 .. 36 ], [ 37 .. 40 ], [ 41 .. 44 ], [ 45 .. 48 ], [ 49 .. 52 ], 
          [ 53 .. 56 ], [ 57 .. 60 ], [ 61 .. 64 ], [ 65 .. 68 ], [ 69 .. 72 ], [ 73 .. 76 ], [ 77 .. 80 ], 
          [ 81 .. 84 ], [ 85 .. 88 ], [ 89 .. 92 ], [ 93 .. 96 ], [ 97 .. 100 ], [ 101 .. 104 ], 
          [ 105 .. 108 ], [ 109 .. 112 ], [ 113 .. 116 ], [ 117 .. 120 ], [ 121 .. 124 ], [ 125 .. 128 ], 
          [ 129 .. 132 ], [ 133 .. 136 ], [ 137 .. 140 ], [ 141 .. 144 ], [ 145 .. 148 ], [ 149 .. 152 ], 
          [ 153 .. 156 ], [ 157 .. 160 ], [ 161 .. 164 ], [ 165 .. 168 ], [ 169 .. 172 ], [ 173 .. 176 ], 
          [ 177 .. 180 ], [ 181 .. 184 ], [ 185 .. 188 ], [ 189 .. 192 ], [ 193 .. 196 ], [ 197 .. 200 ], 
          [ 201 .. 204 ], [ 205 .. 208 ], [ 209 .. 212 ], [ 213 .. 216 ], [ 217 .. 220 ], [ 221 .. 224 ], 
          [ 225 .. 228 ], [ 229 .. 232 ], [ 233 .. 236 ], [ 237 .. 240 ], [ 241 .. 244 ], [ 245 .. 248 ], 
          [ 249 .. 252 ], [ 253 .. 256 ], [ 257 .. 260 ], [ 261 .. 264 ], [ 265 .. 268 ], [ 269 .. 272 ] ],
      invers := (  1,256)(  2,  9)(  3, 13)(  4, 17)(  5,254)(  6,253)(  7, 20)(  8,251)( 10,259)( 11, 24)
        ( 12, 25)( 14, 28)( 15, 29)( 16, 33)( 18, 36)( 19, 22)( 21,252)( 23, 37)( 26, 40)( 27, 41)( 30, 44)
        ( 31, 45)( 32, 49)( 34, 52)( 35, 38)( 39, 53)( 42, 56)( 43, 57)( 46, 60)( 47, 61)( 48, 65)( 50, 68)
        ( 51, 54)( 55, 69)( 58, 72)( 59, 73)( 62, 76)( 63, 77)( 64, 81)( 66, 84)( 67, 70)( 71, 85)( 74, 88)
        ( 75, 89)( 78, 92)( 79, 93)( 80, 97)( 82,100)( 83, 86)( 87,101)( 90,104)( 91,105)( 94,108)( 95,109)
        ( 96,113)( 98,116)( 99,102)(103,117)(106,120)(107,121)(110,124)(111,125)(112,129)(114,132)(115,118)
        (119,133)(122,136)(123,137)(126,140)(127,141)(128,145)(130,148)(131,134)(135,149)(138,152)(139,153)
        (142,156)(143,157)(144,161)(146,164)(147,150)(151,165)(154,168)(155,169)(158,172)(159,173)(160,177)
        (162,180)(163,166)(167,181)(170,184)(171,185)(174,188)(175,189)(176,193)(178,196)(179,182)(183,197)
        (186,200)(187,201)(190,204)(191,205)(192,209)(194,212)(195,198)(199,213)(202,216)(203,217)(206,220)
        (207,221)(208,225)(210,228)(211,214)(215,229)(218,232)(219,233)(222,236)(223,263)(224,241)(226,244)
        (227,230)(231,245)(234,248)(235,272)(237,270)(238,269)(239,247)(240,267)(242,268)(243,246)(249,258)
        (250,257)(255,260)(261,266)(262,265)(264,271),
      nbP := 272,
      next := (  1,  2,  3,  4)(  5,  6,  7,  8)(  9, 10, 11, 12)( 13, 14, 15, 16)( 17, 18, 19, 20)
        ( 21, 22, 23, 24)( 25, 26, 27, 28)( 29, 30, 31, 32)( 33, 34, 35, 36)( 37, 38, 39, 40)( 41, 42, 43, 44)
        ( 45, 46, 47, 48)( 49, 50, 51, 52)( 53, 54, 55, 56)( 57, 58, 59, 60)( 61, 62, 63, 64)( 65, 66, 67, 68)
        ( 69, 70, 71, 72)( 73, 74, 75, 76)( 77, 78, 79, 80)( 81, 82, 83, 84)( 85, 86, 87, 88)( 89, 90, 91, 92)
        ( 93, 94, 95, 96)( 97, 98, 99,100)(101,102,103,104)(105,106,107,108)(109,110,111,112)(113,114,115,116)
        (117,118,119,120)(121,122,123,124)(125,126,127,128)(129,130,131,132)(133,134,135,136)(137,138,139,140)
        (141,142,143,144)(145,146,147,148)(149,150,151,152)(153,154,155,156)(157,158,159,160)(161,162,163,164)
        (165,166,167,168)(169,170,171,172)(173,174,175,176)(177,178,179,180)(181,182,183,184)(185,186,187,188)
        (189,190,191,192)(193,194,195,196)(197,198,199,200)(201,202,203,204)(205,206,207,208)(209,210,211,212)
        (213,214,215,216)(217,218,219,220)(221,222,223,224)(225,226,227,228)(229,230,231,232)(233,234,235,236)
        (237,238,239,240)(241,242,243,244)(245,246,247,248)(249,250,251,252)(253,254,255,256)(257,258,259,260)
        (261,262,263,264)(265,266,267,268)(269,270,271,272) ), rec(
      MapDEvert := [ 1, 1, 1, 1, 2, 2, 2, 2, 3, 3, 3, 3, 4, 4, 4, 4, 5, 5, 5, 5, 6, 6, 6, 6, 7, 7, 7, 7, 8, 
          8, 8, 8, 9, 9, 9, 9, 10, 10, 10, 10, 11, 11, 11, 11, 12, 12, 12, 12, 13, 13, 13, 13, 14, 14, 14, 
          14, 15, 15, 15, 15, 16, 16, 16, 16, 17, 17, 17, 17, 18, 18, 18, 18, 19, 19, 19, 19, 20, 20, 20, 20, 
          21, 21, 21, 21, 22, 22, 22, 22, 23, 23, 23, 23, 24, 24, 24, 24, 25, 25, 25, 25, 26, 26, 26, 26, 27, 
          27, 27, 27, 28, 28, 28, 28, 29, 29, 29, 29, 30, 30, 30, 30, 31, 31, 31, 31, 32, 32, 32, 32, 33, 33, 
          33, 33, 34, 34, 34, 34, 35, 35, 35, 35, 36, 36, 36, 36, 37, 37, 37, 37, 38, 38, 38, 38, 39, 39, 39, 
          39, 40, 40, 40, 40, 41, 41, 41, 41, 42, 42, 42, 42, 43, 43, 43, 43, 44, 44, 44, 44, 45, 45, 45, 45, 
          46, 46, 46, 46, 47, 47, 47, 47, 48, 48, 48, 48, 49, 49, 49, 49, 50, 50, 50, 50, 51, 51, 51, 51, 52, 
          52, 52, 52, 53, 53, 53, 53, 54, 54, 54, 54, 55, 55, 55, 55, 56, 56, 56, 56, 57, 57, 57, 57, 58, 58, 
          58, 58, 59, 59, 59, 59, 60, 60, 60, 60, 61, 61, 61, 61, 62, 62, 62, 62, 63, 63, 63, 63, 64, 64, 64, 
          64, 65, 65, 65, 65, 66, 66, 66, 66, 67, 67, 67, 67, 68, 68, 68, 68 ],
      MapVertDE := [ [ 1 .. 4 ], [ 5 .. 8 ], [ 9 .. 12 ], [ 13 .. 16 ], [ 17 .. 20 ], [ 21 .. 24 ], 
          [ 25 .. 28 ], [ 29 .. 32 ], [ 33 .. 36 ], [ 37 .. 40 ], [ 41 .. 44 ], [ 45 .. 48 ], [ 49 .. 52 ], 
          [ 53 .. 56 ], [ 57 .. 60 ], [ 61 .. 64 ], [ 65 .. 68 ], [ 69 .. 72 ], [ 73 .. 76 ], [ 77 .. 80 ], 
          [ 81 .. 84 ], [ 85 .. 88 ], [ 89 .. 92 ], [ 93 .. 96 ], [ 97 .. 100 ], [ 101 .. 104 ], 
          [ 105 .. 108 ], [ 109 .. 112 ], [ 113 .. 116 ], [ 117 .. 120 ], [ 121 .. 124 ], [ 125 .. 128 ], 
          [ 129 .. 132 ], [ 133 .. 136 ], [ 137 .. 140 ], [ 141 .. 144 ], [ 145 .. 148 ], [ 149 .. 152 ], 
          [ 153 .. 156 ], [ 157 .. 160 ], [ 161 .. 164 ], [ 165 .. 168 ], [ 169 .. 172 ], [ 173 .. 176 ], 
          [ 177 .. 180 ], [ 181 .. 184 ], [ 185 .. 188 ], [ 189 .. 192 ], [ 193 .. 196 ], [ 197 .. 200 ], 
          [ 201 .. 204 ], [ 205 .. 208 ], [ 209 .. 212 ], [ 213 .. 216 ], [ 217 .. 220 ], [ 221 .. 224 ], 
          [ 225 .. 228 ], [ 229 .. 232 ], [ 233 .. 236 ], [ 237 .. 240 ], [ 241 .. 244 ], [ 245 .. 248 ], 
          [ 249 .. 252 ], [ 253 .. 256 ], [ 257 .. 260 ], [ 261 .. 264 ], [ 265 .. 268 ], [ 269 .. 272 ] ],
      invers := (  1,256)(  2,  9)(  3, 13)(  4, 17)(  5,254)(  6,253)(  7, 20)(  8,251)( 10,259)( 11, 24)
        ( 12, 25)( 14, 28)( 15, 29)( 16, 33)( 18, 36)( 19, 22)( 21,252)( 23, 37)( 26, 40)( 27, 41)( 30, 44)
        ( 31, 45)( 32, 49)( 34, 52)( 35, 38)( 39, 53)( 42, 56)( 43, 57)( 46, 60)( 47, 61)( 48, 65)( 50, 68)
        ( 51, 54)( 55, 69)( 58, 72)( 59, 73)( 62, 76)( 63, 77)( 64, 81)( 66, 84)( 67, 70)( 71, 85)( 74, 88)
        ( 75, 89)( 78, 92)( 79, 93)( 80, 97)( 82,100)( 83, 86)( 87,101)( 90,104)( 91,105)( 94,108)( 95,109)
        ( 96,113)( 98,116)( 99,102)(103,117)(106,120)(107,121)(110,124)(111,125)(112,129)(114,132)(115,118)
        (119,133)(122,136)(123,137)(126,140)(127,141)(128,145)(130,148)(131,134)(135,149)(138,152)(139,153)
        (142,156)(143,157)(144,161)(146,164)(147,150)(151,165)(154,168)(155,169)(158,172)(159,173)(160,177)
        (162,180)(163,166)(167,181)(170,184)(171,185)(174,188)(175,189)(176,193)(178,196)(179,182)(183,197)
        (186,200)(187,201)(190,204)(191,205)(192,209)(194,212)(195,198)(199,213)(202,216)(203,217)(206,220)
        (207,221)(208,225)(210,228)(211,214)(215,229)(218,232)(219,233)(222,236)(223,268)(224,241)(226,244)
        (227,230)(231,245)(234,248)(235,239)(237,266)(238,265)(240,263)(242,271)(243,246)(247,264)(249,258)
        (250,257)(255,260)(261,270)(262,269)(267,272),
      nbP := 272,
      next := (  1,  2,  3,  4)(  5,  6,  7,  8)(  9, 10, 11, 12)( 13, 14, 15, 16)( 17, 18, 19, 20)
        ( 21, 22, 23, 24)( 25, 26, 27, 28)( 29, 30, 31, 32)( 33, 34, 35, 36)( 37, 38, 39, 40)( 41, 42, 43, 44)
        ( 45, 46, 47, 48)( 49, 50, 51, 52)( 53, 54, 55, 56)( 57, 58, 59, 60)( 61, 62, 63, 64)( 65, 66, 67, 68)
        ( 69, 70, 71, 72)( 73, 74, 75, 76)( 77, 78, 79, 80)( 81, 82, 83, 84)( 85, 86, 87, 88)( 89, 90, 91, 92)
        ( 93, 94, 95, 96)( 97, 98, 99,100)(101,102,103,104)(105,106,107,108)(109,110,111,112)(113,114,115,116)
        (117,118,119,120)(121,122,123,124)(125,126,127,128)(129,130,131,132)(133,134,135,136)(137,138,139,140)
        (141,142,143,144)(145,146,147,148)(149,150,151,152)(153,154,155,156)(157,158,159,160)(161,162,163,164)
        (165,166,167,168)(169,170,171,172)(173,174,175,176)(177,178,179,180)(181,182,183,184)(185,186,187,188)
        (189,190,191,192)(193,194,195,196)(197,198,199,200)(201,202,203,204)(205,206,207,208)(209,210,211,212)
        (213,214,215,216)(217,218,219,220)(221,222,223,224)(225,226,227,228)(229,230,231,232)(233,234,235,236)
        (237,238,239,240)(241,242,243,244)(245,246,247,248)(249,250,251,252)(253,254,255,256)(257,258,259,260)
        (261,262,263,264)(265,266,267,268)(269,270,271,272) ), rec(
      MapDEvert := [ 1, 1, 1, 1, 2, 2, 2, 2, 3, 3, 3, 3, 4, 4, 4, 4, 5, 5, 5, 5, 6, 6, 6, 6, 7, 7, 7, 7, 8, 
          8, 8, 8, 9, 9, 9, 9, 10, 10, 10, 10, 11, 11, 11, 11, 12, 12, 12, 12, 13, 13, 13, 13, 14, 14, 14, 
          14, 15, 15, 15, 15, 16, 16, 16, 16, 17, 17, 17, 17, 18, 18, 18, 18, 19, 19, 19, 19, 20, 20, 20, 20, 
          21, 21, 21, 21, 22, 22, 22, 22, 23, 23, 23, 23, 24, 24, 24, 24, 25, 25, 25, 25, 26, 26, 26, 26, 27, 
          27, 27, 27, 28, 28, 28, 28, 29, 29, 29, 29, 30, 30, 30, 30, 31, 31, 31, 31, 32, 32, 32, 32, 33, 33, 
          33, 33, 34, 34, 34, 34, 35, 35, 35, 35, 36, 36, 36, 36, 37, 37, 37, 37, 38, 38, 38, 38, 39, 39, 39, 
          39, 40, 40, 40, 40, 41, 41, 41, 41, 42, 42, 42, 42, 43, 43, 43, 43, 44, 44, 44, 44, 45, 45, 45, 45, 
          46, 46, 46, 46, 47, 47, 47, 47, 48, 48, 48, 48, 49, 49, 49, 49, 50, 50, 50, 50, 51, 51, 51, 51, 52, 
          52, 52, 52, 53, 53, 53, 53, 54, 54, 54, 54, 55, 55, 55, 55, 56, 56, 56, 56, 57, 57, 57, 57, 58, 58, 
          58, 58, 59, 59, 59, 59, 60, 60, 60, 60, 61, 61, 61, 61, 62, 62, 62, 62, 63, 63, 63, 63, 64, 64, 64, 
          64, 65, 65, 65, 65, 66, 66, 66, 66, 67, 67, 67, 67, 68, 68, 68, 68 ],
      MapVertDE := [ [ 1 .. 4 ], [ 5 .. 8 ], [ 9 .. 12 ], [ 13 .. 16 ], [ 17 .. 20 ], [ 21 .. 24 ], 
          [ 25 .. 28 ], [ 29 .. 32 ], [ 33 .. 36 ], [ 37 .. 40 ], [ 41 .. 44 ], [ 45 .. 48 ], [ 49 .. 52 ], 
          [ 53 .. 56 ], [ 57 .. 60 ], [ 61 .. 64 ], [ 65 .. 68 ], [ 69 .. 72 ], [ 73 .. 76 ], [ 77 .. 80 ], 
          [ 81 .. 84 ], [ 85 .. 88 ], [ 89 .. 92 ], [ 93 .. 96 ], [ 97 .. 100 ], [ 101 .. 104 ], 
          [ 105 .. 108 ], [ 109 .. 112 ], [ 113 .. 116 ], [ 117 .. 120 ], [ 121 .. 124 ], [ 125 .. 128 ], 
          [ 129 .. 132 ], [ 133 .. 136 ], [ 137 .. 140 ], [ 141 .. 144 ], [ 145 .. 148 ], [ 149 .. 152 ], 
          [ 153 .. 156 ], [ 157 .. 160 ], [ 161 .. 164 ], [ 165 .. 168 ], [ 169 .. 172 ], [ 173 .. 176 ], 
          [ 177 .. 180 ], [ 181 .. 184 ], [ 185 .. 188 ], [ 189 .. 192 ], [ 193 .. 196 ], [ 197 .. 200 ], 
          [ 201 .. 204 ], [ 205 .. 208 ], [ 209 .. 212 ], [ 213 .. 216 ], [ 217 .. 220 ], [ 221 .. 224 ], 
          [ 225 .. 228 ], [ 229 .. 232 ], [ 233 .. 236 ], [ 237 .. 240 ], [ 241 .. 244 ], [ 245 .. 248 ], 
          [ 249 .. 252 ], [ 253 .. 256 ], [ 257 .. 260 ], [ 261 .. 264 ], [ 265 .. 268 ], [ 269 .. 272 ] ],
      invers := (  1,266)(  2,265)(  3,  9)(  4, 14)(  5,268)(  6,267)(  7, 13)(  8, 10)( 11, 17)( 12, 22)
        ( 15, 21)( 16, 18)( 19, 25)( 20, 30)( 23, 29)( 24, 26)( 27, 33)( 28, 38)( 31, 37)( 32, 34)( 35, 41)
        ( 36, 46)( 39, 45)( 40, 42)( 43, 49)( 44, 54)( 47, 53)( 48, 50)( 51, 57)( 52, 62)( 55, 61)( 56, 58)
        ( 59, 65)( 60, 70)( 63, 69)( 64, 66)( 67, 73)( 68, 78)( 71, 77)( 72, 74)( 75, 81)( 76, 86)( 79, 85)
        ( 80, 82)( 83, 89)( 84, 94)( 87, 93)( 88, 90)( 91, 97)( 92,102)( 95,101)( 96, 98)( 99,105)(100,110)
        (103,109)(104,106)(107,113)(108,118)(111,117)(112,114)(115,121)(116,126)(119,125)(120,122)(123,129)
        (124,134)(127,133)(128,130)(131,137)(132,142)(135,141)(136,138)(139,145)(140,150)(143,149)(144,146)
        (147,153)(148,158)(151,157)(152,154)(155,161)(156,166)(159,165)(160,162)(163,169)(164,174)(167,173)
        (168,170)(171,177)(172,182)(175,181)(176,178)(179,185)(180,190)(183,189)(184,186)(187,193)(188,198)
        (191,197)(192,194)(195,201)(196,206)(199,205)(200,202)(203,209)(204,214)(207,213)(208,210)(211,217)
        (212,222)(215,221)(216,218)(219,225)(220,230)(223,229)(224,226)(227,233)(228,238)(231,237)(232,234)
        (235,241)(236,246)(239,245)(240,242)(243,249)(244,254)(247,253)(248,250)(251,257)(252,262)(255,261)
        (256,258)(259,272)(260,271)(263,270)(264,269),
      nbP := 272,
      next := (  1,  2,  3,  4)(  5,  6,  7,  8)(  9, 10, 11, 12)( 13, 14, 15, 16)( 17, 18, 19, 20)
        ( 21, 22, 23, 24)( 25, 26, 27, 28)( 29, 30, 31, 32)( 33, 34, 35, 36)( 37, 38, 39, 40)( 41, 42, 43, 44)
        ( 45, 46, 47, 48)( 49, 50, 51, 52)( 53, 54, 55, 56)( 57, 58, 59, 60)( 61, 62, 63, 64)( 65, 66, 67, 68)
        ( 69, 70, 71, 72)( 73, 74, 75, 76)( 77, 78, 79, 80)( 81, 82, 83, 84)( 85, 86, 87, 88)( 89, 90, 91, 92)
        ( 93, 94, 95, 96)( 97, 98, 99,100)(101,102,103,104)(105,106,107,108)(109,110,111,112)(113,114,115,116)
        (117,118,119,120)(121,122,123,124)(125,126,127,128)(129,130,131,132)(133,134,135,136)(137,138,139,140)
        (141,142,143,144)(145,146,147,148)(149,150,151,152)(153,154,155,156)(157,158,159,160)(161,162,163,164)
        (165,166,167,168)(169,170,171,172)(173,174,175,176)(177,178,179,180)(181,182,183,184)(185,186,187,188)
        (189,190,191,192)(193,194,195,196)(197,198,199,200)(201,202,203,204)(205,206,207,208)(209,210,211,212)
        (213,214,215,216)(217,218,219,220)(221,222,223,224)(225,226,227,228)(229,230,231,232)(233,234,235,236)
        (237,238,239,240)(241,242,243,244)(245,246,247,248)(249,250,251,252)(253,254,255,256)(257,258,259,260)
        (261,262,263,264)(265,266,267,268)(269,270,271,272) ), rec(
      invers := (  1,137)(  2,140)(  3,  5)(  4,138)(  6,144)(  7,  9)(  8,142)( 10,148)( 11, 13)( 12,146)
        ( 14,152)( 15, 17)( 16,150)( 18,156)( 19, 21)( 20,154)( 22,160)( 23, 25)( 24,158)( 26,164)( 27, 29)
        ( 28,162)( 30,168)( 31, 33)( 32,166)( 34,172)( 35, 37)( 36,170)( 38,176)( 39, 41)( 40,174)( 42,180)
        ( 43, 45)( 44,178)( 46,184)( 47, 49)( 48,182)( 50,188)( 51, 53)( 52,186)( 54,192)( 55, 57)( 56,190)
        ( 58,196)( 59, 61)( 60,194)( 62,200)( 63, 65)( 64,198)( 66,204)( 67, 69)( 68,202)( 70,208)( 71, 73)
        ( 72,206)( 74,212)( 75, 77)( 76,210)( 78,216)( 79, 81)( 80,214)( 82,220)( 83, 85)( 84,218)( 86,224)
        ( 87, 89)( 88,222)( 90,228)( 91, 93)( 92,226)( 94,232)( 95, 97)( 96,230)( 98,236)( 99,101)(100,234)
        (102,240)(103,105)(104,238)(106,244)(107,109)(108,242)(110,248)(111,113)(112,246)(114,252)(115,117)
        (116,250)(118,256)(119,121)(120,254)(122,260)(123,125)(124,258)(126,264)(127,129)(128,262)(130,268)
        (131,133)(132,266)(134,272)(135,271)(136,270)(139,141)(143,145)(147,149)(151,153)(155,157)(159,161)
        (163,165)(167,169)(171,173)(175,177)(179,181)(183,185)(187,189)(191,193)(195,197)(199,201)(203,205)
        (207,209)(211,213)(215,217)(219,221)(223,225)(227,229)(231,233)(235,237)(239,241)(243,245)(247,249)
        (251,253)(255,257)(259,261)(263,265)(267,269),
      nbP := 272,
      next := (  1,  2,  3,  4)(  5,  6,  7,  8)(  9, 10, 11, 12)( 13, 14, 15, 16)( 17, 18, 19, 20)
        ( 21, 22, 23, 24)( 25, 26, 27, 28)( 29, 30, 31, 32)( 33, 34, 35, 36)( 37, 38, 39, 40)( 41, 42, 43, 44)
        ( 45, 46, 47, 48)( 49, 50, 51, 52)( 53, 54, 55, 56)( 57, 58, 59, 60)( 61, 62, 63, 64)( 65, 66, 67, 68)
        ( 69, 70, 71, 72)( 73, 74, 75, 76)( 77, 78, 79, 80)( 81, 82, 83, 84)( 85, 86, 87, 88)( 89, 90, 91, 92)
        ( 93, 94, 95, 96)( 97, 98, 99,100)(101,102,103,104)(105,106,107,108)(109,110,111,112)(113,114,115,116)
        (117,118,119,120)(121,122,123,124)(125,126,127,128)(129,130,131,132)(133,134,135,136)(137,138,139,140)
        (141,142,143,144)(145,146,147,148)(149,150,151,152)(153,154,155,156)(157,158,159,160)(161,162,163,164)
        (165,166,167,168)(169,170,171,172)(173,174,175,176)(177,178,179,180)(181,182,183,184)(185,186,187,188)
        (189,190,191,192)(193,194,195,196)(197,198,199,200)(201,202,203,204)(205,206,207,208)(209,210,211,212)
        (213,214,215,216)(217,218,219,220)(221,222,223,224)(225,226,227,228)(229,230,231,232)(233,234,235,236)
        (237,238,239,240)(241,242,243,244)(245,246,247,248)(249,250,251,252)(253,254,255,256)(257,258,259,260)
        (261,262,263,264)(265,266,267,268)(269,270,271,272) ) ];
