return [ rec(
      MapDEvert := [ 1, 1, 1, 1, 2, 2, 2, 2, 3, 3, 3, 3, 4, 4, 4, 4, 5, 5, 5, 5, 6, 6, 6, 6, 7, 7, 7, 7, 8, 
          8, 8, 8, 9, 9, 9, 9, 10, 10, 10, 10, 11, 11, 11, 11, 12, 12, 12, 12, 13, 13, 13, 13, 14, 14, 14, 14 
         ],
      MapVertDE := [ [ 1 .. 4 ], [ 5 .. 8 ], [ 9 .. 12 ], [ 13 .. 16 ], [ 17 .. 20 ], [ 21 .. 24 ], 
          [ 25 .. 28 ], [ 29 .. 32 ], [ 33 .. 36 ], [ 37 .. 40 ], [ 41 .. 44 ], [ 45 .. 48 ], [ 49 .. 52 ], 
          [ 53 .. 56 ] ],
      invers := ( 1, 7)( 2, 9)( 3,13)( 4,19)( 5,42)( 6,41)( 8,48)(10,44)(11,25)(12,52)(14,51)(15,35)(16,37)
        (17,46)(18,45)(20,40)(21,43)(22,47)(23,39)(24,26)(27,55)(28,31)(29,50)(30,49)(32,36)(33,54)(34,53)
        (38,56),
      nbP := 56,
      next := ( 1, 2, 3, 4)( 5, 6, 7, 8)( 9,10,11,12)(13,14,15,16)(17,18,19,20)(21,22,23,24)(25,26,27,28)
        (29,30,31,32)(33,34,35,36)(37,38,39,40)(41,42,43,44)(45,46,47,48)(49,50,51,52)(53,54,55,56) ), rec(
      MapDEvert := [ 1, 1, 1, 1, 2, 2, 2, 2, 3, 3, 3, 3, 4, 4, 4, 4, 5, 5, 5, 5, 6, 6, 6, 6, 7, 7, 7, 7, 8, 
          8, 8, 8, 9, 9, 9, 9, 10, 10, 10, 10, 11, 11, 11, 11, 12, 12, 12, 12, 13, 13, 13, 13, 14, 14, 14, 14 
         ],
      MapVertDE := [ [ 1 .. 4 ], [ 5 .. 8 ], [ 9 .. 12 ], [ 13 .. 16 ], [ 17 .. 20 ], [ 21 .. 24 ], 
          [ 25 .. 28 ], [ 29 .. 32 ], [ 33 .. 36 ], [ 37 .. 40 ], [ 41 .. 44 ], [ 45 .. 48 ], [ 49 .. 52 ], 
          [ 53 .. 56 ] ],
      invers := ( 1,50)( 2,49)( 3, 9)( 4,14)( 5,52)( 6,51)( 7,13)( 8,10)(11,17)(12,22)(15,21)(16,18)(19,25)
        (20,30)(23,29)(24,26)(27,33)(28,38)(31,37)(32,34)(35,41)(36,46)(39,45)(40,42)(43,56)(44,55)(47,54)
        (48,53),
      nbP := 56,
      next := ( 1, 2, 3, 4)( 5, 6, 7, 8)( 9,10,11,12)(13,14,15,16)(17,18,19,20)(21,22,23,24)(25,26,27,28)
        (29,30,31,32)(33,34,35,36)(37,38,39,40)(41,42,43,44)(45,46,47,48)(49,50,51,52)(53,54,55,56) ), rec(
      invers := ( 1,29)( 2,32)( 3, 5)( 4,30)( 6,36)( 7, 9)( 8,34)(10,40)(11,13)(12,38)(14,44)(15,17)(16,42)
        (18,48)(19,21)(20,46)(22,52)(23,25)(24,50)(26,56)(27,55)(28,54)(31,33)(35,37)(39,41)(43,45)(47,49)
        (51,53),
      nbP := 56,
      next := ( 1, 2, 3, 4)( 5, 6, 7, 8)( 9,10,11,12)(13,14,15,16)(17,18,19,20)(21,22,23,24)(25,26,27,28)
        (29,30,31,32)(33,34,35,36)(37,38,39,40)(41,42,43,44)(45,46,47,48)(49,50,51,52)(53,54,55,56) ) ];
