return [ rec(
      MapDEvert := [ 1, 1, 1, 1, 2, 2, 2, 2, 3, 3, 3, 3, 4, 4, 4, 4, 5, 5, 5, 5, 6, 6, 6, 6, 7, 7, 7, 7, 8, 
          8, 8, 8, 9, 9, 9, 9, 10, 10, 10, 10, 11, 11, 11, 11, 12, 12, 12, 12, 13, 13, 13, 13, 14, 14, 14, 
          14, 15, 15, 15, 15, 16, 16, 16, 16, 17, 17, 17, 17, 18, 18, 18, 18, 19, 19, 19, 19, 20, 20, 20, 20, 
          21, 21, 21, 21, 22, 22, 22, 22, 23, 23, 23, 23, 24, 24, 24, 24, 25, 25, 25, 25, 26, 26, 26, 26, 27, 
          27, 27, 27, 28, 28, 28, 28, 29, 29, 29, 29, 30, 30, 30, 30, 31, 31, 31, 31, 32, 32, 32, 32, 33, 33, 
          33, 33, 34, 34, 34, 34, 35, 35, 35, 35, 36, 36, 36, 36, 37, 37, 37, 37, 38, 38, 38, 38, 39, 39, 39, 
          39, 40, 40, 40, 40, 41, 41, 41, 41, 42, 42, 42, 42, 43, 43, 43, 43, 44, 44, 44, 44, 45, 45, 45, 45, 
          46, 46, 46, 46, 47, 47, 47, 47, 48, 48, 48, 48, 49, 49, 49, 49, 50, 50, 50, 50, 51, 51, 51, 51, 52, 
          52, 52, 52, 53, 53, 53, 53, 54, 54, 54, 54 ],
      MapVertDE := [ [ 1 .. 4 ], [ 5 .. 8 ], [ 9 .. 12 ], [ 13 .. 16 ], [ 17 .. 20 ], [ 21 .. 24 ], 
          [ 25 .. 28 ], [ 29 .. 32 ], [ 33 .. 36 ], [ 37 .. 40 ], [ 41 .. 44 ], [ 45 .. 48 ], [ 49 .. 52 ], 
          [ 53 .. 56 ], [ 57 .. 60 ], [ 61 .. 64 ], [ 65 .. 68 ], [ 69 .. 72 ], [ 73 .. 76 ], [ 77 .. 80 ], 
          [ 81 .. 84 ], [ 85 .. 88 ], [ 89 .. 92 ], [ 93 .. 96 ], [ 97 .. 100 ], [ 101 .. 104 ], 
          [ 105 .. 108 ], [ 109 .. 112 ], [ 113 .. 116 ], [ 117 .. 120 ], [ 121 .. 124 ], [ 125 .. 128 ], 
          [ 129 .. 132 ], [ 133 .. 136 ], [ 137 .. 140 ], [ 141 .. 144 ], [ 145 .. 148 ], [ 149 .. 152 ], 
          [ 153 .. 156 ], [ 157 .. 160 ], [ 161 .. 164 ], [ 165 .. 168 ], [ 169 .. 172 ], [ 173 .. 176 ], 
          [ 177 .. 180 ], [ 181 .. 184 ], [ 185 .. 188 ], [ 189 .. 192 ], [ 193 .. 196 ], [ 197 .. 200 ], 
          [ 201 .. 204 ], [ 205 .. 208 ], [ 209 .. 212 ], [ 213 .. 216 ] ],
      invers := (  1,  5)(  2,  9)(  3, 13)(  4, 17)(  6, 21)(  7, 25)(  8, 29)( 10, 32)( 11, 33)( 12, 37)
        ( 14, 40)( 15, 41)( 16, 45)( 18, 48)( 19, 49)( 20, 22)( 23, 53)( 24, 57)( 26, 60)( 27, 61)( 28, 65)
        ( 30, 68)( 31, 69)( 34, 72)( 35, 73)( 36,204)( 38,203)( 39, 81)( 42, 84)( 43, 85)( 44, 89)( 46, 92)
        ( 47, 93)( 50, 96)( 51, 97)( 52, 54)( 55,103)( 56,105)( 58,108)( 59,109)( 62,112)( 63,212)( 64,117)
        ( 66,120)( 67,121)( 70,124)( 71,125)( 74,128)( 75,129)( 76, 79)( 77,202)( 78,201)( 80, 82)( 83,132)
        ( 86,131)( 87,135)( 88,137)( 90,140)( 91,141)( 94,144)( 95,145)( 98,148)( 99,149)(100,104)(101,206)
        (102,205)(106,208)(107,153)(110,156)(111,115)(113,210)(114,209)(116,157)(118,164)(119,165)(122,168)
        (123,169)(126,172)(127,173)(130,176)(133,214)(134,213)(136,175)(138,216)(139,181)(142,184)(143,185)
        (146,188)(147,189)(150,192)(151,154)(152,207)(155,158)(159,191)(160,162)(161,211)(163,193)(166,196)
        (167,197)(170,200)(171,179)(174,178)(177,215)(180,182)(183,199)(186,198)(187,195)(190,194),
      nbP := 216,
      next := (  1,  2,  3,  4)(  5,  6,  7,  8)(  9, 10, 11, 12)( 13, 14, 15, 16)( 17, 18, 19, 20)
        ( 21, 22, 23, 24)( 25, 26, 27, 28)( 29, 30, 31, 32)( 33, 34, 35, 36)( 37, 38, 39, 40)( 41, 42, 43, 44)
        ( 45, 46, 47, 48)( 49, 50, 51, 52)( 53, 54, 55, 56)( 57, 58, 59, 60)( 61, 62, 63, 64)( 65, 66, 67, 68)
        ( 69, 70, 71, 72)( 73, 74, 75, 76)( 77, 78, 79, 80)( 81, 82, 83, 84)( 85, 86, 87, 88)( 89, 90, 91, 92)
        ( 93, 94, 95, 96)( 97, 98, 99,100)(101,102,103,104)(105,106,107,108)(109,110,111,112)(113,114,115,116)
        (117,118,119,120)(121,122,123,124)(125,126,127,128)(129,130,131,132)(133,134,135,136)(137,138,139,140)
        (141,142,143,144)(145,146,147,148)(149,150,151,152)(153,154,155,156)(157,158,159,160)(161,162,163,164)
        (165,166,167,168)(169,170,171,172)(173,174,175,176)(177,178,179,180)(181,182,183,184)(185,186,187,188)
        (189,190,191,192)(193,194,195,196)(197,198,199,200)(201,202,203,204)(205,206,207,208)(209,210,211,212)
        (213,214,215,216) ), rec(
      MapDEvert := [ 1, 1, 1, 1, 2, 2, 2, 2, 3, 3, 3, 3, 4, 4, 4, 4, 5, 5, 5, 5, 6, 6, 6, 6, 7, 7, 7, 7, 8, 
          8, 8, 8, 9, 9, 9, 9, 10, 10, 10, 10, 11, 11, 11, 11, 12, 12, 12, 12, 13, 13, 13, 13, 14, 14, 14, 
          14, 15, 15, 15, 15, 16, 16, 16, 16, 17, 17, 17, 17, 18, 18, 18, 18, 19, 19, 19, 19, 20, 20, 20, 20, 
          21, 21, 21, 21, 22, 22, 22, 22, 23, 23, 23, 23, 24, 24, 24, 24, 25, 25, 25, 25, 26, 26, 26, 26, 27, 
          27, 27, 27, 28, 28, 28, 28, 29, 29, 29, 29, 30, 30, 30, 30, 31, 31, 31, 31, 32, 32, 32, 32, 33, 33, 
          33, 33, 34, 34, 34, 34, 35, 35, 35, 35, 36, 36, 36, 36, 37, 37, 37, 37, 38, 38, 38, 38, 39, 39, 39, 
          39, 40, 40, 40, 40, 41, 41, 41, 41, 42, 42, 42, 42, 43, 43, 43, 43, 44, 44, 44, 44, 45, 45, 45, 45, 
          46, 46, 46, 46, 47, 47, 47, 47, 48, 48, 48, 48, 49, 49, 49, 49, 50, 50, 50, 50, 51, 51, 51, 51, 52, 
          52, 52, 52, 53, 53, 53, 53, 54, 54, 54, 54 ],
      MapVertDE := [ [ 1 .. 4 ], [ 5 .. 8 ], [ 9 .. 12 ], [ 13 .. 16 ], [ 17 .. 20 ], [ 21 .. 24 ], 
          [ 25 .. 28 ], [ 29 .. 32 ], [ 33 .. 36 ], [ 37 .. 40 ], [ 41 .. 44 ], [ 45 .. 48 ], [ 49 .. 52 ], 
          [ 53 .. 56 ], [ 57 .. 60 ], [ 61 .. 64 ], [ 65 .. 68 ], [ 69 .. 72 ], [ 73 .. 76 ], [ 77 .. 80 ], 
          [ 81 .. 84 ], [ 85 .. 88 ], [ 89 .. 92 ], [ 93 .. 96 ], [ 97 .. 100 ], [ 101 .. 104 ], 
          [ 105 .. 108 ], [ 109 .. 112 ], [ 113 .. 116 ], [ 117 .. 120 ], [ 121 .. 124 ], [ 125 .. 128 ], 
          [ 129 .. 132 ], [ 133 .. 136 ], [ 137 .. 140 ], [ 141 .. 144 ], [ 145 .. 148 ], [ 149 .. 152 ], 
          [ 153 .. 156 ], [ 157 .. 160 ], [ 161 .. 164 ], [ 165 .. 168 ], [ 169 .. 172 ], [ 173 .. 176 ], 
          [ 177 .. 180 ], [ 181 .. 184 ], [ 185 .. 188 ], [ 189 .. 192 ], [ 193 .. 196 ], [ 197 .. 200 ], 
          [ 201 .. 204 ], [ 205 .. 208 ], [ 209 .. 212 ], [ 213 .. 216 ] ],
      invers := (  1,  5)(  2,  9)(  3, 13)(  4, 17)(  6, 21)(  7, 25)(  8, 29)( 10, 32)( 11, 33)( 12, 37)
        ( 14, 40)( 15, 41)( 16, 45)( 18, 48)( 19, 49)( 20, 22)( 23, 53)( 24, 57)( 26, 60)( 27, 61)( 28, 65)
        ( 30, 68)( 31, 69)( 34, 72)( 35, 73)( 36,204)( 38,203)( 39, 81)( 42, 84)( 43, 85)( 44, 89)( 46, 92)
        ( 47, 93)( 50, 96)( 51, 97)( 52, 54)( 55,101)( 56,208)( 58,207)( 59,109)( 62,112)( 63,113)( 64,117)
        ( 66,120)( 67,121)( 70,124)( 71,125)( 74,128)( 75,129)( 76, 79)( 77,202)( 78,201)( 80, 82)( 83,132)
        ( 86,131)( 87,135)( 88,137)( 90,140)( 91,141)( 94,144)( 95,145)( 98,148)( 99,149)(100,102)(103,153)
        (104,107)(105,206)(106,205)(108,110)(111,156)(114,155)(115,159)(116,161)(118,164)(119,165)(122,168)
        (123,169)(126,172)(127,173)(130,176)(133,210)(134,209)(136,175)(138,212)(139,181)(142,184)(143,185)
        (146,188)(147,189)(150,192)(151,160)(152,154)(157,214)(158,213)(162,216)(163,193)(166,196)(167,197)
        (170,200)(171,179)(174,178)(177,211)(180,182)(183,199)(186,198)(187,195)(190,194)(191,215),
      nbP := 216,
      next := (  1,  2,  3,  4)(  5,  6,  7,  8)(  9, 10, 11, 12)( 13, 14, 15, 16)( 17, 18, 19, 20)
        ( 21, 22, 23, 24)( 25, 26, 27, 28)( 29, 30, 31, 32)( 33, 34, 35, 36)( 37, 38, 39, 40)( 41, 42, 43, 44)
        ( 45, 46, 47, 48)( 49, 50, 51, 52)( 53, 54, 55, 56)( 57, 58, 59, 60)( 61, 62, 63, 64)( 65, 66, 67, 68)
        ( 69, 70, 71, 72)( 73, 74, 75, 76)( 77, 78, 79, 80)( 81, 82, 83, 84)( 85, 86, 87, 88)( 89, 90, 91, 92)
        ( 93, 94, 95, 96)( 97, 98, 99,100)(101,102,103,104)(105,106,107,108)(109,110,111,112)(113,114,115,116)
        (117,118,119,120)(121,122,123,124)(125,126,127,128)(129,130,131,132)(133,134,135,136)(137,138,139,140)
        (141,142,143,144)(145,146,147,148)(149,150,151,152)(153,154,155,156)(157,158,159,160)(161,162,163,164)
        (165,166,167,168)(169,170,171,172)(173,174,175,176)(177,178,179,180)(181,182,183,184)(185,186,187,188)
        (189,190,191,192)(193,194,195,196)(197,198,199,200)(201,202,203,204)(205,206,207,208)(209,210,211,212)
        (213,214,215,216) ), rec(
      MapDEvert := [ 1, 1, 1, 1, 2, 2, 2, 2, 3, 3, 3, 3, 4, 4, 4, 4, 5, 5, 5, 5, 6, 6, 6, 6, 7, 7, 7, 7, 8, 
          8, 8, 8, 9, 9, 9, 9, 10, 10, 10, 10, 11, 11, 11, 11, 12, 12, 12, 12, 13, 13, 13, 13, 14, 14, 14, 
          14, 15, 15, 15, 15, 16, 16, 16, 16, 17, 17, 17, 17, 18, 18, 18, 18, 19, 19, 19, 19, 20, 20, 20, 20, 
          21, 21, 21, 21, 22, 22, 22, 22, 23, 23, 23, 23, 24, 24, 24, 24, 25, 25, 25, 25, 26, 26, 26, 26, 27, 
          27, 27, 27, 28, 28, 28, 28, 29, 29, 29, 29, 30, 30, 30, 30, 31, 31, 31, 31, 32, 32, 32, 32, 33, 33, 
          33, 33, 34, 34, 34, 34, 35, 35, 35, 35, 36, 36, 36, 36, 37, 37, 37, 37, 38, 38, 38, 38, 39, 39, 39, 
          39, 40, 40, 40, 40, 41, 41, 41, 41, 42, 42, 42, 42, 43, 43, 43, 43, 44, 44, 44, 44, 45, 45, 45, 45, 
          46, 46, 46, 46, 47, 47, 47, 47, 48, 48, 48, 48, 49, 49, 49, 49, 50, 50, 50, 50, 51, 51, 51, 51, 52, 
          52, 52, 52, 53, 53, 53, 53, 54, 54, 54, 54 ],
      MapVertDE := [ [ 1 .. 4 ], [ 5 .. 8 ], [ 9 .. 12 ], [ 13 .. 16 ], [ 17 .. 20 ], [ 21 .. 24 ], 
          [ 25 .. 28 ], [ 29 .. 32 ], [ 33 .. 36 ], [ 37 .. 40 ], [ 41 .. 44 ], [ 45 .. 48 ], [ 49 .. 52 ], 
          [ 53 .. 56 ], [ 57 .. 60 ], [ 61 .. 64 ], [ 65 .. 68 ], [ 69 .. 72 ], [ 73 .. 76 ], [ 77 .. 80 ], 
          [ 81 .. 84 ], [ 85 .. 88 ], [ 89 .. 92 ], [ 93 .. 96 ], [ 97 .. 100 ], [ 101 .. 104 ], 
          [ 105 .. 108 ], [ 109 .. 112 ], [ 113 .. 116 ], [ 117 .. 120 ], [ 121 .. 124 ], [ 125 .. 128 ], 
          [ 129 .. 132 ], [ 133 .. 136 ], [ 137 .. 140 ], [ 141 .. 144 ], [ 145 .. 148 ], [ 149 .. 152 ], 
          [ 153 .. 156 ], [ 157 .. 160 ], [ 161 .. 164 ], [ 165 .. 168 ], [ 169 .. 172 ], [ 173 .. 176 ], 
          [ 177 .. 180 ], [ 181 .. 184 ], [ 185 .. 188 ], [ 189 .. 192 ], [ 193 .. 196 ], [ 197 .. 200 ], 
          [ 201 .. 204 ], [ 205 .. 208 ], [ 209 .. 212 ], [ 213 .. 216 ] ],
      invers := (  1,  5)(  2,  9)(  3, 13)(  4, 17)(  6, 21)(  7, 25)(  8, 29)( 10, 32)( 11, 33)( 12, 37)
        ( 14, 40)( 15,204)( 16, 45)( 18, 48)( 19, 49)( 20, 22)( 23, 53)( 24, 57)( 26, 60)( 27, 61)( 28, 65)
        ( 30, 68)( 31, 69)( 34, 72)( 35, 73)( 36, 77)( 38, 80)( 39, 43)( 41,202)( 42,201)( 44, 81)( 46, 88)
        ( 47, 89)( 50, 92)( 51, 93)( 52, 54)( 55, 97)( 56,101)( 58,104)( 59,105)( 62,108)( 63,109)( 64,113)
        ( 66,116)( 67,208)( 70,207)( 71,121)( 74,124)( 75,125)( 76,129)( 78,132)( 79, 82)( 83,133)( 84, 86)
        ( 85,203)( 87,137)( 90,140)( 91,141)( 94,144)( 95,145)( 96, 98)( 99,149)(100,153)(102,156)(103,212)
        (106,211)(107,161)(110,164)(111,165)(112,169)(114,172)(115,119)(117,206)(118,205)(120,122)(123,171)
        (126,170)(127,168)(128,173)(130,176)(131,134)(135,177)(136,138)(139,181)(142,184)(143,216)(146,215)
        (147,189)(148,150)(151,193)(152,197)(154,200)(155,159)(157,210)(158,209)(160,162)(163,199)(166,198)
        (167,196)(174,195)(175,178)(179,191)(180,182)(183,187)(185,214)(186,213)(188,190)(192,194),
      nbP := 216,
      next := (  1,  2,  3,  4)(  5,  6,  7,  8)(  9, 10, 11, 12)( 13, 14, 15, 16)( 17, 18, 19, 20)
        ( 21, 22, 23, 24)( 25, 26, 27, 28)( 29, 30, 31, 32)( 33, 34, 35, 36)( 37, 38, 39, 40)( 41, 42, 43, 44)
        ( 45, 46, 47, 48)( 49, 50, 51, 52)( 53, 54, 55, 56)( 57, 58, 59, 60)( 61, 62, 63, 64)( 65, 66, 67, 68)
        ( 69, 70, 71, 72)( 73, 74, 75, 76)( 77, 78, 79, 80)( 81, 82, 83, 84)( 85, 86, 87, 88)( 89, 90, 91, 92)
        ( 93, 94, 95, 96)( 97, 98, 99,100)(101,102,103,104)(105,106,107,108)(109,110,111,112)(113,114,115,116)
        (117,118,119,120)(121,122,123,124)(125,126,127,128)(129,130,131,132)(133,134,135,136)(137,138,139,140)
        (141,142,143,144)(145,146,147,148)(149,150,151,152)(153,154,155,156)(157,158,159,160)(161,162,163,164)
        (165,166,167,168)(169,170,171,172)(173,174,175,176)(177,178,179,180)(181,182,183,184)(185,186,187,188)
        (189,190,191,192)(193,194,195,196)(197,198,199,200)(201,202,203,204)(205,206,207,208)(209,210,211,212)
        (213,214,215,216) ), rec(
      MapDEvert := [ 1, 1, 1, 1, 2, 2, 2, 2, 3, 3, 3, 3, 4, 4, 4, 4, 5, 5, 5, 5, 6, 6, 6, 6, 7, 7, 7, 7, 8, 
          8, 8, 8, 9, 9, 9, 9, 10, 10, 10, 10, 11, 11, 11, 11, 12, 12, 12, 12, 13, 13, 13, 13, 14, 14, 14, 
          14, 15, 15, 15, 15, 16, 16, 16, 16, 17, 17, 17, 17, 18, 18, 18, 18, 19, 19, 19, 19, 20, 20, 20, 20, 
          21, 21, 21, 21, 22, 22, 22, 22, 23, 23, 23, 23, 24, 24, 24, 24, 25, 25, 25, 25, 26, 26, 26, 26, 27, 
          27, 27, 27, 28, 28, 28, 28, 29, 29, 29, 29, 30, 30, 30, 30, 31, 31, 31, 31, 32, 32, 32, 32, 33, 33, 
          33, 33, 34, 34, 34, 34, 35, 35, 35, 35, 36, 36, 36, 36, 37, 37, 37, 37, 38, 38, 38, 38, 39, 39, 39, 
          39, 40, 40, 40, 40, 41, 41, 41, 41, 42, 42, 42, 42, 43, 43, 43, 43, 44, 44, 44, 44, 45, 45, 45, 45, 
          46, 46, 46, 46, 47, 47, 47, 47, 48, 48, 48, 48, 49, 49, 49, 49, 50, 50, 50, 50, 51, 51, 51, 51, 52, 
          52, 52, 52, 53, 53, 53, 53, 54, 54, 54, 54 ],
      MapVertDE := [ [ 1 .. 4 ], [ 5 .. 8 ], [ 9 .. 12 ], [ 13 .. 16 ], [ 17 .. 20 ], [ 21 .. 24 ], 
          [ 25 .. 28 ], [ 29 .. 32 ], [ 33 .. 36 ], [ 37 .. 40 ], [ 41 .. 44 ], [ 45 .. 48 ], [ 49 .. 52 ], 
          [ 53 .. 56 ], [ 57 .. 60 ], [ 61 .. 64 ], [ 65 .. 68 ], [ 69 .. 72 ], [ 73 .. 76 ], [ 77 .. 80 ], 
          [ 81 .. 84 ], [ 85 .. 88 ], [ 89 .. 92 ], [ 93 .. 96 ], [ 97 .. 100 ], [ 101 .. 104 ], 
          [ 105 .. 108 ], [ 109 .. 112 ], [ 113 .. 116 ], [ 117 .. 120 ], [ 121 .. 124 ], [ 125 .. 128 ], 
          [ 129 .. 132 ], [ 133 .. 136 ], [ 137 .. 140 ], [ 141 .. 144 ], [ 145 .. 148 ], [ 149 .. 152 ], 
          [ 153 .. 156 ], [ 157 .. 160 ], [ 161 .. 164 ], [ 165 .. 168 ], [ 169 .. 172 ], [ 173 .. 176 ], 
          [ 177 .. 180 ], [ 181 .. 184 ], [ 185 .. 188 ], [ 189 .. 192 ], [ 193 .. 196 ], [ 197 .. 200 ], 
          [ 201 .. 204 ], [ 205 .. 208 ], [ 209 .. 212 ], [ 213 .. 216 ] ],
      invers := (  1,  5)(  2,  9)(  3, 13)(  4, 17)(  6, 21)(  7, 25)(  8, 29)( 10, 32)( 11, 33)( 12, 37)
        ( 14, 40)( 15,204)( 16, 45)( 18, 48)( 19, 49)( 20, 22)( 23, 53)( 24, 57)( 26, 60)( 27, 61)( 28, 65)
        ( 30, 68)( 31, 69)( 34, 72)( 35, 73)( 36, 77)( 38, 80)( 39, 43)( 41,202)( 42,201)( 44, 81)( 46, 88)
        ( 47,208)( 50,207)( 51, 93)( 52, 54)( 55, 97)( 56,101)( 58,104)( 59,105)( 62,108)( 63,109)( 64,113)
        ( 66,116)( 67,117)( 70,120)( 71,121)( 74,124)( 75,102)( 76,100)( 78, 99)( 79, 82)( 83, 95)( 84, 86)
        ( 85,203)( 87, 91)( 89,206)( 90,205)( 92, 94)( 96, 98)(103,125)(106,128)(107,129)(110,132)(111,133)
        (112,137)(114,140)(115,141)(118,144)(119,145)(122,148)(123,126)(127,149)(130,152)(131,153)(134,156)
        (135,159)(136,161)(138,164)(139,165)(142,168)(143,169)(146,172)(147,150)(151,173)(154,176)(155,177)
        (157,210)(158,209)(160,180)(162,212)(163,185)(166,188)(167,189)(170,192)(171,174)(175,193)(178,196)
        (179,182)(181,211)(183,199)(184,186)(187,216)(190,215)(191,194)(195,200)(197,214)(198,213),
      nbP := 216,
      next := (  1,  2,  3,  4)(  5,  6,  7,  8)(  9, 10, 11, 12)( 13, 14, 15, 16)( 17, 18, 19, 20)
        ( 21, 22, 23, 24)( 25, 26, 27, 28)( 29, 30, 31, 32)( 33, 34, 35, 36)( 37, 38, 39, 40)( 41, 42, 43, 44)
        ( 45, 46, 47, 48)( 49, 50, 51, 52)( 53, 54, 55, 56)( 57, 58, 59, 60)( 61, 62, 63, 64)( 65, 66, 67, 68)
        ( 69, 70, 71, 72)( 73, 74, 75, 76)( 77, 78, 79, 80)( 81, 82, 83, 84)( 85, 86, 87, 88)( 89, 90, 91, 92)
        ( 93, 94, 95, 96)( 97, 98, 99,100)(101,102,103,104)(105,106,107,108)(109,110,111,112)(113,114,115,116)
        (117,118,119,120)(121,122,123,124)(125,126,127,128)(129,130,131,132)(133,134,135,136)(137,138,139,140)
        (141,142,143,144)(145,146,147,148)(149,150,151,152)(153,154,155,156)(157,158,159,160)(161,162,163,164)
        (165,166,167,168)(169,170,171,172)(173,174,175,176)(177,178,179,180)(181,182,183,184)(185,186,187,188)
        (189,190,191,192)(193,194,195,196)(197,198,199,200)(201,202,203,204)(205,206,207,208)(209,210,211,212)
        (213,214,215,216) ), rec(
      MapDEvert := [ 1, 1, 1, 1, 2, 2, 2, 2, 3, 3, 3, 3, 4, 4, 4, 4, 5, 5, 5, 5, 6, 6, 6, 6, 7, 7, 7, 7, 8, 
          8, 8, 8, 9, 9, 9, 9, 10, 10, 10, 10, 11, 11, 11, 11, 12, 12, 12, 12, 13, 13, 13, 13, 14, 14, 14, 
          14, 15, 15, 15, 15, 16, 16, 16, 16, 17, 17, 17, 17, 18, 18, 18, 18, 19, 19, 19, 19, 20, 20, 20, 20, 
          21, 21, 21, 21, 22, 22, 22, 22, 23, 23, 23, 23, 24, 24, 24, 24, 25, 25, 25, 25, 26, 26, 26, 26, 27, 
          27, 27, 27, 28, 28, 28, 28, 29, 29, 29, 29, 30, 30, 30, 30, 31, 31, 31, 31, 32, 32, 32, 32, 33, 33, 
          33, 33, 34, 34, 34, 34, 35, 35, 35, 35, 36, 36, 36, 36, 37, 37, 37, 37, 38, 38, 38, 38, 39, 39, 39, 
          39, 40, 40, 40, 40, 41, 41, 41, 41, 42, 42, 42, 42, 43, 43, 43, 43, 44, 44, 44, 44, 45, 45, 45, 45, 
          46, 46, 46, 46, 47, 47, 47, 47, 48, 48, 48, 48, 49, 49, 49, 49, 50, 50, 50, 50, 51, 51, 51, 51, 52, 
          52, 52, 52, 53, 53, 53, 53, 54, 54, 54, 54 ],
      MapVertDE := [ [ 1 .. 4 ], [ 5 .. 8 ], [ 9 .. 12 ], [ 13 .. 16 ], [ 17 .. 20 ], [ 21 .. 24 ], 
          [ 25 .. 28 ], [ 29 .. 32 ], [ 33 .. 36 ], [ 37 .. 40 ], [ 41 .. 44 ], [ 45 .. 48 ], [ 49 .. 52 ], 
          [ 53 .. 56 ], [ 57 .. 60 ], [ 61 .. 64 ], [ 65 .. 68 ], [ 69 .. 72 ], [ 73 .. 76 ], [ 77 .. 80 ], 
          [ 81 .. 84 ], [ 85 .. 88 ], [ 89 .. 92 ], [ 93 .. 96 ], [ 97 .. 100 ], [ 101 .. 104 ], 
          [ 105 .. 108 ], [ 109 .. 112 ], [ 113 .. 116 ], [ 117 .. 120 ], [ 121 .. 124 ], [ 125 .. 128 ], 
          [ 129 .. 132 ], [ 133 .. 136 ], [ 137 .. 140 ], [ 141 .. 144 ], [ 145 .. 148 ], [ 149 .. 152 ], 
          [ 153 .. 156 ], [ 157 .. 160 ], [ 161 .. 164 ], [ 165 .. 168 ], [ 169 .. 172 ], [ 173 .. 176 ], 
          [ 177 .. 180 ], [ 181 .. 184 ], [ 185 .. 188 ], [ 189 .. 192 ], [ 193 .. 196 ], [ 197 .. 200 ], 
          [ 201 .. 204 ], [ 205 .. 208 ], [ 209 .. 212 ], [ 213 .. 216 ] ],
      invers := (  1,  5)(  2,  9)(  3, 13)(  4, 17)(  6, 21)(  7,204)(  8, 29)( 10, 32)( 11, 33)( 12, 37)
        ( 14, 40)( 15, 41)( 16, 45)( 18, 48)( 19, 49)( 20, 22)( 23, 53)( 24, 27)( 25,202)( 26,201)( 28, 57)
        ( 30, 64)( 31, 65)( 34, 68)( 35, 69)( 36, 73)( 38, 76)( 39, 77)( 42, 80)( 43, 81)( 44, 85)( 46, 88)
        ( 47, 89)( 50, 92)( 51, 95)( 52, 54)( 55,208)( 56, 58)( 59, 97)( 60, 62)( 61,203)( 63,101)( 66,104)
        ( 67,105)( 70,108)( 71,109)( 72,113)( 74,116)( 75,117)( 78,120)( 79,121)( 82,124)( 83,125)( 84,129)
        ( 86,132)( 87,133)( 90,136)( 91,137)( 93,206)( 94,205)( 96,140)( 98,207)( 99,139)(100,102)(103,141)
        (106,144)(107,145)(110,148)(111,149)(112,153)(114,156)(115,157)(118,160)(119,161)(122,164)(123,165)
        (126,168)(127,169)(128,151)(130,150)(131,147)(134,146)(135,143)(138,142)(152,173)(154,176)(155,177)
        (158,180)(159,181)(162,184)(163,212)(166,211)(167,189)(170,192)(171,195)(172,174)(175,216)(178,215)
        (179,197)(182,200)(183,187)(185,210)(186,209)(188,190)(191,199)(193,214)(194,213)(196,198),
      nbP := 216,
      next := (  1,  2,  3,  4)(  5,  6,  7,  8)(  9, 10, 11, 12)( 13, 14, 15, 16)( 17, 18, 19, 20)
        ( 21, 22, 23, 24)( 25, 26, 27, 28)( 29, 30, 31, 32)( 33, 34, 35, 36)( 37, 38, 39, 40)( 41, 42, 43, 44)
        ( 45, 46, 47, 48)( 49, 50, 51, 52)( 53, 54, 55, 56)( 57, 58, 59, 60)( 61, 62, 63, 64)( 65, 66, 67, 68)
        ( 69, 70, 71, 72)( 73, 74, 75, 76)( 77, 78, 79, 80)( 81, 82, 83, 84)( 85, 86, 87, 88)( 89, 90, 91, 92)
        ( 93, 94, 95, 96)( 97, 98, 99,100)(101,102,103,104)(105,106,107,108)(109,110,111,112)(113,114,115,116)
        (117,118,119,120)(121,122,123,124)(125,126,127,128)(129,130,131,132)(133,134,135,136)(137,138,139,140)
        (141,142,143,144)(145,146,147,148)(149,150,151,152)(153,154,155,156)(157,158,159,160)(161,162,163,164)
        (165,166,167,168)(169,170,171,172)(173,174,175,176)(177,178,179,180)(181,182,183,184)(185,186,187,188)
        (189,190,191,192)(193,194,195,196)(197,198,199,200)(201,202,203,204)(205,206,207,208)(209,210,211,212)
        (213,214,215,216) ), rec(
      MapDEvert := [ 1, 1, 1, 1, 2, 2, 2, 2, 3, 3, 3, 3, 4, 4, 4, 4, 5, 5, 5, 5, 6, 6, 6, 6, 7, 7, 7, 7, 8, 
          8, 8, 8, 9, 9, 9, 9, 10, 10, 10, 10, 11, 11, 11, 11, 12, 12, 12, 12, 13, 13, 13, 13, 14, 14, 14, 
          14, 15, 15, 15, 15, 16, 16, 16, 16, 17, 17, 17, 17, 18, 18, 18, 18, 19, 19, 19, 19, 20, 20, 20, 20, 
          21, 21, 21, 21, 22, 22, 22, 22, 23, 23, 23, 23, 24, 24, 24, 24, 25, 25, 25, 25, 26, 26, 26, 26, 27, 
          27, 27, 27, 28, 28, 28, 28, 29, 29, 29, 29, 30, 30, 30, 30, 31, 31, 31, 31, 32, 32, 32, 32, 33, 33, 
          33, 33, 34, 34, 34, 34, 35, 35, 35, 35, 36, 36, 36, 36, 37, 37, 37, 37, 38, 38, 38, 38, 39, 39, 39, 
          39, 40, 40, 40, 40, 41, 41, 41, 41, 42, 42, 42, 42, 43, 43, 43, 43, 44, 44, 44, 44, 45, 45, 45, 45, 
          46, 46, 46, 46, 47, 47, 47, 47, 48, 48, 48, 48, 49, 49, 49, 49, 50, 50, 50, 50, 51, 51, 51, 51, 52, 
          52, 52, 52, 53, 53, 53, 53, 54, 54, 54, 54 ],
      MapVertDE := [ [ 1 .. 4 ], [ 5 .. 8 ], [ 9 .. 12 ], [ 13 .. 16 ], [ 17 .. 20 ], [ 21 .. 24 ], 
          [ 25 .. 28 ], [ 29 .. 32 ], [ 33 .. 36 ], [ 37 .. 40 ], [ 41 .. 44 ], [ 45 .. 48 ], [ 49 .. 52 ], 
          [ 53 .. 56 ], [ 57 .. 60 ], [ 61 .. 64 ], [ 65 .. 68 ], [ 69 .. 72 ], [ 73 .. 76 ], [ 77 .. 80 ], 
          [ 81 .. 84 ], [ 85 .. 88 ], [ 89 .. 92 ], [ 93 .. 96 ], [ 97 .. 100 ], [ 101 .. 104 ], 
          [ 105 .. 108 ], [ 109 .. 112 ], [ 113 .. 116 ], [ 117 .. 120 ], [ 121 .. 124 ], [ 125 .. 128 ], 
          [ 129 .. 132 ], [ 133 .. 136 ], [ 137 .. 140 ], [ 141 .. 144 ], [ 145 .. 148 ], [ 149 .. 152 ], 
          [ 153 .. 156 ], [ 157 .. 160 ], [ 161 .. 164 ], [ 165 .. 168 ], [ 169 .. 172 ], [ 173 .. 176 ], 
          [ 177 .. 180 ], [ 181 .. 184 ], [ 185 .. 188 ], [ 189 .. 192 ], [ 193 .. 196 ], [ 197 .. 200 ], 
          [ 201 .. 204 ], [ 205 .. 208 ], [ 209 .. 212 ], [ 213 .. 216 ] ],
      invers := (  1,  7)(  2,  9)(  3, 13)(  4, 17)(  5,202)(  6,201)(  8, 21)( 10,204)( 11, 29)( 12, 33)
        ( 14, 36)( 15, 37)( 16, 41)( 18, 44)( 19, 45)( 20, 22)( 23, 49)( 24, 26)( 25,203)( 27, 53)( 28, 30)
        ( 31, 57)( 32, 61)( 34, 64)( 35, 65)( 38, 68)( 39, 69)( 40, 73)( 42, 76)( 43, 77)( 46, 80)( 47, 81)
        ( 48, 50)( 51, 85)( 52, 54)( 55, 89)( 56, 58)( 59, 93)( 60, 97)( 62,100)( 63,101)( 66,104)( 67,105)
        ( 70,108)( 71,109)( 72,113)( 74,116)( 75,117)( 78,120)( 79,121)( 82,124)( 83,125)( 84, 86)( 87,129)
        ( 88, 90)( 91,133)( 92, 94)( 95,137)( 96,141)( 98,144)( 99,208)(102,207)(103,149)(106,152)(107,153)
        (110,156)(111,157)(112,161)(114,164)(115,212)(118,211)(119,169)(122,172)(123,173)(126,176)(127,179)
        (128,130)(131,216)(132,134)(135,181)(136,138)(139,185)(140,189)(142,192)(143,147)(145,206)(146,205)
        (148,150)(151,191)(154,190)(155,188)(158,187)(159,193)(160,197)(162,200)(163,167)(165,210)(166,209)
        (168,170)(171,199)(174,198)(175,196)(177,214)(178,213)(180,195)(182,215)(183,194)(184,186),
      nbP := 216,
      next := (  1,  2,  3,  4)(  5,  6,  7,  8)(  9, 10, 11, 12)( 13, 14, 15, 16)( 17, 18, 19, 20)
        ( 21, 22, 23, 24)( 25, 26, 27, 28)( 29, 30, 31, 32)( 33, 34, 35, 36)( 37, 38, 39, 40)( 41, 42, 43, 44)
        ( 45, 46, 47, 48)( 49, 50, 51, 52)( 53, 54, 55, 56)( 57, 58, 59, 60)( 61, 62, 63, 64)( 65, 66, 67, 68)
        ( 69, 70, 71, 72)( 73, 74, 75, 76)( 77, 78, 79, 80)( 81, 82, 83, 84)( 85, 86, 87, 88)( 89, 90, 91, 92)
        ( 93, 94, 95, 96)( 97, 98, 99,100)(101,102,103,104)(105,106,107,108)(109,110,111,112)(113,114,115,116)
        (117,118,119,120)(121,122,123,124)(125,126,127,128)(129,130,131,132)(133,134,135,136)(137,138,139,140)
        (141,142,143,144)(145,146,147,148)(149,150,151,152)(153,154,155,156)(157,158,159,160)(161,162,163,164)
        (165,166,167,168)(169,170,171,172)(173,174,175,176)(177,178,179,180)(181,182,183,184)(185,186,187,188)
        (189,190,191,192)(193,194,195,196)(197,198,199,200)(201,202,203,204)(205,206,207,208)(209,210,211,212)
        (213,214,215,216) ), rec(
      MapDEvert := [ 1, 1, 1, 1, 2, 2, 2, 2, 3, 3, 3, 3, 4, 4, 4, 4, 5, 5, 5, 5, 6, 6, 6, 6, 7, 7, 7, 7, 8, 
          8, 8, 8, 9, 9, 9, 9, 10, 10, 10, 10, 11, 11, 11, 11, 12, 12, 12, 12, 13, 13, 13, 13, 14, 14, 14, 
          14, 15, 15, 15, 15, 16, 16, 16, 16, 17, 17, 17, 17, 18, 18, 18, 18, 19, 19, 19, 19, 20, 20, 20, 20, 
          21, 21, 21, 21, 22, 22, 22, 22, 23, 23, 23, 23, 24, 24, 24, 24, 25, 25, 25, 25, 26, 26, 26, 26, 27, 
          27, 27, 27, 28, 28, 28, 28, 29, 29, 29, 29, 30, 30, 30, 30, 31, 31, 31, 31, 32, 32, 32, 32, 33, 33, 
          33, 33, 34, 34, 34, 34, 35, 35, 35, 35, 36, 36, 36, 36, 37, 37, 37, 37, 38, 38, 38, 38, 39, 39, 39, 
          39, 40, 40, 40, 40, 41, 41, 41, 41, 42, 42, 42, 42, 43, 43, 43, 43, 44, 44, 44, 44, 45, 45, 45, 45, 
          46, 46, 46, 46, 47, 47, 47, 47, 48, 48, 48, 48, 49, 49, 49, 49, 50, 50, 50, 50, 51, 51, 51, 51, 52, 
          52, 52, 52, 53, 53, 53, 53, 54, 54, 54, 54 ],
      MapVertDE := [ [ 1 .. 4 ], [ 5 .. 8 ], [ 9 .. 12 ], [ 13 .. 16 ], [ 17 .. 20 ], [ 21 .. 24 ], 
          [ 25 .. 28 ], [ 29 .. 32 ], [ 33 .. 36 ], [ 37 .. 40 ], [ 41 .. 44 ], [ 45 .. 48 ], [ 49 .. 52 ], 
          [ 53 .. 56 ], [ 57 .. 60 ], [ 61 .. 64 ], [ 65 .. 68 ], [ 69 .. 72 ], [ 73 .. 76 ], [ 77 .. 80 ], 
          [ 81 .. 84 ], [ 85 .. 88 ], [ 89 .. 92 ], [ 93 .. 96 ], [ 97 .. 100 ], [ 101 .. 104 ], 
          [ 105 .. 108 ], [ 109 .. 112 ], [ 113 .. 116 ], [ 117 .. 120 ], [ 121 .. 124 ], [ 125 .. 128 ], 
          [ 129 .. 132 ], [ 133 .. 136 ], [ 137 .. 140 ], [ 141 .. 144 ], [ 145 .. 148 ], [ 149 .. 152 ], 
          [ 153 .. 156 ], [ 157 .. 160 ], [ 161 .. 164 ], [ 165 .. 168 ], [ 169 .. 172 ], [ 173 .. 176 ], 
          [ 177 .. 180 ], [ 181 .. 184 ], [ 185 .. 188 ], [ 189 .. 192 ], [ 193 .. 196 ], [ 197 .. 200 ], 
          [ 201 .. 204 ], [ 205 .. 208 ], [ 209 .. 212 ], [ 213 .. 216 ] ],
      invers := (  1,  7)(  2,  9)(  3, 13)(  4, 17)(  5,202)(  6,201)(  8, 21)( 10,204)( 11, 29)( 12, 33)
        ( 14, 36)( 15, 39)( 16, 41)( 18, 44)( 19, 45)( 20, 22)( 23, 49)( 24, 26)( 25,203)( 27, 53)( 28, 30)
        ( 31, 57)( 32, 61)( 34, 64)( 35, 65)( 37,206)( 38,205)( 40, 68)( 42,208)( 43, 73)( 46, 76)( 47, 77)
        ( 48, 50)( 51, 81)( 52, 54)( 55, 85)( 56, 58)( 59, 89)( 60, 93)( 62, 96)( 63, 97)( 66,100)( 67, 70)
        ( 69,207)( 71,101)( 72, 74)( 75,105)( 78,108)( 79,109)( 80, 82)( 83,113)( 84, 86)( 87,117)( 88, 90)
        ( 91,121)( 92,125)( 94,128)( 95,129)( 98,132)( 99,102)(103,133)(104,106)(107,137)(110,140)(111,141)
        (112,114)(115,145)(116,118)(119,149)(120,122)(123,153)(124,157)(126,160)(127,161)(130,164)(131,134)
        (135,165)(136,138)(139,169)(142,172)(143,175)(144,146)(147,212)(148,150)(151,177)(152,154)(155,181)
        (156,216)(158,215)(159,189)(162,192)(163,166)(167,193)(168,170)(171,197)(173,210)(174,209)(176,200)
        (178,211)(179,199)(180,182)(183,195)(184,187)(185,214)(186,213)(188,190)(191,194)(196,198),
      nbP := 216,
      next := (  1,  2,  3,  4)(  5,  6,  7,  8)(  9, 10, 11, 12)( 13, 14, 15, 16)( 17, 18, 19, 20)
        ( 21, 22, 23, 24)( 25, 26, 27, 28)( 29, 30, 31, 32)( 33, 34, 35, 36)( 37, 38, 39, 40)( 41, 42, 43, 44)
        ( 45, 46, 47, 48)( 49, 50, 51, 52)( 53, 54, 55, 56)( 57, 58, 59, 60)( 61, 62, 63, 64)( 65, 66, 67, 68)
        ( 69, 70, 71, 72)( 73, 74, 75, 76)( 77, 78, 79, 80)( 81, 82, 83, 84)( 85, 86, 87, 88)( 89, 90, 91, 92)
        ( 93, 94, 95, 96)( 97, 98, 99,100)(101,102,103,104)(105,106,107,108)(109,110,111,112)(113,114,115,116)
        (117,118,119,120)(121,122,123,124)(125,126,127,128)(129,130,131,132)(133,134,135,136)(137,138,139,140)
        (141,142,143,144)(145,146,147,148)(149,150,151,152)(153,154,155,156)(157,158,159,160)(161,162,163,164)
        (165,166,167,168)(169,170,171,172)(173,174,175,176)(177,178,179,180)(181,182,183,184)(185,186,187,188)
        (189,190,191,192)(193,194,195,196)(197,198,199,200)(201,202,203,204)(205,206,207,208)(209,210,211,212)
        (213,214,215,216) ), rec(
      MapDEvert := [ 1, 1, 1, 1, 2, 2, 2, 2, 3, 3, 3, 3, 4, 4, 4, 4, 5, 5, 5, 5, 6, 6, 6, 6, 7, 7, 7, 7, 8, 
          8, 8, 8, 9, 9, 9, 9, 10, 10, 10, 10, 11, 11, 11, 11, 12, 12, 12, 12, 13, 13, 13, 13, 14, 14, 14, 
          14, 15, 15, 15, 15, 16, 16, 16, 16, 17, 17, 17, 17, 18, 18, 18, 18, 19, 19, 19, 19, 20, 20, 20, 20, 
          21, 21, 21, 21, 22, 22, 22, 22, 23, 23, 23, 23, 24, 24, 24, 24, 25, 25, 25, 25, 26, 26, 26, 26, 27, 
          27, 27, 27, 28, 28, 28, 28, 29, 29, 29, 29, 30, 30, 30, 30, 31, 31, 31, 31, 32, 32, 32, 32, 33, 33, 
          33, 33, 34, 34, 34, 34, 35, 35, 35, 35, 36, 36, 36, 36, 37, 37, 37, 37, 38, 38, 38, 38, 39, 39, 39, 
          39, 40, 40, 40, 40, 41, 41, 41, 41, 42, 42, 42, 42, 43, 43, 43, 43, 44, 44, 44, 44, 45, 45, 45, 45, 
          46, 46, 46, 46, 47, 47, 47, 47, 48, 48, 48, 48, 49, 49, 49, 49, 50, 50, 50, 50, 51, 51, 51, 51, 52, 
          52, 52, 52, 53, 53, 53, 53, 54, 54, 54, 54 ],
      MapVertDE := [ [ 1 .. 4 ], [ 5 .. 8 ], [ 9 .. 12 ], [ 13 .. 16 ], [ 17 .. 20 ], [ 21 .. 24 ], 
          [ 25 .. 28 ], [ 29 .. 32 ], [ 33 .. 36 ], [ 37 .. 40 ], [ 41 .. 44 ], [ 45 .. 48 ], [ 49 .. 52 ], 
          [ 53 .. 56 ], [ 57 .. 60 ], [ 61 .. 64 ], [ 65 .. 68 ], [ 69 .. 72 ], [ 73 .. 76 ], [ 77 .. 80 ], 
          [ 81 .. 84 ], [ 85 .. 88 ], [ 89 .. 92 ], [ 93 .. 96 ], [ 97 .. 100 ], [ 101 .. 104 ], 
          [ 105 .. 108 ], [ 109 .. 112 ], [ 113 .. 116 ], [ 117 .. 120 ], [ 121 .. 124 ], [ 125 .. 128 ], 
          [ 129 .. 132 ], [ 133 .. 136 ], [ 137 .. 140 ], [ 141 .. 144 ], [ 145 .. 148 ], [ 149 .. 152 ], 
          [ 153 .. 156 ], [ 157 .. 160 ], [ 161 .. 164 ], [ 165 .. 168 ], [ 169 .. 172 ], [ 173 .. 176 ], 
          [ 177 .. 180 ], [ 181 .. 184 ], [ 185 .. 188 ], [ 189 .. 192 ], [ 193 .. 196 ], [ 197 .. 200 ], 
          [ 201 .. 204 ], [ 205 .. 208 ], [ 209 .. 212 ], [ 213 .. 216 ] ],
      invers := (  1,  7)(  2,  9)(  3, 13)(  4, 19)(  5,202)(  6,201)(  8,208)( 10,204)( 11, 25)( 12, 29)
        ( 14, 32)( 15, 33)( 16, 37)( 17,206)( 18,205)( 20, 40)( 21,203)( 22,207)( 23, 39)( 24, 26)( 27, 41)
        ( 28, 45)( 30, 48)( 31, 49)( 34, 52)( 35, 53)( 36, 43)( 38, 42)( 44, 57)( 46, 60)( 47, 61)( 50, 64)
        ( 51, 65)( 54, 68)( 55, 69)( 56, 58)( 59, 73)( 62, 76)( 63, 77)( 66, 80)( 67, 81)( 70, 84)( 71, 85)
        ( 72, 74)( 75, 89)( 78, 92)( 79, 93)( 82, 96)( 83, 97)( 86,100)( 87,101)( 88, 90)( 91,105)( 94,108)
        ( 95,109)( 98,112)( 99,113)(102,116)(103,117)(104,106)(107,121)(110,124)(111,125)(114,128)(115,129)
        (118,132)(119,133)(120,122)(123,137)(126,140)(127,141)(130,144)(131,145)(134,148)(135,149)(136,138)
        (139,153)(142,156)(143,157)(146,160)(147,161)(150,164)(151,165)(152,154)(155,169)(158,172)(159,173)
        (162,176)(163,177)(166,180)(167,181)(168,170)(171,185)(174,188)(175,189)(178,192)(179,212)(182,211)
        (183,199)(184,186)(187,216)(190,215)(191,195)(193,210)(194,209)(196,200)(197,214)(198,213),
      nbP := 216,
      next := (  1,  2,  3,  4)(  5,  6,  7,  8)(  9, 10, 11, 12)( 13, 14, 15, 16)( 17, 18, 19, 20)
        ( 21, 22, 23, 24)( 25, 26, 27, 28)( 29, 30, 31, 32)( 33, 34, 35, 36)( 37, 38, 39, 40)( 41, 42, 43, 44)
        ( 45, 46, 47, 48)( 49, 50, 51, 52)( 53, 54, 55, 56)( 57, 58, 59, 60)( 61, 62, 63, 64)( 65, 66, 67, 68)
        ( 69, 70, 71, 72)( 73, 74, 75, 76)( 77, 78, 79, 80)( 81, 82, 83, 84)( 85, 86, 87, 88)( 89, 90, 91, 92)
        ( 93, 94, 95, 96)( 97, 98, 99,100)(101,102,103,104)(105,106,107,108)(109,110,111,112)(113,114,115,116)
        (117,118,119,120)(121,122,123,124)(125,126,127,128)(129,130,131,132)(133,134,135,136)(137,138,139,140)
        (141,142,143,144)(145,146,147,148)(149,150,151,152)(153,154,155,156)(157,158,159,160)(161,162,163,164)
        (165,166,167,168)(169,170,171,172)(173,174,175,176)(177,178,179,180)(181,182,183,184)(185,186,187,188)
        (189,190,191,192)(193,194,195,196)(197,198,199,200)(201,202,203,204)(205,206,207,208)(209,210,211,212)
        (213,214,215,216) ), rec(
      MapDEvert := [ 1, 1, 1, 1, 2, 2, 2, 2, 3, 3, 3, 3, 4, 4, 4, 4, 5, 5, 5, 5, 6, 6, 6, 6, 7, 7, 7, 7, 8, 
          8, 8, 8, 9, 9, 9, 9, 10, 10, 10, 10, 11, 11, 11, 11, 12, 12, 12, 12, 13, 13, 13, 13, 14, 14, 14, 
          14, 15, 15, 15, 15, 16, 16, 16, 16, 17, 17, 17, 17, 18, 18, 18, 18, 19, 19, 19, 19, 20, 20, 20, 20, 
          21, 21, 21, 21, 22, 22, 22, 22, 23, 23, 23, 23, 24, 24, 24, 24, 25, 25, 25, 25, 26, 26, 26, 26, 27, 
          27, 27, 27, 28, 28, 28, 28, 29, 29, 29, 29, 30, 30, 30, 30, 31, 31, 31, 31, 32, 32, 32, 32, 33, 33, 
          33, 33, 34, 34, 34, 34, 35, 35, 35, 35, 36, 36, 36, 36, 37, 37, 37, 37, 38, 38, 38, 38, 39, 39, 39, 
          39, 40, 40, 40, 40, 41, 41, 41, 41, 42, 42, 42, 42, 43, 43, 43, 43, 44, 44, 44, 44, 45, 45, 45, 45, 
          46, 46, 46, 46, 47, 47, 47, 47, 48, 48, 48, 48, 49, 49, 49, 49, 50, 50, 50, 50, 51, 51, 51, 51, 52, 
          52, 52, 52, 53, 53, 53, 53, 54, 54, 54, 54 ],
      MapVertDE := [ [ 1 .. 4 ], [ 5 .. 8 ], [ 9 .. 12 ], [ 13 .. 16 ], [ 17 .. 20 ], [ 21 .. 24 ], 
          [ 25 .. 28 ], [ 29 .. 32 ], [ 33 .. 36 ], [ 37 .. 40 ], [ 41 .. 44 ], [ 45 .. 48 ], [ 49 .. 52 ], 
          [ 53 .. 56 ], [ 57 .. 60 ], [ 61 .. 64 ], [ 65 .. 68 ], [ 69 .. 72 ], [ 73 .. 76 ], [ 77 .. 80 ], 
          [ 81 .. 84 ], [ 85 .. 88 ], [ 89 .. 92 ], [ 93 .. 96 ], [ 97 .. 100 ], [ 101 .. 104 ], 
          [ 105 .. 108 ], [ 109 .. 112 ], [ 113 .. 116 ], [ 117 .. 120 ], [ 121 .. 124 ], [ 125 .. 128 ], 
          [ 129 .. 132 ], [ 133 .. 136 ], [ 137 .. 140 ], [ 141 .. 144 ], [ 145 .. 148 ], [ 149 .. 152 ], 
          [ 153 .. 156 ], [ 157 .. 160 ], [ 161 .. 164 ], [ 165 .. 168 ], [ 169 .. 172 ], [ 173 .. 176 ], 
          [ 177 .. 180 ], [ 181 .. 184 ], [ 185 .. 188 ], [ 189 .. 192 ], [ 193 .. 196 ], [ 197 .. 200 ], 
          [ 201 .. 204 ], [ 205 .. 208 ], [ 209 .. 212 ], [ 213 .. 216 ] ],
      invers := (  1,  5)(  2,204)(  3, 13)(  4, 19)(  6,208)(  7, 21)(  8, 11)(  9,202)( 10,201)( 12, 25)
        ( 14, 32)( 15, 33)( 16, 37)( 17,206)( 18,205)( 20, 40)( 22, 44)( 23, 45)( 24, 26)( 27, 49)( 28, 30)
        ( 29,203)( 31, 53)( 34, 56)( 35, 57)( 36, 61)( 38, 64)( 39, 42)( 41,207)( 43, 65)( 46, 68)( 47, 69)
        ( 48, 50)( 51, 73)( 52, 54)( 55, 77)( 58, 80)( 59, 81)( 60, 85)( 62, 88)( 63, 66)( 67, 89)( 70, 92)
        ( 71, 93)( 72, 74)( 75, 97)( 76, 78)( 79,101)( 82,104)( 83,105)( 84,109)( 86,112)( 87, 90)( 91,113)
        ( 94,116)( 95,117)( 96, 98)( 99,121)(100,102)(103,125)(106,128)(107,129)(108,133)(110,136)(111,114)
        (115,137)(118,140)(119,141)(120,122)(123,145)(124,126)(127,149)(130,152)(131,153)(132,157)(134,160)
        (135,138)(139,161)(142,164)(143,165)(144,146)(147,169)(148,150)(151,173)(154,176)(155,177)(156,181)
        (158,184)(159,162)(163,185)(166,188)(167,189)(168,170)(171,195)(172,174)(175,212)(178,211)(179,191)
        (180,216)(182,215)(183,186)(187,200)(190,199)(192,196)(193,210)(194,209)(197,214)(198,213),
      nbP := 216,
      next := (  1,  2,  3,  4)(  5,  6,  7,  8)(  9, 10, 11, 12)( 13, 14, 15, 16)( 17, 18, 19, 20)
        ( 21, 22, 23, 24)( 25, 26, 27, 28)( 29, 30, 31, 32)( 33, 34, 35, 36)( 37, 38, 39, 40)( 41, 42, 43, 44)
        ( 45, 46, 47, 48)( 49, 50, 51, 52)( 53, 54, 55, 56)( 57, 58, 59, 60)( 61, 62, 63, 64)( 65, 66, 67, 68)
        ( 69, 70, 71, 72)( 73, 74, 75, 76)( 77, 78, 79, 80)( 81, 82, 83, 84)( 85, 86, 87, 88)( 89, 90, 91, 92)
        ( 93, 94, 95, 96)( 97, 98, 99,100)(101,102,103,104)(105,106,107,108)(109,110,111,112)(113,114,115,116)
        (117,118,119,120)(121,122,123,124)(125,126,127,128)(129,130,131,132)(133,134,135,136)(137,138,139,140)
        (141,142,143,144)(145,146,147,148)(149,150,151,152)(153,154,155,156)(157,158,159,160)(161,162,163,164)
        (165,166,167,168)(169,170,171,172)(173,174,175,176)(177,178,179,180)(181,182,183,184)(185,186,187,188)
        (189,190,191,192)(193,194,195,196)(197,198,199,200)(201,202,203,204)(205,206,207,208)(209,210,211,212)
        (213,214,215,216) ), rec(
      MapDEvert := [ 1, 1, 1, 1, 2, 2, 2, 2, 3, 3, 3, 3, 4, 4, 4, 4, 5, 5, 5, 5, 6, 6, 6, 6, 7, 7, 7, 7, 8, 
          8, 8, 8, 9, 9, 9, 9, 10, 10, 10, 10, 11, 11, 11, 11, 12, 12, 12, 12, 13, 13, 13, 13, 14, 14, 14, 
          14, 15, 15, 15, 15, 16, 16, 16, 16, 17, 17, 17, 17, 18, 18, 18, 18, 19, 19, 19, 19, 20, 20, 20, 20, 
          21, 21, 21, 21, 22, 22, 22, 22, 23, 23, 23, 23, 24, 24, 24, 24, 25, 25, 25, 25, 26, 26, 26, 26, 27, 
          27, 27, 27, 28, 28, 28, 28, 29, 29, 29, 29, 30, 30, 30, 30, 31, 31, 31, 31, 32, 32, 32, 32, 33, 33, 
          33, 33, 34, 34, 34, 34, 35, 35, 35, 35, 36, 36, 36, 36, 37, 37, 37, 37, 38, 38, 38, 38, 39, 39, 39, 
          39, 40, 40, 40, 40, 41, 41, 41, 41, 42, 42, 42, 42, 43, 43, 43, 43, 44, 44, 44, 44, 45, 45, 45, 45, 
          46, 46, 46, 46, 47, 47, 47, 47, 48, 48, 48, 48, 49, 49, 49, 49, 50, 50, 50, 50, 51, 51, 51, 51, 52, 
          52, 52, 52, 53, 53, 53, 53, 54, 54, 54, 54 ],
      MapVertDE := [ [ 1 .. 4 ], [ 5 .. 8 ], [ 9 .. 12 ], [ 13 .. 16 ], [ 17 .. 20 ], [ 21 .. 24 ], 
          [ 25 .. 28 ], [ 29 .. 32 ], [ 33 .. 36 ], [ 37 .. 40 ], [ 41 .. 44 ], [ 45 .. 48 ], [ 49 .. 52 ], 
          [ 53 .. 56 ], [ 57 .. 60 ], [ 61 .. 64 ], [ 65 .. 68 ], [ 69 .. 72 ], [ 73 .. 76 ], [ 77 .. 80 ], 
          [ 81 .. 84 ], [ 85 .. 88 ], [ 89 .. 92 ], [ 93 .. 96 ], [ 97 .. 100 ], [ 101 .. 104 ], 
          [ 105 .. 108 ], [ 109 .. 112 ], [ 113 .. 116 ], [ 117 .. 120 ], [ 121 .. 124 ], [ 125 .. 128 ], 
          [ 129 .. 132 ], [ 133 .. 136 ], [ 137 .. 140 ], [ 141 .. 144 ], [ 145 .. 148 ], [ 149 .. 152 ], 
          [ 153 .. 156 ], [ 157 .. 160 ], [ 161 .. 164 ], [ 165 .. 168 ], [ 169 .. 172 ], [ 173 .. 176 ], 
          [ 177 .. 180 ], [ 181 .. 184 ], [ 185 .. 188 ], [ 189 .. 192 ], [ 193 .. 196 ], [ 197 .. 200 ], 
          [ 201 .. 204 ], [ 205 .. 208 ], [ 209 .. 212 ], [ 213 .. 216 ] ],
      invers := (  1,202)(  2,201)(  3, 13)(  4, 17)(  5,203)(  6, 20)(  7, 21)(  8, 25)(  9,204)( 10, 28)
        ( 11, 31)( 12, 14)( 15,208)( 16, 33)( 18, 36)( 19, 37)( 22, 40)( 23, 41)( 24, 45)( 26, 48)( 27, 49)
        ( 29,206)( 30,205)( 32, 52)( 34, 56)( 35, 57)( 38, 60)( 39, 61)( 42, 64)( 43, 65)( 44, 69)( 46, 72)
        ( 47, 73)( 50, 76)( 51, 54)( 53,207)( 55, 77)( 58, 80)( 59, 81)( 62, 84)( 63, 85)( 66, 88)( 67, 89)
        ( 68, 93)( 70, 96)( 71, 97)( 74,100)( 75, 78)( 79,101)( 82,104)( 83,105)( 86,108)( 87,109)( 90,112)
        ( 91,113)( 92,117)( 94,120)( 95,121)( 98,124)( 99,102)(103,125)(106,128)(107,129)(110,132)(111,133)
        (114,136)(115,137)(116,141)(118,144)(119,145)(122,148)(123,126)(127,149)(130,152)(131,153)(134,156)
        (135,157)(138,160)(139,163)(140,165)(142,168)(143,169)(146,172)(147,150)(151,173)(154,176)(155,177)
        (158,180)(159,181)(161,210)(162,209)(164,184)(166,212)(167,189)(170,192)(171,174)(175,193)(178,196)
        (179,216)(182,215)(183,186)(185,211)(187,200)(188,190)(191,194)(195,199)(197,214)(198,213),
      nbP := 216,
      next := (  1,  2,  3,  4)(  5,  6,  7,  8)(  9, 10, 11, 12)( 13, 14, 15, 16)( 17, 18, 19, 20)
        ( 21, 22, 23, 24)( 25, 26, 27, 28)( 29, 30, 31, 32)( 33, 34, 35, 36)( 37, 38, 39, 40)( 41, 42, 43, 44)
        ( 45, 46, 47, 48)( 49, 50, 51, 52)( 53, 54, 55, 56)( 57, 58, 59, 60)( 61, 62, 63, 64)( 65, 66, 67, 68)
        ( 69, 70, 71, 72)( 73, 74, 75, 76)( 77, 78, 79, 80)( 81, 82, 83, 84)( 85, 86, 87, 88)( 89, 90, 91, 92)
        ( 93, 94, 95, 96)( 97, 98, 99,100)(101,102,103,104)(105,106,107,108)(109,110,111,112)(113,114,115,116)
        (117,118,119,120)(121,122,123,124)(125,126,127,128)(129,130,131,132)(133,134,135,136)(137,138,139,140)
        (141,142,143,144)(145,146,147,148)(149,150,151,152)(153,154,155,156)(157,158,159,160)(161,162,163,164)
        (165,166,167,168)(169,170,171,172)(173,174,175,176)(177,178,179,180)(181,182,183,184)(185,186,187,188)
        (189,190,191,192)(193,194,195,196)(197,198,199,200)(201,202,203,204)(205,206,207,208)(209,210,211,212)
        (213,214,215,216) ), rec(
      MapDEvert := [ 1, 1, 1, 1, 2, 2, 2, 2, 3, 3, 3, 3, 4, 4, 4, 4, 5, 5, 5, 5, 6, 6, 6, 6, 7, 7, 7, 7, 8, 
          8, 8, 8, 9, 9, 9, 9, 10, 10, 10, 10, 11, 11, 11, 11, 12, 12, 12, 12, 13, 13, 13, 13, 14, 14, 14, 
          14, 15, 15, 15, 15, 16, 16, 16, 16, 17, 17, 17, 17, 18, 18, 18, 18, 19, 19, 19, 19, 20, 20, 20, 20, 
          21, 21, 21, 21, 22, 22, 22, 22, 23, 23, 23, 23, 24, 24, 24, 24, 25, 25, 25, 25, 26, 26, 26, 26, 27, 
          27, 27, 27, 28, 28, 28, 28, 29, 29, 29, 29, 30, 30, 30, 30, 31, 31, 31, 31, 32, 32, 32, 32, 33, 33, 
          33, 33, 34, 34, 34, 34, 35, 35, 35, 35, 36, 36, 36, 36, 37, 37, 37, 37, 38, 38, 38, 38, 39, 39, 39, 
          39, 40, 40, 40, 40, 41, 41, 41, 41, 42, 42, 42, 42, 43, 43, 43, 43, 44, 44, 44, 44, 45, 45, 45, 45, 
          46, 46, 46, 46, 47, 47, 47, 47, 48, 48, 48, 48, 49, 49, 49, 49, 50, 50, 50, 50, 51, 51, 51, 51, 52, 
          52, 52, 52, 53, 53, 53, 53, 54, 54, 54, 54 ],
      MapVertDE := [ [ 1 .. 4 ], [ 5 .. 8 ], [ 9 .. 12 ], [ 13 .. 16 ], [ 17 .. 20 ], [ 21 .. 24 ], 
          [ 25 .. 28 ], [ 29 .. 32 ], [ 33 .. 36 ], [ 37 .. 40 ], [ 41 .. 44 ], [ 45 .. 48 ], [ 49 .. 52 ], 
          [ 53 .. 56 ], [ 57 .. 60 ], [ 61 .. 64 ], [ 65 .. 68 ], [ 69 .. 72 ], [ 73 .. 76 ], [ 77 .. 80 ], 
          [ 81 .. 84 ], [ 85 .. 88 ], [ 89 .. 92 ], [ 93 .. 96 ], [ 97 .. 100 ], [ 101 .. 104 ], 
          [ 105 .. 108 ], [ 109 .. 112 ], [ 113 .. 116 ], [ 117 .. 120 ], [ 121 .. 124 ], [ 125 .. 128 ], 
          [ 129 .. 132 ], [ 133 .. 136 ], [ 137 .. 140 ], [ 141 .. 144 ], [ 145 .. 148 ], [ 149 .. 152 ], 
          [ 153 .. 156 ], [ 157 .. 160 ], [ 161 .. 164 ], [ 165 .. 168 ], [ 169 .. 172 ], [ 173 .. 176 ], 
          [ 177 .. 180 ], [ 181 .. 184 ], [ 185 .. 188 ], [ 189 .. 192 ], [ 193 .. 196 ], [ 197 .. 200 ], 
          [ 201 .. 204 ], [ 205 .. 208 ], [ 209 .. 212 ], [ 213 .. 216 ] ],
      invers := (  1,210)(  2,209)(  3,  9)(  4, 14)(  5,212)(  6,211)(  7, 13)(  8, 10)( 11, 17)( 12, 22)
        ( 15, 21)( 16, 18)( 19, 25)( 20, 30)( 23, 29)( 24, 26)( 27, 33)( 28, 38)( 31, 37)( 32, 34)( 35, 41)
        ( 36, 46)( 39, 45)( 40, 42)( 43, 49)( 44, 54)( 47, 53)( 48, 50)( 51, 57)( 52, 62)( 55, 61)( 56, 58)
        ( 59, 65)( 60, 70)( 63, 69)( 64, 66)( 67, 73)( 68, 78)( 71, 77)( 72, 74)( 75, 81)( 76, 86)( 79, 85)
        ( 80, 82)( 83, 89)( 84, 94)( 87, 93)( 88, 90)( 91, 97)( 92,102)( 95,101)( 96, 98)( 99,105)(100,110)
        (103,109)(104,106)(107,113)(108,118)(111,117)(112,114)(115,121)(116,126)(119,125)(120,122)(123,129)
        (124,134)(127,133)(128,130)(131,137)(132,142)(135,141)(136,138)(139,145)(140,150)(143,149)(144,146)
        (147,153)(148,158)(151,157)(152,154)(155,161)(156,166)(159,165)(160,162)(163,169)(164,174)(167,173)
        (168,170)(171,177)(172,182)(175,181)(176,178)(179,185)(180,190)(183,189)(184,186)(187,193)(188,198)
        (191,197)(192,194)(195,201)(196,206)(199,205)(200,202)(203,216)(204,215)(207,214)(208,213),
      nbP := 216,
      next := (  1,  2,  3,  4)(  5,  6,  7,  8)(  9, 10, 11, 12)( 13, 14, 15, 16)( 17, 18, 19, 20)
        ( 21, 22, 23, 24)( 25, 26, 27, 28)( 29, 30, 31, 32)( 33, 34, 35, 36)( 37, 38, 39, 40)( 41, 42, 43, 44)
        ( 45, 46, 47, 48)( 49, 50, 51, 52)( 53, 54, 55, 56)( 57, 58, 59, 60)( 61, 62, 63, 64)( 65, 66, 67, 68)
        ( 69, 70, 71, 72)( 73, 74, 75, 76)( 77, 78, 79, 80)( 81, 82, 83, 84)( 85, 86, 87, 88)( 89, 90, 91, 92)
        ( 93, 94, 95, 96)( 97, 98, 99,100)(101,102,103,104)(105,106,107,108)(109,110,111,112)(113,114,115,116)
        (117,118,119,120)(121,122,123,124)(125,126,127,128)(129,130,131,132)(133,134,135,136)(137,138,139,140)
        (141,142,143,144)(145,146,147,148)(149,150,151,152)(153,154,155,156)(157,158,159,160)(161,162,163,164)
        (165,166,167,168)(169,170,171,172)(173,174,175,176)(177,178,179,180)(181,182,183,184)(185,186,187,188)
        (189,190,191,192)(193,194,195,196)(197,198,199,200)(201,202,203,204)(205,206,207,208)(209,210,211,212)
        (213,214,215,216) ), rec(
      invers := (  1,109)(  2,112)(  3,  5)(  4,110)(  6,116)(  7,  9)(  8,114)( 10,120)( 11, 13)( 12,118)
        ( 14,124)( 15, 17)( 16,122)( 18,128)( 19, 21)( 20,126)( 22,132)( 23, 25)( 24,130)( 26,136)( 27, 29)
        ( 28,134)( 30,140)( 31, 33)( 32,138)( 34,144)( 35, 37)( 36,142)( 38,148)( 39, 41)( 40,146)( 42,152)
        ( 43, 45)( 44,150)( 46,156)( 47, 49)( 48,154)( 50,160)( 51, 53)( 52,158)( 54,164)( 55, 57)( 56,162)
        ( 58,168)( 59, 61)( 60,166)( 62,172)( 63, 65)( 64,170)( 66,176)( 67, 69)( 68,174)( 70,180)( 71, 73)
        ( 72,178)( 74,184)( 75, 77)( 76,182)( 78,188)( 79, 81)( 80,186)( 82,192)( 83, 85)( 84,190)( 86,196)
        ( 87, 89)( 88,194)( 90,200)( 91, 93)( 92,198)( 94,204)( 95, 97)( 96,202)( 98,208)( 99,101)(100,206)
        (102,212)(103,105)(104,210)(106,216)(107,215)(108,214)(111,113)(115,117)(119,121)(123,125)(127,129)
        (131,133)(135,137)(139,141)(143,145)(147,149)(151,153)(155,157)(159,161)(163,165)(167,169)(171,173)
        (175,177)(179,181)(183,185)(187,189)(191,193)(195,197)(199,201)(203,205)(207,209)(211,213),
      nbP := 216,
      next := (  1,  2,  3,  4)(  5,  6,  7,  8)(  9, 10, 11, 12)( 13, 14, 15, 16)( 17, 18, 19, 20)
        ( 21, 22, 23, 24)( 25, 26, 27, 28)( 29, 30, 31, 32)( 33, 34, 35, 36)( 37, 38, 39, 40)( 41, 42, 43, 44)
        ( 45, 46, 47, 48)( 49, 50, 51, 52)( 53, 54, 55, 56)( 57, 58, 59, 60)( 61, 62, 63, 64)( 65, 66, 67, 68)
        ( 69, 70, 71, 72)( 73, 74, 75, 76)( 77, 78, 79, 80)( 81, 82, 83, 84)( 85, 86, 87, 88)( 89, 90, 91, 92)
        ( 93, 94, 95, 96)( 97, 98, 99,100)(101,102,103,104)(105,106,107,108)(109,110,111,112)(113,114,115,116)
        (117,118,119,120)(121,122,123,124)(125,126,127,128)(129,130,131,132)(133,134,135,136)(137,138,139,140)
        (141,142,143,144)(145,146,147,148)(149,150,151,152)(153,154,155,156)(157,158,159,160)(161,162,163,164)
        (165,166,167,168)(169,170,171,172)(173,174,175,176)(177,178,179,180)(181,182,183,184)(185,186,187,188)
        (189,190,191,192)(193,194,195,196)(197,198,199,200)(201,202,203,204)(205,206,207,208)(209,210,211,212)
        (213,214,215,216) ) ];
