return [ rec(
      MapDEvert := [ 1, 1, 1, 1, 2, 2, 2, 2, 3, 3, 3, 3, 4, 4, 4, 4, 5, 5, 5, 5, 6, 6, 6, 6, 7, 7, 7, 7, 8, 
          8, 8, 8, 9, 9, 9, 9, 10, 10, 10, 10, 11, 11, 11, 11, 12, 12, 12, 12, 13, 13, 13, 13, 14, 14, 14, 
          14, 15, 15, 15, 15, 16, 16, 16, 16, 17, 17, 17, 17, 18, 18, 18, 18, 19, 19, 19, 19, 20, 20, 20, 20, 
          21, 21, 21, 21, 22, 22, 22, 22, 23, 23, 23, 23, 24, 24, 24, 24, 25, 25, 25, 25, 26, 26, 26, 26, 27, 
          27, 27, 27, 28, 28, 28, 28, 29, 29, 29, 29, 30, 30, 30, 30, 31, 31, 31, 31, 32, 32, 32, 32, 33, 33, 
          33, 33, 34, 34, 34, 34, 35, 35, 35, 35, 36, 36, 36, 36, 37, 37, 37, 37, 38, 38, 38, 38, 39, 39, 39, 
          39, 40, 40, 40, 40, 41, 41, 41, 41, 42, 42, 42, 42, 43, 43, 43, 43, 44, 44, 44, 44, 45, 45, 45, 45, 
          46, 46, 46, 46, 47, 47, 47, 47, 48, 48, 48, 48, 49, 49, 49, 49, 50, 50, 50, 50, 51, 51, 51, 51, 52, 
          52, 52, 52, 53, 53, 53, 53, 54, 54, 54, 54, 55, 55, 55, 55, 56, 56, 56, 56, 57, 57, 57, 57, 58, 58, 
          58, 58, 59, 59, 59, 59, 60, 60, 60, 60, 61, 61, 61, 61, 62, 62, 62, 62, 63, 63, 63, 63, 64, 64, 64, 
          64, 65, 65, 65, 65, 66, 66, 66, 66, 67, 67, 67, 67, 68, 68, 68, 68, 69, 69, 69, 69, 70, 70, 70, 70 ]
       ,
      MapVertDE := [ [ 1 .. 4 ], [ 5 .. 8 ], [ 9 .. 12 ], [ 13 .. 16 ], [ 17 .. 20 ], [ 21 .. 24 ], 
          [ 25 .. 28 ], [ 29 .. 32 ], [ 33 .. 36 ], [ 37 .. 40 ], [ 41 .. 44 ], [ 45 .. 48 ], [ 49 .. 52 ], 
          [ 53 .. 56 ], [ 57 .. 60 ], [ 61 .. 64 ], [ 65 .. 68 ], [ 69 .. 72 ], [ 73 .. 76 ], [ 77 .. 80 ], 
          [ 81 .. 84 ], [ 85 .. 88 ], [ 89 .. 92 ], [ 93 .. 96 ], [ 97 .. 100 ], [ 101 .. 104 ], 
          [ 105 .. 108 ], [ 109 .. 112 ], [ 113 .. 116 ], [ 117 .. 120 ], [ 121 .. 124 ], [ 125 .. 128 ], 
          [ 129 .. 132 ], [ 133 .. 136 ], [ 137 .. 140 ], [ 141 .. 144 ], [ 145 .. 148 ], [ 149 .. 152 ], 
          [ 153 .. 156 ], [ 157 .. 160 ], [ 161 .. 164 ], [ 165 .. 168 ], [ 169 .. 172 ], [ 173 .. 176 ], 
          [ 177 .. 180 ], [ 181 .. 184 ], [ 185 .. 188 ], [ 189 .. 192 ], [ 193 .. 196 ], [ 197 .. 200 ], 
          [ 201 .. 204 ], [ 205 .. 208 ], [ 209 .. 212 ], [ 213 .. 216 ], [ 217 .. 220 ], [ 221 .. 224 ], 
          [ 225 .. 228 ], [ 229 .. 232 ], [ 233 .. 236 ], [ 237 .. 240 ], [ 241 .. 244 ], [ 245 .. 248 ], 
          [ 249 .. 252 ], [ 253 .. 256 ], [ 257 .. 260 ], [ 261 .. 264 ], [ 265 .. 268 ], [ 269 .. 272 ], 
          [ 273 .. 276 ], [ 277 .. 280 ] ],
      invers := (  1,  5)(  2,  9)(  3, 13)(  4, 17)(  6, 21)(  7, 25)(  8, 29)( 10, 32)( 11, 33)( 12, 37)
        ( 14, 40)( 15, 41)( 16, 45)( 18, 48)( 19, 49)( 20, 22)( 23, 53)( 24, 57)( 26, 60)( 27, 61)( 28, 65)
        ( 30, 68)( 31, 69)( 34, 72)( 35, 73)( 36, 77)( 38, 80)( 39, 81)( 42, 84)( 43,268)( 44, 89)( 46, 92)
        ( 47,272)( 50,271)( 51, 97)( 52, 54)( 55,101)( 56,105)( 58,108)( 59,109)( 62,112)( 63,113)( 64,117)
        ( 66,120)( 67,121)( 70,124)( 71,125)( 74,128)( 75,129)( 76,133)( 78,136)( 79,137)( 82,140)( 83, 87)
        ( 85,266)( 86,265)( 88,141)( 90,148)( 91, 95)( 93,270)( 94,269)( 96, 98)( 99,147)(100,102)(103,143)
        (104,149)(106,152)(107,153)(110,156)(111,157)(114,160)(115,161)(116,165)(118,168)(119,169)(122,172)
        (123,173)(126,176)(127,177)(130,180)(131,158)(132,155)(134,154)(135,151)(138,150)(139,142)(144,146)
        (145,267)(159,181)(162,184)(163,185)(164,189)(166,192)(167,193)(170,196)(171,197)(174,200)(175,201)
        (178,204)(179,182)(183,205)(186,208)(187,209)(188,213)(190,216)(191,217)(194,220)(195,221)(198,224)
        (199,225)(202,228)(203,206)(207,229)(210,232)(211,233)(212,276)(214,275)(215,241)(218,244)(219,245)
        (222,248)(223,249)(226,252)(227,230)(231,253)(234,256)(235,257)(236,239)(237,274)(238,273)(240,242)
        (243,260)(246,259)(247,280)(250,279)(251,254)(255,264)(258,263)(261,278)(262,277),
      nbP := 280,
      next := (  1,  2,  3,  4)(  5,  6,  7,  8)(  9, 10, 11, 12)( 13, 14, 15, 16)( 17, 18, 19, 20)
        ( 21, 22, 23, 24)( 25, 26, 27, 28)( 29, 30, 31, 32)( 33, 34, 35, 36)( 37, 38, 39, 40)( 41, 42, 43, 44)
        ( 45, 46, 47, 48)( 49, 50, 51, 52)( 53, 54, 55, 56)( 57, 58, 59, 60)( 61, 62, 63, 64)( 65, 66, 67, 68)
        ( 69, 70, 71, 72)( 73, 74, 75, 76)( 77, 78, 79, 80)( 81, 82, 83, 84)( 85, 86, 87, 88)( 89, 90, 91, 92)
        ( 93, 94, 95, 96)( 97, 98, 99,100)(101,102,103,104)(105,106,107,108)(109,110,111,112)(113,114,115,116)
        (117,118,119,120)(121,122,123,124)(125,126,127,128)(129,130,131,132)(133,134,135,136)(137,138,139,140)
        (141,142,143,144)(145,146,147,148)(149,150,151,152)(153,154,155,156)(157,158,159,160)(161,162,163,164)
        (165,166,167,168)(169,170,171,172)(173,174,175,176)(177,178,179,180)(181,182,183,184)(185,186,187,188)
        (189,190,191,192)(193,194,195,196)(197,198,199,200)(201,202,203,204)(205,206,207,208)(209,210,211,212)
        (213,214,215,216)(217,218,219,220)(221,222,223,224)(225,226,227,228)(229,230,231,232)(233,234,235,236)
        (237,238,239,240)(241,242,243,244)(245,246,247,248)(249,250,251,252)(253,254,255,256)(257,258,259,260)
        (261,262,263,264)(265,266,267,268)(269,270,271,272)(273,274,275,276)(277,278,279,280) ), rec(
      MapDEvert := [ 1, 1, 1, 1, 2, 2, 2, 2, 3, 3, 3, 3, 4, 4, 4, 4, 5, 5, 5, 5, 6, 6, 6, 6, 7, 7, 7, 7, 8, 
          8, 8, 8, 9, 9, 9, 9, 10, 10, 10, 10, 11, 11, 11, 11, 12, 12, 12, 12, 13, 13, 13, 13, 14, 14, 14, 
          14, 15, 15, 15, 15, 16, 16, 16, 16, 17, 17, 17, 17, 18, 18, 18, 18, 19, 19, 19, 19, 20, 20, 20, 20, 
          21, 21, 21, 21, 22, 22, 22, 22, 23, 23, 23, 23, 24, 24, 24, 24, 25, 25, 25, 25, 26, 26, 26, 26, 27, 
          27, 27, 27, 28, 28, 28, 28, 29, 29, 29, 29, 30, 30, 30, 30, 31, 31, 31, 31, 32, 32, 32, 32, 33, 33, 
          33, 33, 34, 34, 34, 34, 35, 35, 35, 35, 36, 36, 36, 36, 37, 37, 37, 37, 38, 38, 38, 38, 39, 39, 39, 
          39, 40, 40, 40, 40, 41, 41, 41, 41, 42, 42, 42, 42, 43, 43, 43, 43, 44, 44, 44, 44, 45, 45, 45, 45, 
          46, 46, 46, 46, 47, 47, 47, 47, 48, 48, 48, 48, 49, 49, 49, 49, 50, 50, 50, 50, 51, 51, 51, 51, 52, 
          52, 52, 52, 53, 53, 53, 53, 54, 54, 54, 54, 55, 55, 55, 55, 56, 56, 56, 56, 57, 57, 57, 57, 58, 58, 
          58, 58, 59, 59, 59, 59, 60, 60, 60, 60, 61, 61, 61, 61, 62, 62, 62, 62, 63, 63, 63, 63, 64, 64, 64, 
          64, 65, 65, 65, 65, 66, 66, 66, 66, 67, 67, 67, 67, 68, 68, 68, 68, 69, 69, 69, 69, 70, 70, 70, 70 ]
       ,
      MapVertDE := [ [ 1 .. 4 ], [ 5 .. 8 ], [ 9 .. 12 ], [ 13 .. 16 ], [ 17 .. 20 ], [ 21 .. 24 ], 
          [ 25 .. 28 ], [ 29 .. 32 ], [ 33 .. 36 ], [ 37 .. 40 ], [ 41 .. 44 ], [ 45 .. 48 ], [ 49 .. 52 ], 
          [ 53 .. 56 ], [ 57 .. 60 ], [ 61 .. 64 ], [ 65 .. 68 ], [ 69 .. 72 ], [ 73 .. 76 ], [ 77 .. 80 ], 
          [ 81 .. 84 ], [ 85 .. 88 ], [ 89 .. 92 ], [ 93 .. 96 ], [ 97 .. 100 ], [ 101 .. 104 ], 
          [ 105 .. 108 ], [ 109 .. 112 ], [ 113 .. 116 ], [ 117 .. 120 ], [ 121 .. 124 ], [ 125 .. 128 ], 
          [ 129 .. 132 ], [ 133 .. 136 ], [ 137 .. 140 ], [ 141 .. 144 ], [ 145 .. 148 ], [ 149 .. 152 ], 
          [ 153 .. 156 ], [ 157 .. 160 ], [ 161 .. 164 ], [ 165 .. 168 ], [ 169 .. 172 ], [ 173 .. 176 ], 
          [ 177 .. 180 ], [ 181 .. 184 ], [ 185 .. 188 ], [ 189 .. 192 ], [ 193 .. 196 ], [ 197 .. 200 ], 
          [ 201 .. 204 ], [ 205 .. 208 ], [ 209 .. 212 ], [ 213 .. 216 ], [ 217 .. 220 ], [ 221 .. 224 ], 
          [ 225 .. 228 ], [ 229 .. 232 ], [ 233 .. 236 ], [ 237 .. 240 ], [ 241 .. 244 ], [ 245 .. 248 ], 
          [ 249 .. 252 ], [ 253 .. 256 ], [ 257 .. 260 ], [ 261 .. 264 ], [ 265 .. 268 ], [ 269 .. 272 ], 
          [ 273 .. 276 ], [ 277 .. 280 ] ],
      invers := (  1,  5)(  2,  9)(  3, 13)(  4, 17)(  6, 21)(  7, 25)(  8, 29)( 10, 32)( 11, 33)( 12, 37)
        ( 14, 40)( 15, 41)( 16, 45)( 18, 48)( 19, 49)( 20, 22)( 23, 53)( 24, 57)( 26, 60)( 27, 61)( 28, 65)
        ( 30, 68)( 31, 69)( 34, 72)( 35, 73)( 36,268)( 38,267)( 39, 81)( 42, 84)( 43, 85)( 44, 89)( 46, 92)
        ( 47, 93)( 50, 96)( 51, 97)( 52, 54)( 55,101)( 56,105)( 58,108)( 59,109)( 62,112)( 63,113)( 64,117)
        ( 66,120)( 67,121)( 70,124)( 71,125)( 74,128)( 75,129)( 76, 79)( 77,266)( 78,265)( 80, 82)( 83,132)
        ( 86,131)( 87,133)( 88,137)( 90,140)( 91,141)( 94,144)( 95,145)( 98,148)( 99,149)(100,102)(103,153)
        (104,157)(106,160)(107,272)(110,271)(111,165)(114,168)(115,169)(116,173)(118,176)(119,177)(122,180)
        (123,181)(126,184)(127,185)(130,188)(134,187)(135,191)(136,193)(138,196)(139,197)(142,200)(143,201)
        (146,204)(147,205)(150,208)(151,280)(152,154)(155,213)(156,217)(158,220)(159,163)(161,270)(162,269)
        (164,166)(167,219)(170,218)(171,216)(172,221)(174,224)(175,225)(178,228)(179,229)(182,232)(183,233)
        (186,236)(189,274)(190,273)(192,235)(194,276)(195,241)(198,244)(199,245)(202,248)(203,249)(206,252)
        (207,211)(209,278)(210,277)(212,253)(214,279)(215,256)(222,255)(223,257)(226,260)(227,261)(230,264)
        (231,239)(234,238)(237,275)(240,242)(243,263)(246,262)(247,259)(250,258)(251,254),
      nbP := 280,
      next := (  1,  2,  3,  4)(  5,  6,  7,  8)(  9, 10, 11, 12)( 13, 14, 15, 16)( 17, 18, 19, 20)
        ( 21, 22, 23, 24)( 25, 26, 27, 28)( 29, 30, 31, 32)( 33, 34, 35, 36)( 37, 38, 39, 40)( 41, 42, 43, 44)
        ( 45, 46, 47, 48)( 49, 50, 51, 52)( 53, 54, 55, 56)( 57, 58, 59, 60)( 61, 62, 63, 64)( 65, 66, 67, 68)
        ( 69, 70, 71, 72)( 73, 74, 75, 76)( 77, 78, 79, 80)( 81, 82, 83, 84)( 85, 86, 87, 88)( 89, 90, 91, 92)
        ( 93, 94, 95, 96)( 97, 98, 99,100)(101,102,103,104)(105,106,107,108)(109,110,111,112)(113,114,115,116)
        (117,118,119,120)(121,122,123,124)(125,126,127,128)(129,130,131,132)(133,134,135,136)(137,138,139,140)
        (141,142,143,144)(145,146,147,148)(149,150,151,152)(153,154,155,156)(157,158,159,160)(161,162,163,164)
        (165,166,167,168)(169,170,171,172)(173,174,175,176)(177,178,179,180)(181,182,183,184)(185,186,187,188)
        (189,190,191,192)(193,194,195,196)(197,198,199,200)(201,202,203,204)(205,206,207,208)(209,210,211,212)
        (213,214,215,216)(217,218,219,220)(221,222,223,224)(225,226,227,228)(229,230,231,232)(233,234,235,236)
        (237,238,239,240)(241,242,243,244)(245,246,247,248)(249,250,251,252)(253,254,255,256)(257,258,259,260)
        (261,262,263,264)(265,266,267,268)(269,270,271,272)(273,274,275,276)(277,278,279,280) ), rec(
      MapDEvert := [ 1, 1, 1, 1, 2, 2, 2, 2, 3, 3, 3, 3, 4, 4, 4, 4, 5, 5, 5, 5, 6, 6, 6, 6, 7, 7, 7, 7, 8, 
          8, 8, 8, 9, 9, 9, 9, 10, 10, 10, 10, 11, 11, 11, 11, 12, 12, 12, 12, 13, 13, 13, 13, 14, 14, 14, 
          14, 15, 15, 15, 15, 16, 16, 16, 16, 17, 17, 17, 17, 18, 18, 18, 18, 19, 19, 19, 19, 20, 20, 20, 20, 
          21, 21, 21, 21, 22, 22, 22, 22, 23, 23, 23, 23, 24, 24, 24, 24, 25, 25, 25, 25, 26, 26, 26, 26, 27, 
          27, 27, 27, 28, 28, 28, 28, 29, 29, 29, 29, 30, 30, 30, 30, 31, 31, 31, 31, 32, 32, 32, 32, 33, 33, 
          33, 33, 34, 34, 34, 34, 35, 35, 35, 35, 36, 36, 36, 36, 37, 37, 37, 37, 38, 38, 38, 38, 39, 39, 39, 
          39, 40, 40, 40, 40, 41, 41, 41, 41, 42, 42, 42, 42, 43, 43, 43, 43, 44, 44, 44, 44, 45, 45, 45, 45, 
          46, 46, 46, 46, 47, 47, 47, 47, 48, 48, 48, 48, 49, 49, 49, 49, 50, 50, 50, 50, 51, 51, 51, 51, 52, 
          52, 52, 52, 53, 53, 53, 53, 54, 54, 54, 54, 55, 55, 55, 55, 56, 56, 56, 56, 57, 57, 57, 57, 58, 58, 
          58, 58, 59, 59, 59, 59, 60, 60, 60, 60, 61, 61, 61, 61, 62, 62, 62, 62, 63, 63, 63, 63, 64, 64, 64, 
          64, 65, 65, 65, 65, 66, 66, 66, 66, 67, 67, 67, 67, 68, 68, 68, 68, 69, 69, 69, 69, 70, 70, 70, 70 ]
       ,
      MapVertDE := [ [ 1 .. 4 ], [ 5 .. 8 ], [ 9 .. 12 ], [ 13 .. 16 ], [ 17 .. 20 ], [ 21 .. 24 ], 
          [ 25 .. 28 ], [ 29 .. 32 ], [ 33 .. 36 ], [ 37 .. 40 ], [ 41 .. 44 ], [ 45 .. 48 ], [ 49 .. 52 ], 
          [ 53 .. 56 ], [ 57 .. 60 ], [ 61 .. 64 ], [ 65 .. 68 ], [ 69 .. 72 ], [ 73 .. 76 ], [ 77 .. 80 ], 
          [ 81 .. 84 ], [ 85 .. 88 ], [ 89 .. 92 ], [ 93 .. 96 ], [ 97 .. 100 ], [ 101 .. 104 ], 
          [ 105 .. 108 ], [ 109 .. 112 ], [ 113 .. 116 ], [ 117 .. 120 ], [ 121 .. 124 ], [ 125 .. 128 ], 
          [ 129 .. 132 ], [ 133 .. 136 ], [ 137 .. 140 ], [ 141 .. 144 ], [ 145 .. 148 ], [ 149 .. 152 ], 
          [ 153 .. 156 ], [ 157 .. 160 ], [ 161 .. 164 ], [ 165 .. 168 ], [ 169 .. 172 ], [ 173 .. 176 ], 
          [ 177 .. 180 ], [ 181 .. 184 ], [ 185 .. 188 ], [ 189 .. 192 ], [ 193 .. 196 ], [ 197 .. 200 ], 
          [ 201 .. 204 ], [ 205 .. 208 ], [ 209 .. 212 ], [ 213 .. 216 ], [ 217 .. 220 ], [ 221 .. 224 ], 
          [ 225 .. 228 ], [ 229 .. 232 ], [ 233 .. 236 ], [ 237 .. 240 ], [ 241 .. 244 ], [ 245 .. 248 ], 
          [ 249 .. 252 ], [ 253 .. 256 ], [ 257 .. 260 ], [ 261 .. 264 ], [ 265 .. 268 ], [ 269 .. 272 ], 
          [ 273 .. 276 ], [ 277 .. 280 ] ],
      invers := (  1,  5)(  2,  9)(  3, 13)(  4, 17)(  6, 21)(  7, 25)(  8, 29)( 10, 32)( 11, 33)( 12, 37)
        ( 14, 40)( 15,268)( 16, 45)( 18, 48)( 19, 49)( 20, 22)( 23, 53)( 24, 57)( 26, 60)( 27, 61)( 28, 65)
        ( 30, 68)( 31, 69)( 34, 72)( 35, 73)( 36, 77)( 38, 80)( 39, 43)( 41,266)( 42,265)( 44, 81)( 46, 88)
        ( 47, 89)( 50, 92)( 51, 93)( 52, 54)( 55, 97)( 56,101)( 58,104)( 59,105)( 62,108)( 63,111)( 64,113)
        ( 66,116)( 67,117)( 70,120)( 71,121)( 74,124)( 75,125)( 76,129)( 78,132)( 79, 82)( 83,133)( 84, 86)
        ( 85,267)( 87,137)( 90,140)( 91,141)( 94,144)( 95,145)( 96, 98)( 99,149)(100,153)(102,156)(103,157)
        (106,160)(107,161)(109,270)(110,269)(112,164)(114,272)(115,169)(118,172)(119,173)(122,176)(123,177)
        (126,180)(127,181)(128,185)(130,188)(131,134)(135,189)(136,138)(139,193)(142,196)(143,276)(146,275)
        (147,201)(148,150)(151,205)(152,209)(154,212)(155,213)(158,216)(159,217)(162,220)(163,166)(165,271)
        (167,221)(168,170)(171,225)(174,228)(175,229)(178,232)(179,233)(182,236)(183,210)(184,208)(186,207)
        (187,190)(191,203)(192,194)(195,199)(197,274)(198,273)(200,202)(204,206)(211,237)(214,240)(215,241)
        (218,244)(219,222)(223,245)(224,226)(227,249)(230,252)(231,253)(234,256)(235,238)(239,257)(242,260)
        (243,246)(247,263)(248,250)(251,280)(254,279)(255,258)(259,264)(261,278)(262,277),
      nbP := 280,
      next := (  1,  2,  3,  4)(  5,  6,  7,  8)(  9, 10, 11, 12)( 13, 14, 15, 16)( 17, 18, 19, 20)
        ( 21, 22, 23, 24)( 25, 26, 27, 28)( 29, 30, 31, 32)( 33, 34, 35, 36)( 37, 38, 39, 40)( 41, 42, 43, 44)
        ( 45, 46, 47, 48)( 49, 50, 51, 52)( 53, 54, 55, 56)( 57, 58, 59, 60)( 61, 62, 63, 64)( 65, 66, 67, 68)
        ( 69, 70, 71, 72)( 73, 74, 75, 76)( 77, 78, 79, 80)( 81, 82, 83, 84)( 85, 86, 87, 88)( 89, 90, 91, 92)
        ( 93, 94, 95, 96)( 97, 98, 99,100)(101,102,103,104)(105,106,107,108)(109,110,111,112)(113,114,115,116)
        (117,118,119,120)(121,122,123,124)(125,126,127,128)(129,130,131,132)(133,134,135,136)(137,138,139,140)
        (141,142,143,144)(145,146,147,148)(149,150,151,152)(153,154,155,156)(157,158,159,160)(161,162,163,164)
        (165,166,167,168)(169,170,171,172)(173,174,175,176)(177,178,179,180)(181,182,183,184)(185,186,187,188)
        (189,190,191,192)(193,194,195,196)(197,198,199,200)(201,202,203,204)(205,206,207,208)(209,210,211,212)
        (213,214,215,216)(217,218,219,220)(221,222,223,224)(225,226,227,228)(229,230,231,232)(233,234,235,236)
        (237,238,239,240)(241,242,243,244)(245,246,247,248)(249,250,251,252)(253,254,255,256)(257,258,259,260)
        (261,262,263,264)(265,266,267,268)(269,270,271,272)(273,274,275,276)(277,278,279,280) ), rec(
      MapDEvert := [ 1, 1, 1, 1, 2, 2, 2, 2, 3, 3, 3, 3, 4, 4, 4, 4, 5, 5, 5, 5, 6, 6, 6, 6, 7, 7, 7, 7, 8, 
          8, 8, 8, 9, 9, 9, 9, 10, 10, 10, 10, 11, 11, 11, 11, 12, 12, 12, 12, 13, 13, 13, 13, 14, 14, 14, 
          14, 15, 15, 15, 15, 16, 16, 16, 16, 17, 17, 17, 17, 18, 18, 18, 18, 19, 19, 19, 19, 20, 20, 20, 20, 
          21, 21, 21, 21, 22, 22, 22, 22, 23, 23, 23, 23, 24, 24, 24, 24, 25, 25, 25, 25, 26, 26, 26, 26, 27, 
          27, 27, 27, 28, 28, 28, 28, 29, 29, 29, 29, 30, 30, 30, 30, 31, 31, 31, 31, 32, 32, 32, 32, 33, 33, 
          33, 33, 34, 34, 34, 34, 35, 35, 35, 35, 36, 36, 36, 36, 37, 37, 37, 37, 38, 38, 38, 38, 39, 39, 39, 
          39, 40, 40, 40, 40, 41, 41, 41, 41, 42, 42, 42, 42, 43, 43, 43, 43, 44, 44, 44, 44, 45, 45, 45, 45, 
          46, 46, 46, 46, 47, 47, 47, 47, 48, 48, 48, 48, 49, 49, 49, 49, 50, 50, 50, 50, 51, 51, 51, 51, 52, 
          52, 52, 52, 53, 53, 53, 53, 54, 54, 54, 54, 55, 55, 55, 55, 56, 56, 56, 56, 57, 57, 57, 57, 58, 58, 
          58, 58, 59, 59, 59, 59, 60, 60, 60, 60, 61, 61, 61, 61, 62, 62, 62, 62, 63, 63, 63, 63, 64, 64, 64, 
          64, 65, 65, 65, 65, 66, 66, 66, 66, 67, 67, 67, 67, 68, 68, 68, 68, 69, 69, 69, 69, 70, 70, 70, 70 ]
       ,
      MapVertDE := [ [ 1 .. 4 ], [ 5 .. 8 ], [ 9 .. 12 ], [ 13 .. 16 ], [ 17 .. 20 ], [ 21 .. 24 ], 
          [ 25 .. 28 ], [ 29 .. 32 ], [ 33 .. 36 ], [ 37 .. 40 ], [ 41 .. 44 ], [ 45 .. 48 ], [ 49 .. 52 ], 
          [ 53 .. 56 ], [ 57 .. 60 ], [ 61 .. 64 ], [ 65 .. 68 ], [ 69 .. 72 ], [ 73 .. 76 ], [ 77 .. 80 ], 
          [ 81 .. 84 ], [ 85 .. 88 ], [ 89 .. 92 ], [ 93 .. 96 ], [ 97 .. 100 ], [ 101 .. 104 ], 
          [ 105 .. 108 ], [ 109 .. 112 ], [ 113 .. 116 ], [ 117 .. 120 ], [ 121 .. 124 ], [ 125 .. 128 ], 
          [ 129 .. 132 ], [ 133 .. 136 ], [ 137 .. 140 ], [ 141 .. 144 ], [ 145 .. 148 ], [ 149 .. 152 ], 
          [ 153 .. 156 ], [ 157 .. 160 ], [ 161 .. 164 ], [ 165 .. 168 ], [ 169 .. 172 ], [ 173 .. 176 ], 
          [ 177 .. 180 ], [ 181 .. 184 ], [ 185 .. 188 ], [ 189 .. 192 ], [ 193 .. 196 ], [ 197 .. 200 ], 
          [ 201 .. 204 ], [ 205 .. 208 ], [ 209 .. 212 ], [ 213 .. 216 ], [ 217 .. 220 ], [ 221 .. 224 ], 
          [ 225 .. 228 ], [ 229 .. 232 ], [ 233 .. 236 ], [ 237 .. 240 ], [ 241 .. 244 ], [ 245 .. 248 ], 
          [ 249 .. 252 ], [ 253 .. 256 ], [ 257 .. 260 ], [ 261 .. 264 ], [ 265 .. 268 ], [ 269 .. 272 ], 
          [ 273 .. 276 ], [ 277 .. 280 ] ],
      invers := (  1,  5)(  2,  9)(  3, 13)(  4, 17)(  6, 21)(  7, 27)(  8, 29)( 10, 32)( 11, 33)( 12, 37)
        ( 14, 40)( 15,272)( 16, 45)( 18, 48)( 19, 49)( 20, 22)( 23, 53)( 24, 57)( 25,266)( 26,265)( 28, 60)
        ( 30,268)( 31, 65)( 34, 68)( 35, 69)( 36, 73)( 38, 76)( 39, 43)( 41,270)( 42,269)( 44, 77)( 46, 84)
        ( 47, 85)( 50, 88)( 51, 89)( 52, 54)( 55, 93)( 56, 97)( 58,100)( 59, 62)( 61,267)( 63,101)( 64, 66)
        ( 67,105)( 70,108)( 71,109)( 72,113)( 74,116)( 75, 78)( 79,117)( 80, 82)( 81,271)( 83,121)( 86,124)
        ( 87,125)( 90,128)( 91,129)( 92, 94)( 95,133)( 96,137)( 98,140)( 99,102)(103,141)(104,106)(107,145)
        (110,148)(111,149)(112,153)(114,156)(115,118)(119,157)(120,122)(123,161)(126,164)(127,165)(130,168)
        (131,169)(132,134)(135,173)(136,177)(138,180)(139,142)(143,181)(144,146)(147,185)(150,188)(151,189)
        (152,193)(154,196)(155,158)(159,197)(160,162)(163,201)(166,204)(167,205)(170,208)(171,209)(172,174)
        (175,213)(176,217)(178,220)(179,182)(183,221)(184,186)(187,225)(190,228)(191,229)(192,233)(194,236)
        (195,198)(199,237)(200,202)(203,241)(206,244)(207,276)(210,275)(211,249)(212,214)(215,253)(216,257)
        (218,260)(219,222)(223,263)(224,226)(227,280)(230,279)(231,258)(232,256)(234,255)(235,238)(239,251)
        (240,242)(243,247)(245,274)(246,273)(248,250)(252,254)(259,264)(261,278)(262,277),
      nbP := 280,
      next := (  1,  2,  3,  4)(  5,  6,  7,  8)(  9, 10, 11, 12)( 13, 14, 15, 16)( 17, 18, 19, 20)
        ( 21, 22, 23, 24)( 25, 26, 27, 28)( 29, 30, 31, 32)( 33, 34, 35, 36)( 37, 38, 39, 40)( 41, 42, 43, 44)
        ( 45, 46, 47, 48)( 49, 50, 51, 52)( 53, 54, 55, 56)( 57, 58, 59, 60)( 61, 62, 63, 64)( 65, 66, 67, 68)
        ( 69, 70, 71, 72)( 73, 74, 75, 76)( 77, 78, 79, 80)( 81, 82, 83, 84)( 85, 86, 87, 88)( 89, 90, 91, 92)
        ( 93, 94, 95, 96)( 97, 98, 99,100)(101,102,103,104)(105,106,107,108)(109,110,111,112)(113,114,115,116)
        (117,118,119,120)(121,122,123,124)(125,126,127,128)(129,130,131,132)(133,134,135,136)(137,138,139,140)
        (141,142,143,144)(145,146,147,148)(149,150,151,152)(153,154,155,156)(157,158,159,160)(161,162,163,164)
        (165,166,167,168)(169,170,171,172)(173,174,175,176)(177,178,179,180)(181,182,183,184)(185,186,187,188)
        (189,190,191,192)(193,194,195,196)(197,198,199,200)(201,202,203,204)(205,206,207,208)(209,210,211,212)
        (213,214,215,216)(217,218,219,220)(221,222,223,224)(225,226,227,228)(229,230,231,232)(233,234,235,236)
        (237,238,239,240)(241,242,243,244)(245,246,247,248)(249,250,251,252)(253,254,255,256)(257,258,259,260)
        (261,262,263,264)(265,266,267,268)(269,270,271,272)(273,274,275,276)(277,278,279,280) ), rec(
      MapDEvert := [ 1, 1, 1, 1, 2, 2, 2, 2, 3, 3, 3, 3, 4, 4, 4, 4, 5, 5, 5, 5, 6, 6, 6, 6, 7, 7, 7, 7, 8, 
          8, 8, 8, 9, 9, 9, 9, 10, 10, 10, 10, 11, 11, 11, 11, 12, 12, 12, 12, 13, 13, 13, 13, 14, 14, 14, 
          14, 15, 15, 15, 15, 16, 16, 16, 16, 17, 17, 17, 17, 18, 18, 18, 18, 19, 19, 19, 19, 20, 20, 20, 20, 
          21, 21, 21, 21, 22, 22, 22, 22, 23, 23, 23, 23, 24, 24, 24, 24, 25, 25, 25, 25, 26, 26, 26, 26, 27, 
          27, 27, 27, 28, 28, 28, 28, 29, 29, 29, 29, 30, 30, 30, 30, 31, 31, 31, 31, 32, 32, 32, 32, 33, 33, 
          33, 33, 34, 34, 34, 34, 35, 35, 35, 35, 36, 36, 36, 36, 37, 37, 37, 37, 38, 38, 38, 38, 39, 39, 39, 
          39, 40, 40, 40, 40, 41, 41, 41, 41, 42, 42, 42, 42, 43, 43, 43, 43, 44, 44, 44, 44, 45, 45, 45, 45, 
          46, 46, 46, 46, 47, 47, 47, 47, 48, 48, 48, 48, 49, 49, 49, 49, 50, 50, 50, 50, 51, 51, 51, 51, 52, 
          52, 52, 52, 53, 53, 53, 53, 54, 54, 54, 54, 55, 55, 55, 55, 56, 56, 56, 56, 57, 57, 57, 57, 58, 58, 
          58, 58, 59, 59, 59, 59, 60, 60, 60, 60, 61, 61, 61, 61, 62, 62, 62, 62, 63, 63, 63, 63, 64, 64, 64, 
          64, 65, 65, 65, 65, 66, 66, 66, 66, 67, 67, 67, 67, 68, 68, 68, 68, 69, 69, 69, 69, 70, 70, 70, 70 ]
       ,
      MapVertDE := [ [ 1 .. 4 ], [ 5 .. 8 ], [ 9 .. 12 ], [ 13 .. 16 ], [ 17 .. 20 ], [ 21 .. 24 ], 
          [ 25 .. 28 ], [ 29 .. 32 ], [ 33 .. 36 ], [ 37 .. 40 ], [ 41 .. 44 ], [ 45 .. 48 ], [ 49 .. 52 ], 
          [ 53 .. 56 ], [ 57 .. 60 ], [ 61 .. 64 ], [ 65 .. 68 ], [ 69 .. 72 ], [ 73 .. 76 ], [ 77 .. 80 ], 
          [ 81 .. 84 ], [ 85 .. 88 ], [ 89 .. 92 ], [ 93 .. 96 ], [ 97 .. 100 ], [ 101 .. 104 ], 
          [ 105 .. 108 ], [ 109 .. 112 ], [ 113 .. 116 ], [ 117 .. 120 ], [ 121 .. 124 ], [ 125 .. 128 ], 
          [ 129 .. 132 ], [ 133 .. 136 ], [ 137 .. 140 ], [ 141 .. 144 ], [ 145 .. 148 ], [ 149 .. 152 ], 
          [ 153 .. 156 ], [ 157 .. 160 ], [ 161 .. 164 ], [ 165 .. 168 ], [ 169 .. 172 ], [ 173 .. 176 ], 
          [ 177 .. 180 ], [ 181 .. 184 ], [ 185 .. 188 ], [ 189 .. 192 ], [ 193 .. 196 ], [ 197 .. 200 ], 
          [ 201 .. 204 ], [ 205 .. 208 ], [ 209 .. 212 ], [ 213 .. 216 ], [ 217 .. 220 ], [ 221 .. 224 ], 
          [ 225 .. 228 ], [ 229 .. 232 ], [ 233 .. 236 ], [ 237 .. 240 ], [ 241 .. 244 ], [ 245 .. 248 ], 
          [ 249 .. 252 ], [ 253 .. 256 ], [ 257 .. 260 ], [ 261 .. 264 ], [ 265 .. 268 ], [ 269 .. 272 ], 
          [ 273 .. 276 ], [ 277 .. 280 ] ],
      invers := (  1,  5)(  2,  9)(  3, 13)(  4, 17)(  6, 21)(  7, 25)(  8, 29)( 10, 32)( 11,268)( 12, 37)
        ( 14, 40)( 15, 41)( 16, 45)( 18, 48)( 19, 51)( 20, 22)( 23,272)( 24, 53)( 26, 56)( 27, 57)( 28, 61)
        ( 30, 64)( 31, 35)( 33,266)( 34,265)( 36, 65)( 38, 72)( 39, 73)( 42, 76)( 43, 77)( 44, 81)( 46, 84)
        ( 47, 85)( 49,270)( 50,269)( 52, 88)( 54, 92)( 55, 93)( 58, 96)( 59, 97)( 60,101)( 62,104)( 63, 66)
        ( 67,105)( 68, 70)( 69,267)( 71,109)( 74,112)( 75,113)( 78,116)( 79,117)( 80,121)( 82,124)( 83,125)
        ( 86,128)( 87, 90)( 89,271)( 91,129)( 94,132)( 95,133)( 98,136)( 99,137)(100,141)(102,144)(103,106)
        (107,145)(108,110)(111,149)(114,152)(115,153)(118,156)(119,157)(120,161)(122,164)(123,165)(126,168)
        (127,130)(131,169)(134,172)(135,173)(138,176)(139,177)(140,181)(142,184)(143,146)(147,185)(148,150)
        (151,189)(154,192)(155,193)(158,196)(159,197)(160,201)(162,204)(163,205)(166,208)(167,170)(171,209)
        (174,212)(175,213)(178,216)(179,217)(180,221)(182,224)(183,186)(187,225)(188,190)(191,229)(194,232)
        (195,233)(198,236)(199,219)(200,237)(202,240)(203,241)(206,244)(207,210)(211,245)(214,248)(215,249)
        (218,252)(220,253)(222,256)(223,226)(227,259)(228,230)(231,276)(234,275)(235,254)(238,251)(239,280)
        (242,279)(243,246)(247,264)(250,263)(255,260)(257,274)(258,273)(261,278)(262,277),
      nbP := 280,
      next := (  1,  2,  3,  4)(  5,  6,  7,  8)(  9, 10, 11, 12)( 13, 14, 15, 16)( 17, 18, 19, 20)
        ( 21, 22, 23, 24)( 25, 26, 27, 28)( 29, 30, 31, 32)( 33, 34, 35, 36)( 37, 38, 39, 40)( 41, 42, 43, 44)
        ( 45, 46, 47, 48)( 49, 50, 51, 52)( 53, 54, 55, 56)( 57, 58, 59, 60)( 61, 62, 63, 64)( 65, 66, 67, 68)
        ( 69, 70, 71, 72)( 73, 74, 75, 76)( 77, 78, 79, 80)( 81, 82, 83, 84)( 85, 86, 87, 88)( 89, 90, 91, 92)
        ( 93, 94, 95, 96)( 97, 98, 99,100)(101,102,103,104)(105,106,107,108)(109,110,111,112)(113,114,115,116)
        (117,118,119,120)(121,122,123,124)(125,126,127,128)(129,130,131,132)(133,134,135,136)(137,138,139,140)
        (141,142,143,144)(145,146,147,148)(149,150,151,152)(153,154,155,156)(157,158,159,160)(161,162,163,164)
        (165,166,167,168)(169,170,171,172)(173,174,175,176)(177,178,179,180)(181,182,183,184)(185,186,187,188)
        (189,190,191,192)(193,194,195,196)(197,198,199,200)(201,202,203,204)(205,206,207,208)(209,210,211,212)
        (213,214,215,216)(217,218,219,220)(221,222,223,224)(225,226,227,228)(229,230,231,232)(233,234,235,236)
        (237,238,239,240)(241,242,243,244)(245,246,247,248)(249,250,251,252)(253,254,255,256)(257,258,259,260)
        (261,262,263,264)(265,266,267,268)(269,270,271,272)(273,274,275,276)(277,278,279,280) ), rec(
      MapDEvert := [ 1, 1, 1, 1, 2, 2, 2, 2, 3, 3, 3, 3, 4, 4, 4, 4, 5, 5, 5, 5, 6, 6, 6, 6, 7, 7, 7, 7, 8, 
          8, 8, 8, 9, 9, 9, 9, 10, 10, 10, 10, 11, 11, 11, 11, 12, 12, 12, 12, 13, 13, 13, 13, 14, 14, 14, 
          14, 15, 15, 15, 15, 16, 16, 16, 16, 17, 17, 17, 17, 18, 18, 18, 18, 19, 19, 19, 19, 20, 20, 20, 20, 
          21, 21, 21, 21, 22, 22, 22, 22, 23, 23, 23, 23, 24, 24, 24, 24, 25, 25, 25, 25, 26, 26, 26, 26, 27, 
          27, 27, 27, 28, 28, 28, 28, 29, 29, 29, 29, 30, 30, 30, 30, 31, 31, 31, 31, 32, 32, 32, 32, 33, 33, 
          33, 33, 34, 34, 34, 34, 35, 35, 35, 35, 36, 36, 36, 36, 37, 37, 37, 37, 38, 38, 38, 38, 39, 39, 39, 
          39, 40, 40, 40, 40, 41, 41, 41, 41, 42, 42, 42, 42, 43, 43, 43, 43, 44, 44, 44, 44, 45, 45, 45, 45, 
          46, 46, 46, 46, 47, 47, 47, 47, 48, 48, 48, 48, 49, 49, 49, 49, 50, 50, 50, 50, 51, 51, 51, 51, 52, 
          52, 52, 52, 53, 53, 53, 53, 54, 54, 54, 54, 55, 55, 55, 55, 56, 56, 56, 56, 57, 57, 57, 57, 58, 58, 
          58, 58, 59, 59, 59, 59, 60, 60, 60, 60, 61, 61, 61, 61, 62, 62, 62, 62, 63, 63, 63, 63, 64, 64, 64, 
          64, 65, 65, 65, 65, 66, 66, 66, 66, 67, 67, 67, 67, 68, 68, 68, 68, 69, 69, 69, 69, 70, 70, 70, 70 ]
       ,
      MapVertDE := [ [ 1 .. 4 ], [ 5 .. 8 ], [ 9 .. 12 ], [ 13 .. 16 ], [ 17 .. 20 ], [ 21 .. 24 ], 
          [ 25 .. 28 ], [ 29 .. 32 ], [ 33 .. 36 ], [ 37 .. 40 ], [ 41 .. 44 ], [ 45 .. 48 ], [ 49 .. 52 ], 
          [ 53 .. 56 ], [ 57 .. 60 ], [ 61 .. 64 ], [ 65 .. 68 ], [ 69 .. 72 ], [ 73 .. 76 ], [ 77 .. 80 ], 
          [ 81 .. 84 ], [ 85 .. 88 ], [ 89 .. 92 ], [ 93 .. 96 ], [ 97 .. 100 ], [ 101 .. 104 ], 
          [ 105 .. 108 ], [ 109 .. 112 ], [ 113 .. 116 ], [ 117 .. 120 ], [ 121 .. 124 ], [ 125 .. 128 ], 
          [ 129 .. 132 ], [ 133 .. 136 ], [ 137 .. 140 ], [ 141 .. 144 ], [ 145 .. 148 ], [ 149 .. 152 ], 
          [ 153 .. 156 ], [ 157 .. 160 ], [ 161 .. 164 ], [ 165 .. 168 ], [ 169 .. 172 ], [ 173 .. 176 ], 
          [ 177 .. 180 ], [ 181 .. 184 ], [ 185 .. 188 ], [ 189 .. 192 ], [ 193 .. 196 ], [ 197 .. 200 ], 
          [ 201 .. 204 ], [ 205 .. 208 ], [ 209 .. 212 ], [ 213 .. 216 ], [ 217 .. 220 ], [ 221 .. 224 ], 
          [ 225 .. 228 ], [ 229 .. 232 ], [ 233 .. 236 ], [ 237 .. 240 ], [ 241 .. 244 ], [ 245 .. 248 ], 
          [ 249 .. 252 ], [ 253 .. 256 ], [ 257 .. 260 ], [ 261 .. 264 ], [ 265 .. 268 ], [ 269 .. 272 ], 
          [ 273 .. 276 ], [ 277 .. 280 ] ],
      invers := (  1,  5)(  2, 11)(  3, 13)(  4, 17)(  6, 21)(  7, 25)(  8, 29)(  9,266)( 10,265)( 12, 32)
        ( 14,268)( 15, 37)( 16, 41)( 18, 44)( 19, 45)( 20, 22)( 23, 49)( 24, 53)( 26, 56)( 27, 57)( 28, 61)
        ( 30, 64)( 31, 34)( 33,267)( 35, 65)( 36, 38)( 39, 69)( 40, 73)( 42, 76)( 43, 77)( 46, 80)( 47, 81)
        ( 48, 50)( 51, 85)( 52, 89)( 54, 92)( 55, 93)( 58, 96)( 59, 97)( 60,101)( 62,104)( 63, 66)( 67,105)
        ( 68, 70)( 71,109)( 72,113)( 74,116)( 75,117)( 78,120)( 79,121)( 82,124)( 83,125)( 84, 86)( 87,129)
        ( 88,133)( 90,136)( 91,137)( 94,140)( 95,141)( 98,144)( 99,145)(100,149)(102,152)(103,106)(107,153)
        (108,110)(111,157)(112,161)(114,164)(115,165)(118,168)(119,169)(122,172)(123,173)(126,176)(127,272)
        (128,130)(131,181)(132,185)(134,188)(135,189)(138,192)(139,276)(142,275)(143,197)(146,200)(147,201)
        (148,205)(150,208)(151,154)(155,209)(156,158)(159,213)(160,280)(162,279)(163,221)(166,224)(167,225)
        (170,228)(171,229)(174,232)(175,179)(177,270)(178,269)(180,233)(182,271)(183,236)(184,237)(186,240)
        (187,241)(190,244)(191,195)(193,274)(194,273)(196,198)(199,243)(202,242)(203,239)(204,245)(206,248)
        (207,210)(211,249)(212,214)(215,253)(216,219)(217,278)(218,277)(220,222)(223,256)(226,255)(227,257)
        (230,260)(231,234)(235,261)(238,264)(246,263)(247,250)(251,258)(252,254)(259,262),
      nbP := 280,
      next := (  1,  2,  3,  4)(  5,  6,  7,  8)(  9, 10, 11, 12)( 13, 14, 15, 16)( 17, 18, 19, 20)
        ( 21, 22, 23, 24)( 25, 26, 27, 28)( 29, 30, 31, 32)( 33, 34, 35, 36)( 37, 38, 39, 40)( 41, 42, 43, 44)
        ( 45, 46, 47, 48)( 49, 50, 51, 52)( 53, 54, 55, 56)( 57, 58, 59, 60)( 61, 62, 63, 64)( 65, 66, 67, 68)
        ( 69, 70, 71, 72)( 73, 74, 75, 76)( 77, 78, 79, 80)( 81, 82, 83, 84)( 85, 86, 87, 88)( 89, 90, 91, 92)
        ( 93, 94, 95, 96)( 97, 98, 99,100)(101,102,103,104)(105,106,107,108)(109,110,111,112)(113,114,115,116)
        (117,118,119,120)(121,122,123,124)(125,126,127,128)(129,130,131,132)(133,134,135,136)(137,138,139,140)
        (141,142,143,144)(145,146,147,148)(149,150,151,152)(153,154,155,156)(157,158,159,160)(161,162,163,164)
        (165,166,167,168)(169,170,171,172)(173,174,175,176)(177,178,179,180)(181,182,183,184)(185,186,187,188)
        (189,190,191,192)(193,194,195,196)(197,198,199,200)(201,202,203,204)(205,206,207,208)(209,210,211,212)
        (213,214,215,216)(217,218,219,220)(221,222,223,224)(225,226,227,228)(229,230,231,232)(233,234,235,236)
        (237,238,239,240)(241,242,243,244)(245,246,247,248)(249,250,251,252)(253,254,255,256)(257,258,259,260)
        (261,262,263,264)(265,266,267,268)(269,270,271,272)(273,274,275,276)(277,278,279,280) ), rec(
      MapDEvert := [ 1, 1, 1, 1, 2, 2, 2, 2, 3, 3, 3, 3, 4, 4, 4, 4, 5, 5, 5, 5, 6, 6, 6, 6, 7, 7, 7, 7, 8, 
          8, 8, 8, 9, 9, 9, 9, 10, 10, 10, 10, 11, 11, 11, 11, 12, 12, 12, 12, 13, 13, 13, 13, 14, 14, 14, 
          14, 15, 15, 15, 15, 16, 16, 16, 16, 17, 17, 17, 17, 18, 18, 18, 18, 19, 19, 19, 19, 20, 20, 20, 20, 
          21, 21, 21, 21, 22, 22, 22, 22, 23, 23, 23, 23, 24, 24, 24, 24, 25, 25, 25, 25, 26, 26, 26, 26, 27, 
          27, 27, 27, 28, 28, 28, 28, 29, 29, 29, 29, 30, 30, 30, 30, 31, 31, 31, 31, 32, 32, 32, 32, 33, 33, 
          33, 33, 34, 34, 34, 34, 35, 35, 35, 35, 36, 36, 36, 36, 37, 37, 37, 37, 38, 38, 38, 38, 39, 39, 39, 
          39, 40, 40, 40, 40, 41, 41, 41, 41, 42, 42, 42, 42, 43, 43, 43, 43, 44, 44, 44, 44, 45, 45, 45, 45, 
          46, 46, 46, 46, 47, 47, 47, 47, 48, 48, 48, 48, 49, 49, 49, 49, 50, 50, 50, 50, 51, 51, 51, 51, 52, 
          52, 52, 52, 53, 53, 53, 53, 54, 54, 54, 54, 55, 55, 55, 55, 56, 56, 56, 56, 57, 57, 57, 57, 58, 58, 
          58, 58, 59, 59, 59, 59, 60, 60, 60, 60, 61, 61, 61, 61, 62, 62, 62, 62, 63, 63, 63, 63, 64, 64, 64, 
          64, 65, 65, 65, 65, 66, 66, 66, 66, 67, 67, 67, 67, 68, 68, 68, 68, 69, 69, 69, 69, 70, 70, 70, 70 ]
       ,
      MapVertDE := [ [ 1 .. 4 ], [ 5 .. 8 ], [ 9 .. 12 ], [ 13 .. 16 ], [ 17 .. 20 ], [ 21 .. 24 ], 
          [ 25 .. 28 ], [ 29 .. 32 ], [ 33 .. 36 ], [ 37 .. 40 ], [ 41 .. 44 ], [ 45 .. 48 ], [ 49 .. 52 ], 
          [ 53 .. 56 ], [ 57 .. 60 ], [ 61 .. 64 ], [ 65 .. 68 ], [ 69 .. 72 ], [ 73 .. 76 ], [ 77 .. 80 ], 
          [ 81 .. 84 ], [ 85 .. 88 ], [ 89 .. 92 ], [ 93 .. 96 ], [ 97 .. 100 ], [ 101 .. 104 ], 
          [ 105 .. 108 ], [ 109 .. 112 ], [ 113 .. 116 ], [ 117 .. 120 ], [ 121 .. 124 ], [ 125 .. 128 ], 
          [ 129 .. 132 ], [ 133 .. 136 ], [ 137 .. 140 ], [ 141 .. 144 ], [ 145 .. 148 ], [ 149 .. 152 ], 
          [ 153 .. 156 ], [ 157 .. 160 ], [ 161 .. 164 ], [ 165 .. 168 ], [ 169 .. 172 ], [ 173 .. 176 ], 
          [ 177 .. 180 ], [ 181 .. 184 ], [ 185 .. 188 ], [ 189 .. 192 ], [ 193 .. 196 ], [ 197 .. 200 ], 
          [ 201 .. 204 ], [ 205 .. 208 ], [ 209 .. 212 ], [ 213 .. 216 ], [ 217 .. 220 ], [ 221 .. 224 ], 
          [ 225 .. 228 ], [ 229 .. 232 ], [ 233 .. 236 ], [ 237 .. 240 ], [ 241 .. 244 ], [ 245 .. 248 ], 
          [ 249 .. 252 ], [ 253 .. 256 ], [ 257 .. 260 ], [ 261 .. 264 ], [ 265 .. 268 ], [ 269 .. 272 ], 
          [ 273 .. 276 ], [ 277 .. 280 ] ],
      invers := (  1,  5)(  2, 11)(  3, 13)(  4, 17)(  6, 21)(  7, 25)(  8, 29)(  9,266)( 10,265)( 12, 32)
        ( 14,268)( 15, 37)( 16, 41)( 18, 44)( 19, 45)( 20, 22)( 23, 49)( 24, 53)( 26, 56)( 27, 57)( 28, 61)
        ( 30, 64)( 31, 34)( 33,267)( 35, 65)( 36, 38)( 39, 69)( 40, 73)( 42, 76)( 43, 77)( 46, 80)( 47,272)
        ( 48, 50)( 51, 85)( 52, 89)( 54, 92)( 55, 93)( 58, 96)( 59, 97)( 60,101)( 62,104)( 63, 66)( 67,105)
        ( 68, 70)( 71,109)( 72,113)( 74,116)( 75,117)( 78,120)( 79, 83)( 81,270)( 82,269)( 84,121)( 86,271)
        ( 87,124)( 88,125)( 90,128)( 91,129)( 94,132)( 95,133)( 98,136)( 99,137)(100,141)(102,144)(103,106)
        (107,145)(108,110)(111,149)(112,153)(114,156)(115,157)(118,160)(119,122)(123,161)(126,164)(127,165)
        (130,168)(131,169)(134,172)(135,173)(138,176)(139,177)(140,181)(142,184)(143,146)(147,185)(148,150)
        (151,189)(152,193)(154,196)(155,197)(158,200)(159,162)(163,201)(166,204)(167,205)(170,208)(171,209)
        (174,212)(175,276)(178,275)(179,217)(180,221)(182,224)(183,186)(187,225)(188,190)(191,231)(192,233)
        (194,236)(195,237)(198,240)(199,202)(203,241)(206,244)(207,245)(210,248)(211,215)(213,274)(214,273)
        (216,218)(219,247)(220,249)(222,252)(223,226)(227,253)(228,232)(229,278)(230,277)(234,280)(235,257)
        (238,260)(239,242)(243,261)(246,264)(250,263)(251,254)(255,258)(256,279)(259,262),
      nbP := 280,
      next := (  1,  2,  3,  4)(  5,  6,  7,  8)(  9, 10, 11, 12)( 13, 14, 15, 16)( 17, 18, 19, 20)
        ( 21, 22, 23, 24)( 25, 26, 27, 28)( 29, 30, 31, 32)( 33, 34, 35, 36)( 37, 38, 39, 40)( 41, 42, 43, 44)
        ( 45, 46, 47, 48)( 49, 50, 51, 52)( 53, 54, 55, 56)( 57, 58, 59, 60)( 61, 62, 63, 64)( 65, 66, 67, 68)
        ( 69, 70, 71, 72)( 73, 74, 75, 76)( 77, 78, 79, 80)( 81, 82, 83, 84)( 85, 86, 87, 88)( 89, 90, 91, 92)
        ( 93, 94, 95, 96)( 97, 98, 99,100)(101,102,103,104)(105,106,107,108)(109,110,111,112)(113,114,115,116)
        (117,118,119,120)(121,122,123,124)(125,126,127,128)(129,130,131,132)(133,134,135,136)(137,138,139,140)
        (141,142,143,144)(145,146,147,148)(149,150,151,152)(153,154,155,156)(157,158,159,160)(161,162,163,164)
        (165,166,167,168)(169,170,171,172)(173,174,175,176)(177,178,179,180)(181,182,183,184)(185,186,187,188)
        (189,190,191,192)(193,194,195,196)(197,198,199,200)(201,202,203,204)(205,206,207,208)(209,210,211,212)
        (213,214,215,216)(217,218,219,220)(221,222,223,224)(225,226,227,228)(229,230,231,232)(233,234,235,236)
        (237,238,239,240)(241,242,243,244)(245,246,247,248)(249,250,251,252)(253,254,255,256)(257,258,259,260)
        (261,262,263,264)(265,266,267,268)(269,270,271,272)(273,274,275,276)(277,278,279,280) ), rec(
      MapDEvert := [ 1, 1, 1, 1, 2, 2, 2, 2, 3, 3, 3, 3, 4, 4, 4, 4, 5, 5, 5, 5, 6, 6, 6, 6, 7, 7, 7, 7, 8, 
          8, 8, 8, 9, 9, 9, 9, 10, 10, 10, 10, 11, 11, 11, 11, 12, 12, 12, 12, 13, 13, 13, 13, 14, 14, 14, 
          14, 15, 15, 15, 15, 16, 16, 16, 16, 17, 17, 17, 17, 18, 18, 18, 18, 19, 19, 19, 19, 20, 20, 20, 20, 
          21, 21, 21, 21, 22, 22, 22, 22, 23, 23, 23, 23, 24, 24, 24, 24, 25, 25, 25, 25, 26, 26, 26, 26, 27, 
          27, 27, 27, 28, 28, 28, 28, 29, 29, 29, 29, 30, 30, 30, 30, 31, 31, 31, 31, 32, 32, 32, 32, 33, 33, 
          33, 33, 34, 34, 34, 34, 35, 35, 35, 35, 36, 36, 36, 36, 37, 37, 37, 37, 38, 38, 38, 38, 39, 39, 39, 
          39, 40, 40, 40, 40, 41, 41, 41, 41, 42, 42, 42, 42, 43, 43, 43, 43, 44, 44, 44, 44, 45, 45, 45, 45, 
          46, 46, 46, 46, 47, 47, 47, 47, 48, 48, 48, 48, 49, 49, 49, 49, 50, 50, 50, 50, 51, 51, 51, 51, 52, 
          52, 52, 52, 53, 53, 53, 53, 54, 54, 54, 54, 55, 55, 55, 55, 56, 56, 56, 56, 57, 57, 57, 57, 58, 58, 
          58, 58, 59, 59, 59, 59, 60, 60, 60, 60, 61, 61, 61, 61, 62, 62, 62, 62, 63, 63, 63, 63, 64, 64, 64, 
          64, 65, 65, 65, 65, 66, 66, 66, 66, 67, 67, 67, 67, 68, 68, 68, 68, 69, 69, 69, 69, 70, 70, 70, 70 ]
       ,
      MapVertDE := [ [ 1 .. 4 ], [ 5 .. 8 ], [ 9 .. 12 ], [ 13 .. 16 ], [ 17 .. 20 ], [ 21 .. 24 ], 
          [ 25 .. 28 ], [ 29 .. 32 ], [ 33 .. 36 ], [ 37 .. 40 ], [ 41 .. 44 ], [ 45 .. 48 ], [ 49 .. 52 ], 
          [ 53 .. 56 ], [ 57 .. 60 ], [ 61 .. 64 ], [ 65 .. 68 ], [ 69 .. 72 ], [ 73 .. 76 ], [ 77 .. 80 ], 
          [ 81 .. 84 ], [ 85 .. 88 ], [ 89 .. 92 ], [ 93 .. 96 ], [ 97 .. 100 ], [ 101 .. 104 ], 
          [ 105 .. 108 ], [ 109 .. 112 ], [ 113 .. 116 ], [ 117 .. 120 ], [ 121 .. 124 ], [ 125 .. 128 ], 
          [ 129 .. 132 ], [ 133 .. 136 ], [ 137 .. 140 ], [ 141 .. 144 ], [ 145 .. 148 ], [ 149 .. 152 ], 
          [ 153 .. 156 ], [ 157 .. 160 ], [ 161 .. 164 ], [ 165 .. 168 ], [ 169 .. 172 ], [ 173 .. 176 ], 
          [ 177 .. 180 ], [ 181 .. 184 ], [ 185 .. 188 ], [ 189 .. 192 ], [ 193 .. 196 ], [ 197 .. 200 ], 
          [ 201 .. 204 ], [ 205 .. 208 ], [ 209 .. 212 ], [ 213 .. 216 ], [ 217 .. 220 ], [ 221 .. 224 ], 
          [ 225 .. 228 ], [ 229 .. 232 ], [ 233 .. 236 ], [ 237 .. 240 ], [ 241 .. 244 ], [ 245 .. 248 ], 
          [ 249 .. 252 ], [ 253 .. 256 ], [ 257 .. 260 ], [ 261 .. 264 ], [ 265 .. 268 ], [ 269 .. 272 ], 
          [ 273 .. 276 ], [ 277 .. 280 ] ],
      invers := (  1,  5)(  2,  9)(  3, 13)(  4, 17)(  6, 21)(  7,268)(  8, 29)( 10, 32)( 11, 33)( 12, 37)
        ( 14, 40)( 15, 41)( 16, 45)( 18, 48)( 19, 49)( 20, 22)( 23, 53)( 24, 27)( 25,266)( 26,265)( 28, 57)
        ( 30, 64)( 31, 65)( 34, 68)( 35, 69)( 36, 73)( 38, 76)( 39, 77)( 42, 80)( 43, 81)( 44, 85)( 46, 88)
        ( 47, 89)( 50, 92)( 51, 93)( 52, 54)( 55, 97)( 56, 58)( 59,101)( 60, 62)( 61,267)( 63,105)( 66,108)
        ( 67,109)( 70,112)( 71,113)( 72,117)( 74,120)( 75,121)( 78,124)( 79,125)( 82,128)( 83,131)( 84,133)
        ( 86,136)( 87,137)( 90,140)( 91,141)( 94,144)( 95,145)( 96, 98)( 99,149)(100,102)(103,153)(104,106)
        (107,157)(110,160)(111,161)(114,164)(115,165)(116,169)(118,172)(119,173)(122,176)(123,177)(126,180)
        (127,181)(129,270)(130,269)(132,184)(134,272)(135,189)(138,192)(139,193)(142,196)(143,197)(146,200)
        (147,203)(148,150)(151,276)(152,154)(155,205)(156,158)(159,209)(162,212)(163,213)(166,216)(167,217)
        (168,221)(170,224)(171,280)(174,279)(175,229)(178,232)(179,233)(182,236)(183,186)(185,271)(187,237)
        (188,190)(191,241)(194,244)(195,245)(198,248)(199,249)(201,274)(202,273)(204,252)(206,275)(207,251)
        (208,210)(211,253)(214,256)(215,257)(218,260)(219,239)(220,261)(222,264)(223,227)(225,278)(226,277)
        (228,230)(231,263)(234,262)(235,238)(240,242)(243,259)(246,258)(247,255)(250,254),
      nbP := 280,
      next := (  1,  2,  3,  4)(  5,  6,  7,  8)(  9, 10, 11, 12)( 13, 14, 15, 16)( 17, 18, 19, 20)
        ( 21, 22, 23, 24)( 25, 26, 27, 28)( 29, 30, 31, 32)( 33, 34, 35, 36)( 37, 38, 39, 40)( 41, 42, 43, 44)
        ( 45, 46, 47, 48)( 49, 50, 51, 52)( 53, 54, 55, 56)( 57, 58, 59, 60)( 61, 62, 63, 64)( 65, 66, 67, 68)
        ( 69, 70, 71, 72)( 73, 74, 75, 76)( 77, 78, 79, 80)( 81, 82, 83, 84)( 85, 86, 87, 88)( 89, 90, 91, 92)
        ( 93, 94, 95, 96)( 97, 98, 99,100)(101,102,103,104)(105,106,107,108)(109,110,111,112)(113,114,115,116)
        (117,118,119,120)(121,122,123,124)(125,126,127,128)(129,130,131,132)(133,134,135,136)(137,138,139,140)
        (141,142,143,144)(145,146,147,148)(149,150,151,152)(153,154,155,156)(157,158,159,160)(161,162,163,164)
        (165,166,167,168)(169,170,171,172)(173,174,175,176)(177,178,179,180)(181,182,183,184)(185,186,187,188)
        (189,190,191,192)(193,194,195,196)(197,198,199,200)(201,202,203,204)(205,206,207,208)(209,210,211,212)
        (213,214,215,216)(217,218,219,220)(221,222,223,224)(225,226,227,228)(229,230,231,232)(233,234,235,236)
        (237,238,239,240)(241,242,243,244)(245,246,247,248)(249,250,251,252)(253,254,255,256)(257,258,259,260)
        (261,262,263,264)(265,266,267,268)(269,270,271,272)(273,274,275,276)(277,278,279,280) ), rec(
      MapDEvert := [ 1, 1, 1, 1, 2, 2, 2, 2, 3, 3, 3, 3, 4, 4, 4, 4, 5, 5, 5, 5, 6, 6, 6, 6, 7, 7, 7, 7, 8, 
          8, 8, 8, 9, 9, 9, 9, 10, 10, 10, 10, 11, 11, 11, 11, 12, 12, 12, 12, 13, 13, 13, 13, 14, 14, 14, 
          14, 15, 15, 15, 15, 16, 16, 16, 16, 17, 17, 17, 17, 18, 18, 18, 18, 19, 19, 19, 19, 20, 20, 20, 20, 
          21, 21, 21, 21, 22, 22, 22, 22, 23, 23, 23, 23, 24, 24, 24, 24, 25, 25, 25, 25, 26, 26, 26, 26, 27, 
          27, 27, 27, 28, 28, 28, 28, 29, 29, 29, 29, 30, 30, 30, 30, 31, 31, 31, 31, 32, 32, 32, 32, 33, 33, 
          33, 33, 34, 34, 34, 34, 35, 35, 35, 35, 36, 36, 36, 36, 37, 37, 37, 37, 38, 38, 38, 38, 39, 39, 39, 
          39, 40, 40, 40, 40, 41, 41, 41, 41, 42, 42, 42, 42, 43, 43, 43, 43, 44, 44, 44, 44, 45, 45, 45, 45, 
          46, 46, 46, 46, 47, 47, 47, 47, 48, 48, 48, 48, 49, 49, 49, 49, 50, 50, 50, 50, 51, 51, 51, 51, 52, 
          52, 52, 52, 53, 53, 53, 53, 54, 54, 54, 54, 55, 55, 55, 55, 56, 56, 56, 56, 57, 57, 57, 57, 58, 58, 
          58, 58, 59, 59, 59, 59, 60, 60, 60, 60, 61, 61, 61, 61, 62, 62, 62, 62, 63, 63, 63, 63, 64, 64, 64, 
          64, 65, 65, 65, 65, 66, 66, 66, 66, 67, 67, 67, 67, 68, 68, 68, 68, 69, 69, 69, 69, 70, 70, 70, 70 ]
       ,
      MapVertDE := [ [ 1 .. 4 ], [ 5 .. 8 ], [ 9 .. 12 ], [ 13 .. 16 ], [ 17 .. 20 ], [ 21 .. 24 ], 
          [ 25 .. 28 ], [ 29 .. 32 ], [ 33 .. 36 ], [ 37 .. 40 ], [ 41 .. 44 ], [ 45 .. 48 ], [ 49 .. 52 ], 
          [ 53 .. 56 ], [ 57 .. 60 ], [ 61 .. 64 ], [ 65 .. 68 ], [ 69 .. 72 ], [ 73 .. 76 ], [ 77 .. 80 ], 
          [ 81 .. 84 ], [ 85 .. 88 ], [ 89 .. 92 ], [ 93 .. 96 ], [ 97 .. 100 ], [ 101 .. 104 ], 
          [ 105 .. 108 ], [ 109 .. 112 ], [ 113 .. 116 ], [ 117 .. 120 ], [ 121 .. 124 ], [ 125 .. 128 ], 
          [ 129 .. 132 ], [ 133 .. 136 ], [ 137 .. 140 ], [ 141 .. 144 ], [ 145 .. 148 ], [ 149 .. 152 ], 
          [ 153 .. 156 ], [ 157 .. 160 ], [ 161 .. 164 ], [ 165 .. 168 ], [ 169 .. 172 ], [ 173 .. 176 ], 
          [ 177 .. 180 ], [ 181 .. 184 ], [ 185 .. 188 ], [ 189 .. 192 ], [ 193 .. 196 ], [ 197 .. 200 ], 
          [ 201 .. 204 ], [ 205 .. 208 ], [ 209 .. 212 ], [ 213 .. 216 ], [ 217 .. 220 ], [ 221 .. 224 ], 
          [ 225 .. 228 ], [ 229 .. 232 ], [ 233 .. 236 ], [ 237 .. 240 ], [ 241 .. 244 ], [ 245 .. 248 ], 
          [ 249 .. 252 ], [ 253 .. 256 ], [ 257 .. 260 ], [ 261 .. 264 ], [ 265 .. 268 ], [ 269 .. 272 ], 
          [ 273 .. 276 ], [ 277 .. 280 ] ],
      invers := (  1,  7)(  2,  9)(  3, 13)(  4, 17)(  5,266)(  6,265)(  8, 21)( 10,268)( 11, 29)( 12, 33)
        ( 14, 36)( 15, 37)( 16, 41)( 18, 44)( 19, 45)( 20, 22)( 23, 49)( 24, 26)( 25,267)( 27, 53)( 28, 30)
        ( 31, 57)( 32, 61)( 34, 64)( 35, 65)( 38, 68)( 39, 69)( 40, 73)( 42, 76)( 43, 77)( 46, 80)( 47, 81)
        ( 48, 50)( 51, 85)( 52, 54)( 55, 89)( 56, 58)( 59, 93)( 60, 97)( 62,100)( 63,101)( 66,104)( 67,105)
        ( 70,108)( 71,111)( 72,113)( 74,116)( 75,117)( 78,120)( 79,121)( 82,124)( 83,125)( 84, 86)( 87,129)
        ( 88, 90)( 91,133)( 92, 94)( 95,137)( 96,141)( 98,144)( 99,145)(102,148)(103,149)(106,152)(107,153)
        (109,270)(110,269)(112,156)(114,272)(115,161)(118,164)(119,165)(122,168)(123,169)(126,172)(127,175)
        (128,130)(131,276)(132,134)(135,177)(136,138)(139,181)(140,185)(142,188)(143,189)(146,192)(147,193)
        (150,196)(151,197)(154,200)(155,158)(157,271)(159,201)(160,162)(163,205)(166,208)(167,209)(170,212)
        (171,213)(173,274)(174,273)(176,216)(178,275)(179,215)(180,182)(183,217)(184,221)(186,224)(187,225)
        (190,228)(191,229)(194,232)(195,233)(198,236)(199,202)(203,237)(204,206)(207,241)(210,244)(211,219)
        (214,218)(220,245)(222,248)(223,249)(226,252)(227,280)(230,279)(231,257)(234,260)(235,238)(239,261)
        (240,242)(243,246)(247,264)(250,263)(251,255)(253,278)(254,277)(256,258)(259,262),
      nbP := 280,
      next := (  1,  2,  3,  4)(  5,  6,  7,  8)(  9, 10, 11, 12)( 13, 14, 15, 16)( 17, 18, 19, 20)
        ( 21, 22, 23, 24)( 25, 26, 27, 28)( 29, 30, 31, 32)( 33, 34, 35, 36)( 37, 38, 39, 40)( 41, 42, 43, 44)
        ( 45, 46, 47, 48)( 49, 50, 51, 52)( 53, 54, 55, 56)( 57, 58, 59, 60)( 61, 62, 63, 64)( 65, 66, 67, 68)
        ( 69, 70, 71, 72)( 73, 74, 75, 76)( 77, 78, 79, 80)( 81, 82, 83, 84)( 85, 86, 87, 88)( 89, 90, 91, 92)
        ( 93, 94, 95, 96)( 97, 98, 99,100)(101,102,103,104)(105,106,107,108)(109,110,111,112)(113,114,115,116)
        (117,118,119,120)(121,122,123,124)(125,126,127,128)(129,130,131,132)(133,134,135,136)(137,138,139,140)
        (141,142,143,144)(145,146,147,148)(149,150,151,152)(153,154,155,156)(157,158,159,160)(161,162,163,164)
        (165,166,167,168)(169,170,171,172)(173,174,175,176)(177,178,179,180)(181,182,183,184)(185,186,187,188)
        (189,190,191,192)(193,194,195,196)(197,198,199,200)(201,202,203,204)(205,206,207,208)(209,210,211,212)
        (213,214,215,216)(217,218,219,220)(221,222,223,224)(225,226,227,228)(229,230,231,232)(233,234,235,236)
        (237,238,239,240)(241,242,243,244)(245,246,247,248)(249,250,251,252)(253,254,255,256)(257,258,259,260)
        (261,262,263,264)(265,266,267,268)(269,270,271,272)(273,274,275,276)(277,278,279,280) ), rec(
      MapDEvert := [ 1, 1, 1, 1, 2, 2, 2, 2, 3, 3, 3, 3, 4, 4, 4, 4, 5, 5, 5, 5, 6, 6, 6, 6, 7, 7, 7, 7, 8, 
          8, 8, 8, 9, 9, 9, 9, 10, 10, 10, 10, 11, 11, 11, 11, 12, 12, 12, 12, 13, 13, 13, 13, 14, 14, 14, 
          14, 15, 15, 15, 15, 16, 16, 16, 16, 17, 17, 17, 17, 18, 18, 18, 18, 19, 19, 19, 19, 20, 20, 20, 20, 
          21, 21, 21, 21, 22, 22, 22, 22, 23, 23, 23, 23, 24, 24, 24, 24, 25, 25, 25, 25, 26, 26, 26, 26, 27, 
          27, 27, 27, 28, 28, 28, 28, 29, 29, 29, 29, 30, 30, 30, 30, 31, 31, 31, 31, 32, 32, 32, 32, 33, 33, 
          33, 33, 34, 34, 34, 34, 35, 35, 35, 35, 36, 36, 36, 36, 37, 37, 37, 37, 38, 38, 38, 38, 39, 39, 39, 
          39, 40, 40, 40, 40, 41, 41, 41, 41, 42, 42, 42, 42, 43, 43, 43, 43, 44, 44, 44, 44, 45, 45, 45, 45, 
          46, 46, 46, 46, 47, 47, 47, 47, 48, 48, 48, 48, 49, 49, 49, 49, 50, 50, 50, 50, 51, 51, 51, 51, 52, 
          52, 52, 52, 53, 53, 53, 53, 54, 54, 54, 54, 55, 55, 55, 55, 56, 56, 56, 56, 57, 57, 57, 57, 58, 58, 
          58, 58, 59, 59, 59, 59, 60, 60, 60, 60, 61, 61, 61, 61, 62, 62, 62, 62, 63, 63, 63, 63, 64, 64, 64, 
          64, 65, 65, 65, 65, 66, 66, 66, 66, 67, 67, 67, 67, 68, 68, 68, 68, 69, 69, 69, 69, 70, 70, 70, 70 ]
       ,
      MapVertDE := [ [ 1 .. 4 ], [ 5 .. 8 ], [ 9 .. 12 ], [ 13 .. 16 ], [ 17 .. 20 ], [ 21 .. 24 ], 
          [ 25 .. 28 ], [ 29 .. 32 ], [ 33 .. 36 ], [ 37 .. 40 ], [ 41 .. 44 ], [ 45 .. 48 ], [ 49 .. 52 ], 
          [ 53 .. 56 ], [ 57 .. 60 ], [ 61 .. 64 ], [ 65 .. 68 ], [ 69 .. 72 ], [ 73 .. 76 ], [ 77 .. 80 ], 
          [ 81 .. 84 ], [ 85 .. 88 ], [ 89 .. 92 ], [ 93 .. 96 ], [ 97 .. 100 ], [ 101 .. 104 ], 
          [ 105 .. 108 ], [ 109 .. 112 ], [ 113 .. 116 ], [ 117 .. 120 ], [ 121 .. 124 ], [ 125 .. 128 ], 
          [ 129 .. 132 ], [ 133 .. 136 ], [ 137 .. 140 ], [ 141 .. 144 ], [ 145 .. 148 ], [ 149 .. 152 ], 
          [ 153 .. 156 ], [ 157 .. 160 ], [ 161 .. 164 ], [ 165 .. 168 ], [ 169 .. 172 ], [ 173 .. 176 ], 
          [ 177 .. 180 ], [ 181 .. 184 ], [ 185 .. 188 ], [ 189 .. 192 ], [ 193 .. 196 ], [ 197 .. 200 ], 
          [ 201 .. 204 ], [ 205 .. 208 ], [ 209 .. 212 ], [ 213 .. 216 ], [ 217 .. 220 ], [ 221 .. 224 ], 
          [ 225 .. 228 ], [ 229 .. 232 ], [ 233 .. 236 ], [ 237 .. 240 ], [ 241 .. 244 ], [ 245 .. 248 ], 
          [ 249 .. 252 ], [ 253 .. 256 ], [ 257 .. 260 ], [ 261 .. 264 ], [ 265 .. 268 ], [ 269 .. 272 ], 
          [ 273 .. 276 ], [ 277 .. 280 ] ],
      invers := (  1,  7)(  2,  9)(  3, 13)(  4, 17)(  5,266)(  6,265)(  8, 21)( 10,268)( 11, 29)( 12, 33)
        ( 14, 36)( 15, 39)( 16, 41)( 18, 44)( 19, 45)( 20, 22)( 23, 49)( 24, 26)( 25,267)( 27, 53)( 28, 30)
        ( 31, 57)( 32, 61)( 34, 64)( 35, 65)( 37,270)( 38,269)( 40, 68)( 42,272)( 43, 73)( 46, 76)( 47, 77)
        ( 48, 50)( 51, 81)( 52, 54)( 55, 85)( 56, 58)( 59, 89)( 60, 93)( 62, 96)( 63, 97)( 66,100)( 67, 70)
        ( 69,271)( 71,101)( 72, 74)( 75,105)( 78,108)( 79,109)( 80, 82)( 83,113)( 84, 86)( 87,117)( 88, 90)
        ( 91,121)( 92,125)( 94,128)( 95,129)( 98,132)( 99,102)(103,133)(104,106)(107,137)(110,140)(111,141)
        (112,114)(115,145)(116,118)(119,149)(120,122)(123,153)(124,157)(126,160)(127,161)(130,164)(131,134)
        (135,165)(136,138)(139,169)(142,172)(143,173)(144,146)(147,177)(148,150)(151,181)(152,154)(155,185)
        (156,189)(158,192)(159,193)(162,196)(163,166)(167,197)(168,170)(171,201)(174,204)(175,205)(176,178)
        (179,209)(180,182)(183,213)(184,186)(187,217)(188,221)(190,224)(191,225)(194,228)(195,198)(199,229)
        (200,202)(203,233)(206,236)(207,239)(208,210)(211,276)(212,214)(215,241)(216,218)(219,245)(220,280)
        (222,279)(223,253)(226,256)(227,230)(231,257)(232,234)(235,261)(237,274)(238,273)(240,264)(242,275)
        (243,263)(244,246)(247,259)(248,251)(249,278)(250,277)(252,254)(255,258)(260,262),
      nbP := 280,
      next := (  1,  2,  3,  4)(  5,  6,  7,  8)(  9, 10, 11, 12)( 13, 14, 15, 16)( 17, 18, 19, 20)
        ( 21, 22, 23, 24)( 25, 26, 27, 28)( 29, 30, 31, 32)( 33, 34, 35, 36)( 37, 38, 39, 40)( 41, 42, 43, 44)
        ( 45, 46, 47, 48)( 49, 50, 51, 52)( 53, 54, 55, 56)( 57, 58, 59, 60)( 61, 62, 63, 64)( 65, 66, 67, 68)
        ( 69, 70, 71, 72)( 73, 74, 75, 76)( 77, 78, 79, 80)( 81, 82, 83, 84)( 85, 86, 87, 88)( 89, 90, 91, 92)
        ( 93, 94, 95, 96)( 97, 98, 99,100)(101,102,103,104)(105,106,107,108)(109,110,111,112)(113,114,115,116)
        (117,118,119,120)(121,122,123,124)(125,126,127,128)(129,130,131,132)(133,134,135,136)(137,138,139,140)
        (141,142,143,144)(145,146,147,148)(149,150,151,152)(153,154,155,156)(157,158,159,160)(161,162,163,164)
        (165,166,167,168)(169,170,171,172)(173,174,175,176)(177,178,179,180)(181,182,183,184)(185,186,187,188)
        (189,190,191,192)(193,194,195,196)(197,198,199,200)(201,202,203,204)(205,206,207,208)(209,210,211,212)
        (213,214,215,216)(217,218,219,220)(221,222,223,224)(225,226,227,228)(229,230,231,232)(233,234,235,236)
        (237,238,239,240)(241,242,243,244)(245,246,247,248)(249,250,251,252)(253,254,255,256)(257,258,259,260)
        (261,262,263,264)(265,266,267,268)(269,270,271,272)(273,274,275,276)(277,278,279,280) ), rec(
      MapDEvert := [ 1, 1, 1, 1, 2, 2, 2, 2, 3, 3, 3, 3, 4, 4, 4, 4, 5, 5, 5, 5, 6, 6, 6, 6, 7, 7, 7, 7, 8, 
          8, 8, 8, 9, 9, 9, 9, 10, 10, 10, 10, 11, 11, 11, 11, 12, 12, 12, 12, 13, 13, 13, 13, 14, 14, 14, 
          14, 15, 15, 15, 15, 16, 16, 16, 16, 17, 17, 17, 17, 18, 18, 18, 18, 19, 19, 19, 19, 20, 20, 20, 20, 
          21, 21, 21, 21, 22, 22, 22, 22, 23, 23, 23, 23, 24, 24, 24, 24, 25, 25, 25, 25, 26, 26, 26, 26, 27, 
          27, 27, 27, 28, 28, 28, 28, 29, 29, 29, 29, 30, 30, 30, 30, 31, 31, 31, 31, 32, 32, 32, 32, 33, 33, 
          33, 33, 34, 34, 34, 34, 35, 35, 35, 35, 36, 36, 36, 36, 37, 37, 37, 37, 38, 38, 38, 38, 39, 39, 39, 
          39, 40, 40, 40, 40, 41, 41, 41, 41, 42, 42, 42, 42, 43, 43, 43, 43, 44, 44, 44, 44, 45, 45, 45, 45, 
          46, 46, 46, 46, 47, 47, 47, 47, 48, 48, 48, 48, 49, 49, 49, 49, 50, 50, 50, 50, 51, 51, 51, 51, 52, 
          52, 52, 52, 53, 53, 53, 53, 54, 54, 54, 54, 55, 55, 55, 55, 56, 56, 56, 56, 57, 57, 57, 57, 58, 58, 
          58, 58, 59, 59, 59, 59, 60, 60, 60, 60, 61, 61, 61, 61, 62, 62, 62, 62, 63, 63, 63, 63, 64, 64, 64, 
          64, 65, 65, 65, 65, 66, 66, 66, 66, 67, 67, 67, 67, 68, 68, 68, 68, 69, 69, 69, 69, 70, 70, 70, 70 ]
       ,
      MapVertDE := [ [ 1 .. 4 ], [ 5 .. 8 ], [ 9 .. 12 ], [ 13 .. 16 ], [ 17 .. 20 ], [ 21 .. 24 ], 
          [ 25 .. 28 ], [ 29 .. 32 ], [ 33 .. 36 ], [ 37 .. 40 ], [ 41 .. 44 ], [ 45 .. 48 ], [ 49 .. 52 ], 
          [ 53 .. 56 ], [ 57 .. 60 ], [ 61 .. 64 ], [ 65 .. 68 ], [ 69 .. 72 ], [ 73 .. 76 ], [ 77 .. 80 ], 
          [ 81 .. 84 ], [ 85 .. 88 ], [ 89 .. 92 ], [ 93 .. 96 ], [ 97 .. 100 ], [ 101 .. 104 ], 
          [ 105 .. 108 ], [ 109 .. 112 ], [ 113 .. 116 ], [ 117 .. 120 ], [ 121 .. 124 ], [ 125 .. 128 ], 
          [ 129 .. 132 ], [ 133 .. 136 ], [ 137 .. 140 ], [ 141 .. 144 ], [ 145 .. 148 ], [ 149 .. 152 ], 
          [ 153 .. 156 ], [ 157 .. 160 ], [ 161 .. 164 ], [ 165 .. 168 ], [ 169 .. 172 ], [ 173 .. 176 ], 
          [ 177 .. 180 ], [ 181 .. 184 ], [ 185 .. 188 ], [ 189 .. 192 ], [ 193 .. 196 ], [ 197 .. 200 ], 
          [ 201 .. 204 ], [ 205 .. 208 ], [ 209 .. 212 ], [ 213 .. 216 ], [ 217 .. 220 ], [ 221 .. 224 ], 
          [ 225 .. 228 ], [ 229 .. 232 ], [ 233 .. 236 ], [ 237 .. 240 ], [ 241 .. 244 ], [ 245 .. 248 ], 
          [ 249 .. 252 ], [ 253 .. 256 ], [ 257 .. 260 ], [ 261 .. 264 ], [ 265 .. 268 ], [ 269 .. 272 ], 
          [ 273 .. 276 ], [ 277 .. 280 ] ],
      invers := (  1,  7)(  2,  9)(  3, 13)(  4, 17)(  5,266)(  6,265)(  8, 21)( 10,268)( 11, 29)( 12, 33)
        ( 14, 36)( 15, 37)( 16, 41)( 18, 44)( 19, 47)( 20, 22)( 23,272)( 24, 26)( 25,267)( 27, 49)( 28, 30)
        ( 31, 53)( 32, 57)( 34, 60)( 35, 61)( 38, 64)( 39, 65)( 40, 69)( 42, 72)( 43, 73)( 45,270)( 46,269)
        ( 48, 76)( 50,271)( 51, 75)( 52, 54)( 55, 77)( 56, 81)( 58, 84)( 59, 85)( 62, 88)( 63, 89)( 66, 92)
        ( 67, 93)( 68, 97)( 70,100)( 71, 79)( 74, 78)( 80,101)( 82,104)( 83,105)( 86,108)( 87,109)( 90,112)
        ( 91,113)( 94,116)( 95,117)( 96,121)( 98,124)( 99,102)(103,125)(106,128)(107,129)(110,132)(111,133)
        (114,136)(115,137)(118,140)(119,141)(120,145)(122,148)(123,126)(127,149)(130,152)(131,153)(134,156)
        (135,157)(138,160)(139,161)(142,164)(143,165)(144,169)(146,172)(147,150)(151,173)(154,176)(155,177)
        (158,180)(159,181)(162,184)(163,185)(166,188)(167,189)(168,193)(170,196)(171,174)(175,197)(178,200)
        (179,201)(182,204)(183,205)(186,208)(187,209)(190,212)(191,213)(192,217)(194,220)(195,198)(199,221)
        (202,224)(203,225)(206,228)(207,229)(210,232)(211,233)(214,236)(215,239)(216,241)(218,244)(219,222)
        (223,245)(226,248)(227,249)(230,252)(231,280)(234,279)(235,257)(237,274)(238,273)(240,260)(242,276)
        (243,246)(247,264)(250,263)(251,255)(253,278)(254,277)(256,258)(259,262)(261,275),
      nbP := 280,
      next := (  1,  2,  3,  4)(  5,  6,  7,  8)(  9, 10, 11, 12)( 13, 14, 15, 16)( 17, 18, 19, 20)
        ( 21, 22, 23, 24)( 25, 26, 27, 28)( 29, 30, 31, 32)( 33, 34, 35, 36)( 37, 38, 39, 40)( 41, 42, 43, 44)
        ( 45, 46, 47, 48)( 49, 50, 51, 52)( 53, 54, 55, 56)( 57, 58, 59, 60)( 61, 62, 63, 64)( 65, 66, 67, 68)
        ( 69, 70, 71, 72)( 73, 74, 75, 76)( 77, 78, 79, 80)( 81, 82, 83, 84)( 85, 86, 87, 88)( 89, 90, 91, 92)
        ( 93, 94, 95, 96)( 97, 98, 99,100)(101,102,103,104)(105,106,107,108)(109,110,111,112)(113,114,115,116)
        (117,118,119,120)(121,122,123,124)(125,126,127,128)(129,130,131,132)(133,134,135,136)(137,138,139,140)
        (141,142,143,144)(145,146,147,148)(149,150,151,152)(153,154,155,156)(157,158,159,160)(161,162,163,164)
        (165,166,167,168)(169,170,171,172)(173,174,175,176)(177,178,179,180)(181,182,183,184)(185,186,187,188)
        (189,190,191,192)(193,194,195,196)(197,198,199,200)(201,202,203,204)(205,206,207,208)(209,210,211,212)
        (213,214,215,216)(217,218,219,220)(221,222,223,224)(225,226,227,228)(229,230,231,232)(233,234,235,236)
        (237,238,239,240)(241,242,243,244)(245,246,247,248)(249,250,251,252)(253,254,255,256)(257,258,259,260)
        (261,262,263,264)(265,266,267,268)(269,270,271,272)(273,274,275,276)(277,278,279,280) ), rec(
      MapDEvert := [ 1, 1, 1, 1, 2, 2, 2, 2, 3, 3, 3, 3, 4, 4, 4, 4, 5, 5, 5, 5, 6, 6, 6, 6, 7, 7, 7, 7, 8, 
          8, 8, 8, 9, 9, 9, 9, 10, 10, 10, 10, 11, 11, 11, 11, 12, 12, 12, 12, 13, 13, 13, 13, 14, 14, 14, 
          14, 15, 15, 15, 15, 16, 16, 16, 16, 17, 17, 17, 17, 18, 18, 18, 18, 19, 19, 19, 19, 20, 20, 20, 20, 
          21, 21, 21, 21, 22, 22, 22, 22, 23, 23, 23, 23, 24, 24, 24, 24, 25, 25, 25, 25, 26, 26, 26, 26, 27, 
          27, 27, 27, 28, 28, 28, 28, 29, 29, 29, 29, 30, 30, 30, 30, 31, 31, 31, 31, 32, 32, 32, 32, 33, 33, 
          33, 33, 34, 34, 34, 34, 35, 35, 35, 35, 36, 36, 36, 36, 37, 37, 37, 37, 38, 38, 38, 38, 39, 39, 39, 
          39, 40, 40, 40, 40, 41, 41, 41, 41, 42, 42, 42, 42, 43, 43, 43, 43, 44, 44, 44, 44, 45, 45, 45, 45, 
          46, 46, 46, 46, 47, 47, 47, 47, 48, 48, 48, 48, 49, 49, 49, 49, 50, 50, 50, 50, 51, 51, 51, 51, 52, 
          52, 52, 52, 53, 53, 53, 53, 54, 54, 54, 54, 55, 55, 55, 55, 56, 56, 56, 56, 57, 57, 57, 57, 58, 58, 
          58, 58, 59, 59, 59, 59, 60, 60, 60, 60, 61, 61, 61, 61, 62, 62, 62, 62, 63, 63, 63, 63, 64, 64, 64, 
          64, 65, 65, 65, 65, 66, 66, 66, 66, 67, 67, 67, 67, 68, 68, 68, 68, 69, 69, 69, 69, 70, 70, 70, 70 ]
       ,
      MapVertDE := [ [ 1 .. 4 ], [ 5 .. 8 ], [ 9 .. 12 ], [ 13 .. 16 ], [ 17 .. 20 ], [ 21 .. 24 ], 
          [ 25 .. 28 ], [ 29 .. 32 ], [ 33 .. 36 ], [ 37 .. 40 ], [ 41 .. 44 ], [ 45 .. 48 ], [ 49 .. 52 ], 
          [ 53 .. 56 ], [ 57 .. 60 ], [ 61 .. 64 ], [ 65 .. 68 ], [ 69 .. 72 ], [ 73 .. 76 ], [ 77 .. 80 ], 
          [ 81 .. 84 ], [ 85 .. 88 ], [ 89 .. 92 ], [ 93 .. 96 ], [ 97 .. 100 ], [ 101 .. 104 ], 
          [ 105 .. 108 ], [ 109 .. 112 ], [ 113 .. 116 ], [ 117 .. 120 ], [ 121 .. 124 ], [ 125 .. 128 ], 
          [ 129 .. 132 ], [ 133 .. 136 ], [ 137 .. 140 ], [ 141 .. 144 ], [ 145 .. 148 ], [ 149 .. 152 ], 
          [ 153 .. 156 ], [ 157 .. 160 ], [ 161 .. 164 ], [ 165 .. 168 ], [ 169 .. 172 ], [ 173 .. 176 ], 
          [ 177 .. 180 ], [ 181 .. 184 ], [ 185 .. 188 ], [ 189 .. 192 ], [ 193 .. 196 ], [ 197 .. 200 ], 
          [ 201 .. 204 ], [ 205 .. 208 ], [ 209 .. 212 ], [ 213 .. 216 ], [ 217 .. 220 ], [ 221 .. 224 ], 
          [ 225 .. 228 ], [ 229 .. 232 ], [ 233 .. 236 ], [ 237 .. 240 ], [ 241 .. 244 ], [ 245 .. 248 ], 
          [ 249 .. 252 ], [ 253 .. 256 ], [ 257 .. 260 ], [ 261 .. 264 ], [ 265 .. 268 ], [ 269 .. 272 ], 
          [ 273 .. 276 ], [ 277 .. 280 ] ],
      invers := (  1,  7)(  2,  9)(  3, 13)(  4, 19)(  5,266)(  6,265)(  8,272)( 10,268)( 11, 25)( 12, 29)
        ( 14, 32)( 15, 33)( 16, 37)( 17,270)( 18,269)( 20, 40)( 21,267)( 22,271)( 23, 39)( 24, 26)( 27, 41)
        ( 28, 45)( 30, 48)( 31, 49)( 34, 52)( 35, 53)( 36, 43)( 38, 42)( 44, 57)( 46, 60)( 47, 61)( 50, 64)
        ( 51, 65)( 54, 68)( 55, 69)( 56, 58)( 59, 73)( 62, 76)( 63, 77)( 66, 80)( 67, 81)( 70, 84)( 71, 85)
        ( 72, 74)( 75, 89)( 78, 92)( 79, 93)( 82, 96)( 83, 97)( 86,100)( 87,101)( 88, 90)( 91,105)( 94,108)
        ( 95,109)( 98,112)( 99,113)(102,116)(103,117)(104,106)(107,121)(110,124)(111,125)(114,128)(115,129)
        (118,132)(119,133)(120,122)(123,137)(126,140)(127,141)(130,144)(131,145)(134,148)(135,149)(136,138)
        (139,153)(142,156)(143,157)(146,160)(147,161)(150,164)(151,165)(152,154)(155,169)(158,172)(159,173)
        (162,176)(163,177)(166,180)(167,181)(168,170)(171,185)(174,188)(175,189)(178,192)(179,193)(182,196)
        (183,197)(184,186)(187,201)(190,204)(191,205)(194,208)(195,209)(198,212)(199,213)(200,202)(203,217)
        (206,220)(207,221)(210,224)(211,225)(214,228)(215,229)(216,218)(219,233)(222,236)(223,237)(226,240)
        (227,241)(230,244)(231,245)(232,234)(235,249)(238,252)(239,253)(242,256)(243,276)(246,275)(247,263)
        (248,250)(251,280)(254,279)(255,259)(257,274)(258,273)(260,264)(261,278)(262,277),
      nbP := 280,
      next := (  1,  2,  3,  4)(  5,  6,  7,  8)(  9, 10, 11, 12)( 13, 14, 15, 16)( 17, 18, 19, 20)
        ( 21, 22, 23, 24)( 25, 26, 27, 28)( 29, 30, 31, 32)( 33, 34, 35, 36)( 37, 38, 39, 40)( 41, 42, 43, 44)
        ( 45, 46, 47, 48)( 49, 50, 51, 52)( 53, 54, 55, 56)( 57, 58, 59, 60)( 61, 62, 63, 64)( 65, 66, 67, 68)
        ( 69, 70, 71, 72)( 73, 74, 75, 76)( 77, 78, 79, 80)( 81, 82, 83, 84)( 85, 86, 87, 88)( 89, 90, 91, 92)
        ( 93, 94, 95, 96)( 97, 98, 99,100)(101,102,103,104)(105,106,107,108)(109,110,111,112)(113,114,115,116)
        (117,118,119,120)(121,122,123,124)(125,126,127,128)(129,130,131,132)(133,134,135,136)(137,138,139,140)
        (141,142,143,144)(145,146,147,148)(149,150,151,152)(153,154,155,156)(157,158,159,160)(161,162,163,164)
        (165,166,167,168)(169,170,171,172)(173,174,175,176)(177,178,179,180)(181,182,183,184)(185,186,187,188)
        (189,190,191,192)(193,194,195,196)(197,198,199,200)(201,202,203,204)(205,206,207,208)(209,210,211,212)
        (213,214,215,216)(217,218,219,220)(221,222,223,224)(225,226,227,228)(229,230,231,232)(233,234,235,236)
        (237,238,239,240)(241,242,243,244)(245,246,247,248)(249,250,251,252)(253,254,255,256)(257,258,259,260)
        (261,262,263,264)(265,266,267,268)(269,270,271,272)(273,274,275,276)(277,278,279,280) ), rec(
      MapDEvert := [ 1, 1, 1, 1, 2, 2, 2, 2, 3, 3, 3, 3, 4, 4, 4, 4, 5, 5, 5, 5, 6, 6, 6, 6, 7, 7, 7, 7, 8, 
          8, 8, 8, 9, 9, 9, 9, 10, 10, 10, 10, 11, 11, 11, 11, 12, 12, 12, 12, 13, 13, 13, 13, 14, 14, 14, 
          14, 15, 15, 15, 15, 16, 16, 16, 16, 17, 17, 17, 17, 18, 18, 18, 18, 19, 19, 19, 19, 20, 20, 20, 20, 
          21, 21, 21, 21, 22, 22, 22, 22, 23, 23, 23, 23, 24, 24, 24, 24, 25, 25, 25, 25, 26, 26, 26, 26, 27, 
          27, 27, 27, 28, 28, 28, 28, 29, 29, 29, 29, 30, 30, 30, 30, 31, 31, 31, 31, 32, 32, 32, 32, 33, 33, 
          33, 33, 34, 34, 34, 34, 35, 35, 35, 35, 36, 36, 36, 36, 37, 37, 37, 37, 38, 38, 38, 38, 39, 39, 39, 
          39, 40, 40, 40, 40, 41, 41, 41, 41, 42, 42, 42, 42, 43, 43, 43, 43, 44, 44, 44, 44, 45, 45, 45, 45, 
          46, 46, 46, 46, 47, 47, 47, 47, 48, 48, 48, 48, 49, 49, 49, 49, 50, 50, 50, 50, 51, 51, 51, 51, 52, 
          52, 52, 52, 53, 53, 53, 53, 54, 54, 54, 54, 55, 55, 55, 55, 56, 56, 56, 56, 57, 57, 57, 57, 58, 58, 
          58, 58, 59, 59, 59, 59, 60, 60, 60, 60, 61, 61, 61, 61, 62, 62, 62, 62, 63, 63, 63, 63, 64, 64, 64, 
          64, 65, 65, 65, 65, 66, 66, 66, 66, 67, 67, 67, 67, 68, 68, 68, 68, 69, 69, 69, 69, 70, 70, 70, 70 ]
       ,
      MapVertDE := [ [ 1 .. 4 ], [ 5 .. 8 ], [ 9 .. 12 ], [ 13 .. 16 ], [ 17 .. 20 ], [ 21 .. 24 ], 
          [ 25 .. 28 ], [ 29 .. 32 ], [ 33 .. 36 ], [ 37 .. 40 ], [ 41 .. 44 ], [ 45 .. 48 ], [ 49 .. 52 ], 
          [ 53 .. 56 ], [ 57 .. 60 ], [ 61 .. 64 ], [ 65 .. 68 ], [ 69 .. 72 ], [ 73 .. 76 ], [ 77 .. 80 ], 
          [ 81 .. 84 ], [ 85 .. 88 ], [ 89 .. 92 ], [ 93 .. 96 ], [ 97 .. 100 ], [ 101 .. 104 ], 
          [ 105 .. 108 ], [ 109 .. 112 ], [ 113 .. 116 ], [ 117 .. 120 ], [ 121 .. 124 ], [ 125 .. 128 ], 
          [ 129 .. 132 ], [ 133 .. 136 ], [ 137 .. 140 ], [ 141 .. 144 ], [ 145 .. 148 ], [ 149 .. 152 ], 
          [ 153 .. 156 ], [ 157 .. 160 ], [ 161 .. 164 ], [ 165 .. 168 ], [ 169 .. 172 ], [ 173 .. 176 ], 
          [ 177 .. 180 ], [ 181 .. 184 ], [ 185 .. 188 ], [ 189 .. 192 ], [ 193 .. 196 ], [ 197 .. 200 ], 
          [ 201 .. 204 ], [ 205 .. 208 ], [ 209 .. 212 ], [ 213 .. 216 ], [ 217 .. 220 ], [ 221 .. 224 ], 
          [ 225 .. 228 ], [ 229 .. 232 ], [ 233 .. 236 ], [ 237 .. 240 ], [ 241 .. 244 ], [ 245 .. 248 ], 
          [ 249 .. 252 ], [ 253 .. 256 ], [ 257 .. 260 ], [ 261 .. 264 ], [ 265 .. 268 ], [ 269 .. 272 ], 
          [ 273 .. 276 ], [ 277 .. 280 ] ],
      invers := (  1,274)(  2,273)(  3,  9)(  4, 14)(  5,276)(  6,275)(  7, 13)(  8, 10)( 11, 17)( 12, 22)
        ( 15, 21)( 16, 18)( 19, 25)( 20, 30)( 23, 29)( 24, 26)( 27, 33)( 28, 38)( 31, 37)( 32, 34)( 35, 41)
        ( 36, 46)( 39, 45)( 40, 42)( 43, 49)( 44, 54)( 47, 53)( 48, 50)( 51, 57)( 52, 62)( 55, 61)( 56, 58)
        ( 59, 65)( 60, 70)( 63, 69)( 64, 66)( 67, 73)( 68, 78)( 71, 77)( 72, 74)( 75, 81)( 76, 86)( 79, 85)
        ( 80, 82)( 83, 89)( 84, 94)( 87, 93)( 88, 90)( 91, 97)( 92,102)( 95,101)( 96, 98)( 99,105)(100,110)
        (103,109)(104,106)(107,113)(108,118)(111,117)(112,114)(115,121)(116,126)(119,125)(120,122)(123,129)
        (124,134)(127,133)(128,130)(131,137)(132,142)(135,141)(136,138)(139,145)(140,150)(143,149)(144,146)
        (147,153)(148,158)(151,157)(152,154)(155,161)(156,166)(159,165)(160,162)(163,169)(164,174)(167,173)
        (168,170)(171,177)(172,182)(175,181)(176,178)(179,185)(180,190)(183,189)(184,186)(187,193)(188,198)
        (191,197)(192,194)(195,201)(196,206)(199,205)(200,202)(203,209)(204,214)(207,213)(208,210)(211,217)
        (212,222)(215,221)(216,218)(219,225)(220,230)(223,229)(224,226)(227,233)(228,238)(231,237)(232,234)
        (235,241)(236,246)(239,245)(240,242)(243,249)(244,254)(247,253)(248,250)(251,257)(252,262)(255,261)
        (256,258)(259,265)(260,270)(263,269)(264,266)(267,280)(268,279)(271,278)(272,277),
      nbP := 280,
      next := (  1,  2,  3,  4)(  5,  6,  7,  8)(  9, 10, 11, 12)( 13, 14, 15, 16)( 17, 18, 19, 20)
        ( 21, 22, 23, 24)( 25, 26, 27, 28)( 29, 30, 31, 32)( 33, 34, 35, 36)( 37, 38, 39, 40)( 41, 42, 43, 44)
        ( 45, 46, 47, 48)( 49, 50, 51, 52)( 53, 54, 55, 56)( 57, 58, 59, 60)( 61, 62, 63, 64)( 65, 66, 67, 68)
        ( 69, 70, 71, 72)( 73, 74, 75, 76)( 77, 78, 79, 80)( 81, 82, 83, 84)( 85, 86, 87, 88)( 89, 90, 91, 92)
        ( 93, 94, 95, 96)( 97, 98, 99,100)(101,102,103,104)(105,106,107,108)(109,110,111,112)(113,114,115,116)
        (117,118,119,120)(121,122,123,124)(125,126,127,128)(129,130,131,132)(133,134,135,136)(137,138,139,140)
        (141,142,143,144)(145,146,147,148)(149,150,151,152)(153,154,155,156)(157,158,159,160)(161,162,163,164)
        (165,166,167,168)(169,170,171,172)(173,174,175,176)(177,178,179,180)(181,182,183,184)(185,186,187,188)
        (189,190,191,192)(193,194,195,196)(197,198,199,200)(201,202,203,204)(205,206,207,208)(209,210,211,212)
        (213,214,215,216)(217,218,219,220)(221,222,223,224)(225,226,227,228)(229,230,231,232)(233,234,235,236)
        (237,238,239,240)(241,242,243,244)(245,246,247,248)(249,250,251,252)(253,254,255,256)(257,258,259,260)
        (261,262,263,264)(265,266,267,268)(269,270,271,272)(273,274,275,276)(277,278,279,280) ), rec(
      invers := (  1,141)(  2,144)(  3,  5)(  4,142)(  6,148)(  7,  9)(  8,146)( 10,152)( 11, 13)( 12,150)
        ( 14,156)( 15, 17)( 16,154)( 18,160)( 19, 21)( 20,158)( 22,164)( 23, 25)( 24,162)( 26,168)( 27, 29)
        ( 28,166)( 30,172)( 31, 33)( 32,170)( 34,176)( 35, 37)( 36,174)( 38,180)( 39, 41)( 40,178)( 42,184)
        ( 43, 45)( 44,182)( 46,188)( 47, 49)( 48,186)( 50,192)( 51, 53)( 52,190)( 54,196)( 55, 57)( 56,194)
        ( 58,200)( 59, 61)( 60,198)( 62,204)( 63, 65)( 64,202)( 66,208)( 67, 69)( 68,206)( 70,212)( 71, 73)
        ( 72,210)( 74,216)( 75, 77)( 76,214)( 78,220)( 79, 81)( 80,218)( 82,224)( 83, 85)( 84,222)( 86,228)
        ( 87, 89)( 88,226)( 90,232)( 91, 93)( 92,230)( 94,236)( 95, 97)( 96,234)( 98,240)( 99,101)(100,238)
        (102,244)(103,105)(104,242)(106,248)(107,109)(108,246)(110,252)(111,113)(112,250)(114,256)(115,117)
        (116,254)(118,260)(119,121)(120,258)(122,264)(123,125)(124,262)(126,268)(127,129)(128,266)(130,272)
        (131,133)(132,270)(134,276)(135,137)(136,274)(138,280)(139,279)(140,278)(143,145)(147,149)(151,153)
        (155,157)(159,161)(163,165)(167,169)(171,173)(175,177)(179,181)(183,185)(187,189)(191,193)(195,197)
        (199,201)(203,205)(207,209)(211,213)(215,217)(219,221)(223,225)(227,229)(231,233)(235,237)(239,241)
        (243,245)(247,249)(251,253)(255,257)(259,261)(263,265)(267,269)(271,273)(275,277),
      nbP := 280,
      next := (  1,  2,  3,  4)(  5,  6,  7,  8)(  9, 10, 11, 12)( 13, 14, 15, 16)( 17, 18, 19, 20)
        ( 21, 22, 23, 24)( 25, 26, 27, 28)( 29, 30, 31, 32)( 33, 34, 35, 36)( 37, 38, 39, 40)( 41, 42, 43, 44)
        ( 45, 46, 47, 48)( 49, 50, 51, 52)( 53, 54, 55, 56)( 57, 58, 59, 60)( 61, 62, 63, 64)( 65, 66, 67, 68)
        ( 69, 70, 71, 72)( 73, 74, 75, 76)( 77, 78, 79, 80)( 81, 82, 83, 84)( 85, 86, 87, 88)( 89, 90, 91, 92)
        ( 93, 94, 95, 96)( 97, 98, 99,100)(101,102,103,104)(105,106,107,108)(109,110,111,112)(113,114,115,116)
        (117,118,119,120)(121,122,123,124)(125,126,127,128)(129,130,131,132)(133,134,135,136)(137,138,139,140)
        (141,142,143,144)(145,146,147,148)(149,150,151,152)(153,154,155,156)(157,158,159,160)(161,162,163,164)
        (165,166,167,168)(169,170,171,172)(173,174,175,176)(177,178,179,180)(181,182,183,184)(185,186,187,188)
        (189,190,191,192)(193,194,195,196)(197,198,199,200)(201,202,203,204)(205,206,207,208)(209,210,211,212)
        (213,214,215,216)(217,218,219,220)(221,222,223,224)(225,226,227,228)(229,230,231,232)(233,234,235,236)
        (237,238,239,240)(241,242,243,244)(245,246,247,248)(249,250,251,252)(253,254,255,256)(257,258,259,260)
        (261,262,263,264)(265,266,267,268)(269,270,271,272)(273,274,275,276)(277,278,279,280) ) ];
