return [ rec(
      MapDEvert := [ 1, 1, 1, 1, 2, 2, 2, 2, 3, 3, 3, 3, 4, 4, 4, 4, 5, 5, 5, 5, 6, 6, 6, 6, 7, 7, 7, 7, 8, 
          8, 8, 8, 9, 9, 9, 9, 10, 10, 10, 10, 11, 11, 11, 11, 12, 12, 12, 12, 13, 13, 13, 13, 14, 14, 14, 
          14, 15, 15, 15, 15, 16, 16, 16, 16, 17, 17, 17, 17, 18, 18, 18, 18, 19, 19, 19, 19, 20, 20, 20, 20, 
          21, 21, 21, 21, 22, 22, 22, 22, 23, 23, 23, 23, 24, 24, 24, 24, 25, 25, 25, 25, 26, 26, 26, 26, 27, 
          27, 27, 27, 28, 28, 28, 28, 29, 29, 29, 29, 30, 30, 30, 30, 31, 31, 31, 31, 32, 32, 32, 32, 33, 33, 
          33, 33, 34, 34, 34, 34, 35, 35, 35, 35, 36, 36, 36, 36, 37, 37, 37, 37, 38, 38, 38, 38, 39, 39, 39, 
          39, 40, 40, 40, 40, 41, 41, 41, 41, 42, 42, 42, 42, 43, 43, 43, 43, 44, 44, 44, 44, 45, 45, 45, 45, 
          46, 46, 46, 46, 47, 47, 47, 47, 48, 48, 48, 48, 49, 49, 49, 49, 50, 50, 50, 50, 51, 51, 51, 51, 52, 
          52, 52, 52, 53, 53, 53, 53, 54, 54, 54, 54, 55, 55, 55, 55, 56, 56, 56, 56 ],
      MapVertDE := [ [ 1 .. 4 ], [ 5 .. 8 ], [ 9 .. 12 ], [ 13 .. 16 ], [ 17 .. 20 ], [ 21 .. 24 ], 
          [ 25 .. 28 ], [ 29 .. 32 ], [ 33 .. 36 ], [ 37 .. 40 ], [ 41 .. 44 ], [ 45 .. 48 ], [ 49 .. 52 ], 
          [ 53 .. 56 ], [ 57 .. 60 ], [ 61 .. 64 ], [ 65 .. 68 ], [ 69 .. 72 ], [ 73 .. 76 ], [ 77 .. 80 ], 
          [ 81 .. 84 ], [ 85 .. 88 ], [ 89 .. 92 ], [ 93 .. 96 ], [ 97 .. 100 ], [ 101 .. 104 ], 
          [ 105 .. 108 ], [ 109 .. 112 ], [ 113 .. 116 ], [ 117 .. 120 ], [ 121 .. 124 ], [ 125 .. 128 ], 
          [ 129 .. 132 ], [ 133 .. 136 ], [ 137 .. 140 ], [ 141 .. 144 ], [ 145 .. 148 ], [ 149 .. 152 ], 
          [ 153 .. 156 ], [ 157 .. 160 ], [ 161 .. 164 ], [ 165 .. 168 ], [ 169 .. 172 ], [ 173 .. 176 ], 
          [ 177 .. 180 ], [ 181 .. 184 ], [ 185 .. 188 ], [ 189 .. 192 ], [ 193 .. 196 ], [ 197 .. 200 ], 
          [ 201 .. 204 ], [ 205 .. 208 ], [ 209 .. 212 ], [ 213 .. 216 ], [ 217 .. 220 ], [ 221 .. 224 ] ],
      invers := (  1,  5)(  2,  9)(  3, 13)(  4, 17)(  6, 21)(  7, 25)(  8, 29)( 10, 32)( 11, 33)( 12, 37)
        ( 14, 40)( 15, 41)( 16, 45)( 18, 48)( 19, 49)( 20, 22)( 23, 53)( 24, 57)( 26, 60)( 27, 61)( 28, 65)
        ( 30, 68)( 31, 69)( 34, 72)( 35, 73)( 36, 77)( 38, 80)( 39, 81)( 42, 84)( 43, 85)( 44, 89)( 46, 92)
        ( 47, 93)( 50, 96)( 51, 99)( 52, 54)( 55,212)( 56,101)( 58,104)( 59,105)( 62,108)( 63,109)( 64,113)
        ( 66,116)( 67,117)( 70,120)( 71,121)( 74,124)( 75,125)( 76,216)( 78,215)( 79,133)( 82,136)( 83,137)
        ( 86,140)( 87,111)( 88,141)( 90,144)( 91,145)( 94,148)( 95,149)( 97,210)( 98,209)(100,152)(102,156)
        (103,157)(106,160)(107,161)(110,164)(112,165)(114,168)(115,169)(118,172)(119,220)(122,219)(123,177)
        (126,180)(127,181)(128,131)(129,214)(130,213)(132,134)(135,184)(138,183)(139,166)(142,163)(143,185)
        (146,188)(147,189)(150,192)(151,154)(153,211)(155,193)(158,196)(159,197)(162,200)(167,201)(170,204)
        (171,175)(173,218)(174,217)(176,178)(179,203)(182,202)(186,199)(187,224)(190,223)(191,194)(195,208)
        (198,207)(205,222)(206,221),
      nbP := 224,
      next := (  1,  2,  3,  4)(  5,  6,  7,  8)(  9, 10, 11, 12)( 13, 14, 15, 16)( 17, 18, 19, 20)
        ( 21, 22, 23, 24)( 25, 26, 27, 28)( 29, 30, 31, 32)( 33, 34, 35, 36)( 37, 38, 39, 40)( 41, 42, 43, 44)
        ( 45, 46, 47, 48)( 49, 50, 51, 52)( 53, 54, 55, 56)( 57, 58, 59, 60)( 61, 62, 63, 64)( 65, 66, 67, 68)
        ( 69, 70, 71, 72)( 73, 74, 75, 76)( 77, 78, 79, 80)( 81, 82, 83, 84)( 85, 86, 87, 88)( 89, 90, 91, 92)
        ( 93, 94, 95, 96)( 97, 98, 99,100)(101,102,103,104)(105,106,107,108)(109,110,111,112)(113,114,115,116)
        (117,118,119,120)(121,122,123,124)(125,126,127,128)(129,130,131,132)(133,134,135,136)(137,138,139,140)
        (141,142,143,144)(145,146,147,148)(149,150,151,152)(153,154,155,156)(157,158,159,160)(161,162,163,164)
        (165,166,167,168)(169,170,171,172)(173,174,175,176)(177,178,179,180)(181,182,183,184)(185,186,187,188)
        (189,190,191,192)(193,194,195,196)(197,198,199,200)(201,202,203,204)(205,206,207,208)(209,210,211,212)
        (213,214,215,216)(217,218,219,220)(221,222,223,224) ), rec(
      MapDEvert := [ 1, 1, 1, 1, 2, 2, 2, 2, 3, 3, 3, 3, 4, 4, 4, 4, 5, 5, 5, 5, 6, 6, 6, 6, 7, 7, 7, 7, 8, 
          8, 8, 8, 9, 9, 9, 9, 10, 10, 10, 10, 11, 11, 11, 11, 12, 12, 12, 12, 13, 13, 13, 13, 14, 14, 14, 
          14, 15, 15, 15, 15, 16, 16, 16, 16, 17, 17, 17, 17, 18, 18, 18, 18, 19, 19, 19, 19, 20, 20, 20, 20, 
          21, 21, 21, 21, 22, 22, 22, 22, 23, 23, 23, 23, 24, 24, 24, 24, 25, 25, 25, 25, 26, 26, 26, 26, 27, 
          27, 27, 27, 28, 28, 28, 28, 29, 29, 29, 29, 30, 30, 30, 30, 31, 31, 31, 31, 32, 32, 32, 32, 33, 33, 
          33, 33, 34, 34, 34, 34, 35, 35, 35, 35, 36, 36, 36, 36, 37, 37, 37, 37, 38, 38, 38, 38, 39, 39, 39, 
          39, 40, 40, 40, 40, 41, 41, 41, 41, 42, 42, 42, 42, 43, 43, 43, 43, 44, 44, 44, 44, 45, 45, 45, 45, 
          46, 46, 46, 46, 47, 47, 47, 47, 48, 48, 48, 48, 49, 49, 49, 49, 50, 50, 50, 50, 51, 51, 51, 51, 52, 
          52, 52, 52, 53, 53, 53, 53, 54, 54, 54, 54, 55, 55, 55, 55, 56, 56, 56, 56 ],
      MapVertDE := [ [ 1 .. 4 ], [ 5 .. 8 ], [ 9 .. 12 ], [ 13 .. 16 ], [ 17 .. 20 ], [ 21 .. 24 ], 
          [ 25 .. 28 ], [ 29 .. 32 ], [ 33 .. 36 ], [ 37 .. 40 ], [ 41 .. 44 ], [ 45 .. 48 ], [ 49 .. 52 ], 
          [ 53 .. 56 ], [ 57 .. 60 ], [ 61 .. 64 ], [ 65 .. 68 ], [ 69 .. 72 ], [ 73 .. 76 ], [ 77 .. 80 ], 
          [ 81 .. 84 ], [ 85 .. 88 ], [ 89 .. 92 ], [ 93 .. 96 ], [ 97 .. 100 ], [ 101 .. 104 ], 
          [ 105 .. 108 ], [ 109 .. 112 ], [ 113 .. 116 ], [ 117 .. 120 ], [ 121 .. 124 ], [ 125 .. 128 ], 
          [ 129 .. 132 ], [ 133 .. 136 ], [ 137 .. 140 ], [ 141 .. 144 ], [ 145 .. 148 ], [ 149 .. 152 ], 
          [ 153 .. 156 ], [ 157 .. 160 ], [ 161 .. 164 ], [ 165 .. 168 ], [ 169 .. 172 ], [ 173 .. 176 ], 
          [ 177 .. 180 ], [ 181 .. 184 ], [ 185 .. 188 ], [ 189 .. 192 ], [ 193 .. 196 ], [ 197 .. 200 ], 
          [ 201 .. 204 ], [ 205 .. 208 ], [ 209 .. 212 ], [ 213 .. 216 ], [ 217 .. 220 ], [ 221 .. 224 ] ],
      invers := (  1,  5)(  2,  9)(  3, 13)(  4, 17)(  6, 21)(  7, 25)(  8, 29)( 10, 32)( 11, 33)( 12, 37)
        ( 14, 40)( 15, 43)( 16, 45)( 18, 48)( 19, 49)( 20, 22)( 23, 53)( 24, 57)( 26, 60)( 27, 61)( 28, 65)
        ( 30, 68)( 31, 69)( 34, 72)( 35, 73)( 36, 77)( 38, 80)( 39, 81)( 41,210)( 42,209)( 44, 84)( 46,212)
        ( 47, 89)( 50, 92)( 51,216)( 52, 54)( 55, 97)( 56,101)( 58,104)( 59,105)( 62,108)( 63,109)( 64,113)
        ( 66,116)( 67,117)( 70,120)( 71,121)( 74,124)( 75,125)( 76,129)( 78,132)( 79,133)( 82,136)( 83, 86)
        ( 85,211)( 87,137)( 88, 90)( 91, 95)( 93,214)( 94,213)( 96,140)( 98,215)( 99,139)(100,141)(102,144)
        (103,145)(106,148)(107,149)(110,152)(111,153)(112,157)(114,160)(115,161)(118,164)(119,165)(122,168)
        (123,169)(126,172)(127,150)(128,147)(130,146)(131,143)(134,142)(135,138)(151,173)(154,176)(155,177)
        (156,220)(158,219)(159,185)(162,188)(163,189)(166,192)(167,193)(170,196)(171,174)(175,197)(178,200)
        (179,201)(180,183)(181,218)(182,217)(184,186)(187,204)(190,203)(191,224)(194,223)(195,198)(199,208)
        (202,207)(205,222)(206,221),
      nbP := 224,
      next := (  1,  2,  3,  4)(  5,  6,  7,  8)(  9, 10, 11, 12)( 13, 14, 15, 16)( 17, 18, 19, 20)
        ( 21, 22, 23, 24)( 25, 26, 27, 28)( 29, 30, 31, 32)( 33, 34, 35, 36)( 37, 38, 39, 40)( 41, 42, 43, 44)
        ( 45, 46, 47, 48)( 49, 50, 51, 52)( 53, 54, 55, 56)( 57, 58, 59, 60)( 61, 62, 63, 64)( 65, 66, 67, 68)
        ( 69, 70, 71, 72)( 73, 74, 75, 76)( 77, 78, 79, 80)( 81, 82, 83, 84)( 85, 86, 87, 88)( 89, 90, 91, 92)
        ( 93, 94, 95, 96)( 97, 98, 99,100)(101,102,103,104)(105,106,107,108)(109,110,111,112)(113,114,115,116)
        (117,118,119,120)(121,122,123,124)(125,126,127,128)(129,130,131,132)(133,134,135,136)(137,138,139,140)
        (141,142,143,144)(145,146,147,148)(149,150,151,152)(153,154,155,156)(157,158,159,160)(161,162,163,164)
        (165,166,167,168)(169,170,171,172)(173,174,175,176)(177,178,179,180)(181,182,183,184)(185,186,187,188)
        (189,190,191,192)(193,194,195,196)(197,198,199,200)(201,202,203,204)(205,206,207,208)(209,210,211,212)
        (213,214,215,216)(217,218,219,220)(221,222,223,224) ), rec(
      MapDEvert := [ 1, 1, 1, 1, 2, 2, 2, 2, 3, 3, 3, 3, 4, 4, 4, 4, 5, 5, 5, 5, 6, 6, 6, 6, 7, 7, 7, 7, 8, 
          8, 8, 8, 9, 9, 9, 9, 10, 10, 10, 10, 11, 11, 11, 11, 12, 12, 12, 12, 13, 13, 13, 13, 14, 14, 14, 
          14, 15, 15, 15, 15, 16, 16, 16, 16, 17, 17, 17, 17, 18, 18, 18, 18, 19, 19, 19, 19, 20, 20, 20, 20, 
          21, 21, 21, 21, 22, 22, 22, 22, 23, 23, 23, 23, 24, 24, 24, 24, 25, 25, 25, 25, 26, 26, 26, 26, 27, 
          27, 27, 27, 28, 28, 28, 28, 29, 29, 29, 29, 30, 30, 30, 30, 31, 31, 31, 31, 32, 32, 32, 32, 33, 33, 
          33, 33, 34, 34, 34, 34, 35, 35, 35, 35, 36, 36, 36, 36, 37, 37, 37, 37, 38, 38, 38, 38, 39, 39, 39, 
          39, 40, 40, 40, 40, 41, 41, 41, 41, 42, 42, 42, 42, 43, 43, 43, 43, 44, 44, 44, 44, 45, 45, 45, 45, 
          46, 46, 46, 46, 47, 47, 47, 47, 48, 48, 48, 48, 49, 49, 49, 49, 50, 50, 50, 50, 51, 51, 51, 51, 52, 
          52, 52, 52, 53, 53, 53, 53, 54, 54, 54, 54, 55, 55, 55, 55, 56, 56, 56, 56 ],
      MapVertDE := [ [ 1 .. 4 ], [ 5 .. 8 ], [ 9 .. 12 ], [ 13 .. 16 ], [ 17 .. 20 ], [ 21 .. 24 ], 
          [ 25 .. 28 ], [ 29 .. 32 ], [ 33 .. 36 ], [ 37 .. 40 ], [ 41 .. 44 ], [ 45 .. 48 ], [ 49 .. 52 ], 
          [ 53 .. 56 ], [ 57 .. 60 ], [ 61 .. 64 ], [ 65 .. 68 ], [ 69 .. 72 ], [ 73 .. 76 ], [ 77 .. 80 ], 
          [ 81 .. 84 ], [ 85 .. 88 ], [ 89 .. 92 ], [ 93 .. 96 ], [ 97 .. 100 ], [ 101 .. 104 ], 
          [ 105 .. 108 ], [ 109 .. 112 ], [ 113 .. 116 ], [ 117 .. 120 ], [ 121 .. 124 ], [ 125 .. 128 ], 
          [ 129 .. 132 ], [ 133 .. 136 ], [ 137 .. 140 ], [ 141 .. 144 ], [ 145 .. 148 ], [ 149 .. 152 ], 
          [ 153 .. 156 ], [ 157 .. 160 ], [ 161 .. 164 ], [ 165 .. 168 ], [ 169 .. 172 ], [ 173 .. 176 ], 
          [ 177 .. 180 ], [ 181 .. 184 ], [ 185 .. 188 ], [ 189 .. 192 ], [ 193 .. 196 ], [ 197 .. 200 ], 
          [ 201 .. 204 ], [ 205 .. 208 ], [ 209 .. 212 ], [ 213 .. 216 ], [ 217 .. 220 ], [ 221 .. 224 ] ],
      invers := (  1,  5)(  2,  9)(  3, 13)(  4, 17)(  6, 21)(  7, 25)(  8, 29)( 10, 32)( 11, 33)( 12, 37)
        ( 14, 40)( 15, 41)( 16, 45)( 18, 48)( 19, 49)( 20, 22)( 23, 53)( 24, 57)( 26, 60)( 27, 61)( 28, 65)
        ( 30, 68)( 31, 69)( 34, 72)( 35,212)( 36, 77)( 38, 80)( 39, 81)( 42, 84)( 43, 85)( 44, 89)( 46, 92)
        ( 47, 93)( 50, 96)( 51, 99)( 52, 54)( 55,216)( 56,101)( 58,104)( 59,105)( 62,108)( 63,109)( 64,113)
        ( 66,116)( 67,117)( 70,120)( 71, 75)( 73,210)( 74,209)( 76,121)( 78,128)( 79,129)( 82,132)( 83,133)
        ( 86,136)( 87,111)( 88,137)( 90,140)( 91,141)( 94,144)( 95,145)( 97,214)( 98,213)(100,148)(102,152)
        (103,153)(106,156)(107,157)(110,160)(112,161)(114,164)(115,165)(118,168)(119,122)(123,169)(124,126)
        (125,211)(127,173)(130,176)(131,177)(134,180)(135,162)(138,159)(139,181)(142,184)(143,185)(146,188)
        (147,150)(149,215)(151,189)(154,192)(155,193)(158,196)(163,197)(166,200)(167,170)(171,203)(172,174)
        (175,220)(178,219)(179,198)(182,195)(183,224)(186,223)(187,190)(191,208)(194,207)(199,204)(201,218)
        (202,217)(205,222)(206,221),
      nbP := 224,
      next := (  1,  2,  3,  4)(  5,  6,  7,  8)(  9, 10, 11, 12)( 13, 14, 15, 16)( 17, 18, 19, 20)
        ( 21, 22, 23, 24)( 25, 26, 27, 28)( 29, 30, 31, 32)( 33, 34, 35, 36)( 37, 38, 39, 40)( 41, 42, 43, 44)
        ( 45, 46, 47, 48)( 49, 50, 51, 52)( 53, 54, 55, 56)( 57, 58, 59, 60)( 61, 62, 63, 64)( 65, 66, 67, 68)
        ( 69, 70, 71, 72)( 73, 74, 75, 76)( 77, 78, 79, 80)( 81, 82, 83, 84)( 85, 86, 87, 88)( 89, 90, 91, 92)
        ( 93, 94, 95, 96)( 97, 98, 99,100)(101,102,103,104)(105,106,107,108)(109,110,111,112)(113,114,115,116)
        (117,118,119,120)(121,122,123,124)(125,126,127,128)(129,130,131,132)(133,134,135,136)(137,138,139,140)
        (141,142,143,144)(145,146,147,148)(149,150,151,152)(153,154,155,156)(157,158,159,160)(161,162,163,164)
        (165,166,167,168)(169,170,171,172)(173,174,175,176)(177,178,179,180)(181,182,183,184)(185,186,187,188)
        (189,190,191,192)(193,194,195,196)(197,198,199,200)(201,202,203,204)(205,206,207,208)(209,210,211,212)
        (213,214,215,216)(217,218,219,220)(221,222,223,224) ), rec(
      MapDEvert := [ 1, 1, 1, 1, 2, 2, 2, 2, 3, 3, 3, 3, 4, 4, 4, 4, 5, 5, 5, 5, 6, 6, 6, 6, 7, 7, 7, 7, 8, 
          8, 8, 8, 9, 9, 9, 9, 10, 10, 10, 10, 11, 11, 11, 11, 12, 12, 12, 12, 13, 13, 13, 13, 14, 14, 14, 
          14, 15, 15, 15, 15, 16, 16, 16, 16, 17, 17, 17, 17, 18, 18, 18, 18, 19, 19, 19, 19, 20, 20, 20, 20, 
          21, 21, 21, 21, 22, 22, 22, 22, 23, 23, 23, 23, 24, 24, 24, 24, 25, 25, 25, 25, 26, 26, 26, 26, 27, 
          27, 27, 27, 28, 28, 28, 28, 29, 29, 29, 29, 30, 30, 30, 30, 31, 31, 31, 31, 32, 32, 32, 32, 33, 33, 
          33, 33, 34, 34, 34, 34, 35, 35, 35, 35, 36, 36, 36, 36, 37, 37, 37, 37, 38, 38, 38, 38, 39, 39, 39, 
          39, 40, 40, 40, 40, 41, 41, 41, 41, 42, 42, 42, 42, 43, 43, 43, 43, 44, 44, 44, 44, 45, 45, 45, 45, 
          46, 46, 46, 46, 47, 47, 47, 47, 48, 48, 48, 48, 49, 49, 49, 49, 50, 50, 50, 50, 51, 51, 51, 51, 52, 
          52, 52, 52, 53, 53, 53, 53, 54, 54, 54, 54, 55, 55, 55, 55, 56, 56, 56, 56 ],
      MapVertDE := [ [ 1 .. 4 ], [ 5 .. 8 ], [ 9 .. 12 ], [ 13 .. 16 ], [ 17 .. 20 ], [ 21 .. 24 ], 
          [ 25 .. 28 ], [ 29 .. 32 ], [ 33 .. 36 ], [ 37 .. 40 ], [ 41 .. 44 ], [ 45 .. 48 ], [ 49 .. 52 ], 
          [ 53 .. 56 ], [ 57 .. 60 ], [ 61 .. 64 ], [ 65 .. 68 ], [ 69 .. 72 ], [ 73 .. 76 ], [ 77 .. 80 ], 
          [ 81 .. 84 ], [ 85 .. 88 ], [ 89 .. 92 ], [ 93 .. 96 ], [ 97 .. 100 ], [ 101 .. 104 ], 
          [ 105 .. 108 ], [ 109 .. 112 ], [ 113 .. 116 ], [ 117 .. 120 ], [ 121 .. 124 ], [ 125 .. 128 ], 
          [ 129 .. 132 ], [ 133 .. 136 ], [ 137 .. 140 ], [ 141 .. 144 ], [ 145 .. 148 ], [ 149 .. 152 ], 
          [ 153 .. 156 ], [ 157 .. 160 ], [ 161 .. 164 ], [ 165 .. 168 ], [ 169 .. 172 ], [ 173 .. 176 ], 
          [ 177 .. 180 ], [ 181 .. 184 ], [ 185 .. 188 ], [ 189 .. 192 ], [ 193 .. 196 ], [ 197 .. 200 ], 
          [ 201 .. 204 ], [ 205 .. 208 ], [ 209 .. 212 ], [ 213 .. 216 ], [ 217 .. 220 ], [ 221 .. 224 ] ],
      invers := (  1,  5)(  2,  9)(  3, 13)(  4, 17)(  6, 21)(  7, 25)(  8, 29)( 10, 32)( 11, 33)( 12, 37)
        ( 14, 40)( 15, 41)( 16, 45)( 18, 48)( 19, 49)( 20, 22)( 23, 53)( 24, 57)( 26, 60)( 27, 61)( 28,212)
        ( 30,211)( 31, 69)( 34, 72)( 35, 73)( 36, 77)( 38, 80)( 39, 81)( 42, 84)( 43, 85)( 44,216)( 46,215)
        ( 47, 93)( 50, 96)( 51, 97)( 52, 54)( 55,101)( 56,105)( 58,108)( 59,109)( 62,112)( 63,113)( 64, 67)
        ( 65,210)( 66,209)( 68, 70)( 71,116)( 74,115)( 75,117)( 76,121)( 78,124)( 79,125)( 82,128)( 83,129)
        ( 86,132)( 87,133)( 88, 91)( 89,214)( 90,213)( 92, 94)( 95,136)( 98,135)( 99,137)(100,102)(103,141)
        (104,145)(106,148)(107,149)(110,152)(111,153)(114,156)(118,155)(119,157)(120,161)(122,164)(123,165)
        (126,168)(127,169)(130,172)(131,173)(134,176)(138,175)(139,177)(140,142)(143,181)(144,185)(146,188)
        (147,220)(150,219)(151,193)(154,196)(158,195)(159,186)(160,184)(162,183)(163,197)(166,200)(167,224)
        (170,223)(171,205)(174,208)(178,207)(179,198)(180,182)(187,191)(189,218)(190,217)(192,194)(199,203)
        (201,222)(202,221)(204,206),
      nbP := 224,
      next := (  1,  2,  3,  4)(  5,  6,  7,  8)(  9, 10, 11, 12)( 13, 14, 15, 16)( 17, 18, 19, 20)
        ( 21, 22, 23, 24)( 25, 26, 27, 28)( 29, 30, 31, 32)( 33, 34, 35, 36)( 37, 38, 39, 40)( 41, 42, 43, 44)
        ( 45, 46, 47, 48)( 49, 50, 51, 52)( 53, 54, 55, 56)( 57, 58, 59, 60)( 61, 62, 63, 64)( 65, 66, 67, 68)
        ( 69, 70, 71, 72)( 73, 74, 75, 76)( 77, 78, 79, 80)( 81, 82, 83, 84)( 85, 86, 87, 88)( 89, 90, 91, 92)
        ( 93, 94, 95, 96)( 97, 98, 99,100)(101,102,103,104)(105,106,107,108)(109,110,111,112)(113,114,115,116)
        (117,118,119,120)(121,122,123,124)(125,126,127,128)(129,130,131,132)(133,134,135,136)(137,138,139,140)
        (141,142,143,144)(145,146,147,148)(149,150,151,152)(153,154,155,156)(157,158,159,160)(161,162,163,164)
        (165,166,167,168)(169,170,171,172)(173,174,175,176)(177,178,179,180)(181,182,183,184)(185,186,187,188)
        (189,190,191,192)(193,194,195,196)(197,198,199,200)(201,202,203,204)(205,206,207,208)(209,210,211,212)
        (213,214,215,216)(217,218,219,220)(221,222,223,224) ), rec(
      MapDEvert := [ 1, 1, 1, 1, 2, 2, 2, 2, 3, 3, 3, 3, 4, 4, 4, 4, 5, 5, 5, 5, 6, 6, 6, 6, 7, 7, 7, 7, 8, 
          8, 8, 8, 9, 9, 9, 9, 10, 10, 10, 10, 11, 11, 11, 11, 12, 12, 12, 12, 13, 13, 13, 13, 14, 14, 14, 
          14, 15, 15, 15, 15, 16, 16, 16, 16, 17, 17, 17, 17, 18, 18, 18, 18, 19, 19, 19, 19, 20, 20, 20, 20, 
          21, 21, 21, 21, 22, 22, 22, 22, 23, 23, 23, 23, 24, 24, 24, 24, 25, 25, 25, 25, 26, 26, 26, 26, 27, 
          27, 27, 27, 28, 28, 28, 28, 29, 29, 29, 29, 30, 30, 30, 30, 31, 31, 31, 31, 32, 32, 32, 32, 33, 33, 
          33, 33, 34, 34, 34, 34, 35, 35, 35, 35, 36, 36, 36, 36, 37, 37, 37, 37, 38, 38, 38, 38, 39, 39, 39, 
          39, 40, 40, 40, 40, 41, 41, 41, 41, 42, 42, 42, 42, 43, 43, 43, 43, 44, 44, 44, 44, 45, 45, 45, 45, 
          46, 46, 46, 46, 47, 47, 47, 47, 48, 48, 48, 48, 49, 49, 49, 49, 50, 50, 50, 50, 51, 51, 51, 51, 52, 
          52, 52, 52, 53, 53, 53, 53, 54, 54, 54, 54, 55, 55, 55, 55, 56, 56, 56, 56 ],
      MapVertDE := [ [ 1 .. 4 ], [ 5 .. 8 ], [ 9 .. 12 ], [ 13 .. 16 ], [ 17 .. 20 ], [ 21 .. 24 ], 
          [ 25 .. 28 ], [ 29 .. 32 ], [ 33 .. 36 ], [ 37 .. 40 ], [ 41 .. 44 ], [ 45 .. 48 ], [ 49 .. 52 ], 
          [ 53 .. 56 ], [ 57 .. 60 ], [ 61 .. 64 ], [ 65 .. 68 ], [ 69 .. 72 ], [ 73 .. 76 ], [ 77 .. 80 ], 
          [ 81 .. 84 ], [ 85 .. 88 ], [ 89 .. 92 ], [ 93 .. 96 ], [ 97 .. 100 ], [ 101 .. 104 ], 
          [ 105 .. 108 ], [ 109 .. 112 ], [ 113 .. 116 ], [ 117 .. 120 ], [ 121 .. 124 ], [ 125 .. 128 ], 
          [ 129 .. 132 ], [ 133 .. 136 ], [ 137 .. 140 ], [ 141 .. 144 ], [ 145 .. 148 ], [ 149 .. 152 ], 
          [ 153 .. 156 ], [ 157 .. 160 ], [ 161 .. 164 ], [ 165 .. 168 ], [ 169 .. 172 ], [ 173 .. 176 ], 
          [ 177 .. 180 ], [ 181 .. 184 ], [ 185 .. 188 ], [ 189 .. 192 ], [ 193 .. 196 ], [ 197 .. 200 ], 
          [ 201 .. 204 ], [ 205 .. 208 ], [ 209 .. 212 ], [ 213 .. 216 ], [ 217 .. 220 ], [ 221 .. 224 ] ],
      invers := (  1,  5)(  2,  9)(  3, 13)(  4, 17)(  6, 23)(  7, 25)(  8, 29)( 10, 32)( 11, 33)( 12, 37)
        ( 14, 40)( 15, 41)( 16, 45)( 18, 48)( 19, 49)( 20, 24)( 21,210)( 22,209)( 26,212)( 27, 55)( 28, 57)
        ( 30, 60)( 31, 61)( 34, 64)( 35, 65)( 36, 69)( 38, 72)( 39, 73)( 42, 76)( 43, 77)( 44, 81)( 46, 84)
        ( 47, 85)( 50, 88)( 51, 56)( 52,211)( 53,214)( 54,213)( 58,216)( 59, 89)( 62, 92)( 63, 93)( 66, 96)
        ( 67, 97)( 68,101)( 70,104)( 71,105)( 74,108)( 75,109)( 78,112)( 79, 98)( 80, 95)( 82, 94)( 83, 91)
        ( 86, 90)( 87,215)( 99,113)(100,117)(102,120)(103,121)(106,124)(107,125)(110,128)(111,114)(115,129)
        (116,133)(118,136)(119,137)(122,140)(123,141)(126,144)(127,130)(131,145)(132,149)(134,152)(135,153)
        (138,156)(139,157)(142,160)(143,146)(147,161)(148,165)(150,168)(151,169)(154,172)(155,173)(158,176)
        (159,162)(163,177)(164,181)(166,184)(167,185)(170,188)(171,189)(174,192)(175,178)(179,195)(180,197)
        (182,200)(183,224)(186,223)(187,205)(190,208)(191,196)(193,218)(194,217)(198,220)(199,203)(201,222)
        (202,221)(204,206)(207,219),
      nbP := 224,
      next := (  1,  2,  3,  4)(  5,  6,  7,  8)(  9, 10, 11, 12)( 13, 14, 15, 16)( 17, 18, 19, 20)
        ( 21, 22, 23, 24)( 25, 26, 27, 28)( 29, 30, 31, 32)( 33, 34, 35, 36)( 37, 38, 39, 40)( 41, 42, 43, 44)
        ( 45, 46, 47, 48)( 49, 50, 51, 52)( 53, 54, 55, 56)( 57, 58, 59, 60)( 61, 62, 63, 64)( 65, 66, 67, 68)
        ( 69, 70, 71, 72)( 73, 74, 75, 76)( 77, 78, 79, 80)( 81, 82, 83, 84)( 85, 86, 87, 88)( 89, 90, 91, 92)
        ( 93, 94, 95, 96)( 97, 98, 99,100)(101,102,103,104)(105,106,107,108)(109,110,111,112)(113,114,115,116)
        (117,118,119,120)(121,122,123,124)(125,126,127,128)(129,130,131,132)(133,134,135,136)(137,138,139,140)
        (141,142,143,144)(145,146,147,148)(149,150,151,152)(153,154,155,156)(157,158,159,160)(161,162,163,164)
        (165,166,167,168)(169,170,171,172)(173,174,175,176)(177,178,179,180)(181,182,183,184)(185,186,187,188)
        (189,190,191,192)(193,194,195,196)(197,198,199,200)(201,202,203,204)(205,206,207,208)(209,210,211,212)
        (213,214,215,216)(217,218,219,220)(221,222,223,224) ), rec(
      MapDEvert := [ 1, 1, 1, 1, 2, 2, 2, 2, 3, 3, 3, 3, 4, 4, 4, 4, 5, 5, 5, 5, 6, 6, 6, 6, 7, 7, 7, 7, 8, 
          8, 8, 8, 9, 9, 9, 9, 10, 10, 10, 10, 11, 11, 11, 11, 12, 12, 12, 12, 13, 13, 13, 13, 14, 14, 14, 
          14, 15, 15, 15, 15, 16, 16, 16, 16, 17, 17, 17, 17, 18, 18, 18, 18, 19, 19, 19, 19, 20, 20, 20, 20, 
          21, 21, 21, 21, 22, 22, 22, 22, 23, 23, 23, 23, 24, 24, 24, 24, 25, 25, 25, 25, 26, 26, 26, 26, 27, 
          27, 27, 27, 28, 28, 28, 28, 29, 29, 29, 29, 30, 30, 30, 30, 31, 31, 31, 31, 32, 32, 32, 32, 33, 33, 
          33, 33, 34, 34, 34, 34, 35, 35, 35, 35, 36, 36, 36, 36, 37, 37, 37, 37, 38, 38, 38, 38, 39, 39, 39, 
          39, 40, 40, 40, 40, 41, 41, 41, 41, 42, 42, 42, 42, 43, 43, 43, 43, 44, 44, 44, 44, 45, 45, 45, 45, 
          46, 46, 46, 46, 47, 47, 47, 47, 48, 48, 48, 48, 49, 49, 49, 49, 50, 50, 50, 50, 51, 51, 51, 51, 52, 
          52, 52, 52, 53, 53, 53, 53, 54, 54, 54, 54, 55, 55, 55, 55, 56, 56, 56, 56 ],
      MapVertDE := [ [ 1 .. 4 ], [ 5 .. 8 ], [ 9 .. 12 ], [ 13 .. 16 ], [ 17 .. 20 ], [ 21 .. 24 ], 
          [ 25 .. 28 ], [ 29 .. 32 ], [ 33 .. 36 ], [ 37 .. 40 ], [ 41 .. 44 ], [ 45 .. 48 ], [ 49 .. 52 ], 
          [ 53 .. 56 ], [ 57 .. 60 ], [ 61 .. 64 ], [ 65 .. 68 ], [ 69 .. 72 ], [ 73 .. 76 ], [ 77 .. 80 ], 
          [ 81 .. 84 ], [ 85 .. 88 ], [ 89 .. 92 ], [ 93 .. 96 ], [ 97 .. 100 ], [ 101 .. 104 ], 
          [ 105 .. 108 ], [ 109 .. 112 ], [ 113 .. 116 ], [ 117 .. 120 ], [ 121 .. 124 ], [ 125 .. 128 ], 
          [ 129 .. 132 ], [ 133 .. 136 ], [ 137 .. 140 ], [ 141 .. 144 ], [ 145 .. 148 ], [ 149 .. 152 ], 
          [ 153 .. 156 ], [ 157 .. 160 ], [ 161 .. 164 ], [ 165 .. 168 ], [ 169 .. 172 ], [ 173 .. 176 ], 
          [ 177 .. 180 ], [ 181 .. 184 ], [ 185 .. 188 ], [ 189 .. 192 ], [ 193 .. 196 ], [ 197 .. 200 ], 
          [ 201 .. 204 ], [ 205 .. 208 ], [ 209 .. 212 ], [ 213 .. 216 ], [ 217 .. 220 ], [ 221 .. 224 ] ],
      invers := (  1,  5)(  2,  9)(  3, 13)(  4, 17)(  6, 23)(  7, 25)(  8, 29)( 10, 32)( 11, 33)( 12, 37)
        ( 14, 40)( 15, 41)( 16, 45)( 18, 48)( 19, 49)( 20, 24)( 21,210)( 22,209)( 26,212)( 27, 55)( 28, 57)
        ( 30, 60)( 31, 61)( 34, 64)( 35, 65)( 36, 69)( 38, 72)( 39, 73)( 42, 76)( 43, 77)( 44, 81)( 46, 84)
        ( 47, 85)( 50, 88)( 51, 56)( 52,211)( 53,214)( 54,213)( 58,216)( 59, 89)( 62, 92)( 63, 93)( 66, 96)
        ( 67, 97)( 68,101)( 70,104)( 71,105)( 74,108)( 75,109)( 78,112)( 79, 98)( 80, 95)( 82, 94)( 83, 91)
        ( 86, 90)( 87,215)( 99,113)(100,117)(102,120)(103,121)(106,124)(107,125)(110,128)(111,114)(115,129)
        (116,133)(118,136)(119,137)(122,140)(123,141)(126,144)(127,130)(131,145)(132,149)(134,152)(135,153)
        (138,156)(139,157)(142,160)(143,146)(147,161)(148,165)(150,168)(151,169)(154,172)(155,173)(158,176)
        (159,162)(163,177)(164,181)(166,184)(167,185)(170,188)(171,189)(174,192)(175,178)(179,193)(180,220)
        (182,219)(183,201)(186,204)(187,224)(190,223)(191,194)(195,208)(196,199)(197,218)(198,217)(200,202)
        (203,207)(205,222)(206,221),
      nbP := 224,
      next := (  1,  2,  3,  4)(  5,  6,  7,  8)(  9, 10, 11, 12)( 13, 14, 15, 16)( 17, 18, 19, 20)
        ( 21, 22, 23, 24)( 25, 26, 27, 28)( 29, 30, 31, 32)( 33, 34, 35, 36)( 37, 38, 39, 40)( 41, 42, 43, 44)
        ( 45, 46, 47, 48)( 49, 50, 51, 52)( 53, 54, 55, 56)( 57, 58, 59, 60)( 61, 62, 63, 64)( 65, 66, 67, 68)
        ( 69, 70, 71, 72)( 73, 74, 75, 76)( 77, 78, 79, 80)( 81, 82, 83, 84)( 85, 86, 87, 88)( 89, 90, 91, 92)
        ( 93, 94, 95, 96)( 97, 98, 99,100)(101,102,103,104)(105,106,107,108)(109,110,111,112)(113,114,115,116)
        (117,118,119,120)(121,122,123,124)(125,126,127,128)(129,130,131,132)(133,134,135,136)(137,138,139,140)
        (141,142,143,144)(145,146,147,148)(149,150,151,152)(153,154,155,156)(157,158,159,160)(161,162,163,164)
        (165,166,167,168)(169,170,171,172)(173,174,175,176)(177,178,179,180)(181,182,183,184)(185,186,187,188)
        (189,190,191,192)(193,194,195,196)(197,198,199,200)(201,202,203,204)(205,206,207,208)(209,210,211,212)
        (213,214,215,216)(217,218,219,220)(221,222,223,224) ), rec(
      MapDEvert := [ 1, 1, 1, 1, 2, 2, 2, 2, 3, 3, 3, 3, 4, 4, 4, 4, 5, 5, 5, 5, 6, 6, 6, 6, 7, 7, 7, 7, 8, 
          8, 8, 8, 9, 9, 9, 9, 10, 10, 10, 10, 11, 11, 11, 11, 12, 12, 12, 12, 13, 13, 13, 13, 14, 14, 14, 
          14, 15, 15, 15, 15, 16, 16, 16, 16, 17, 17, 17, 17, 18, 18, 18, 18, 19, 19, 19, 19, 20, 20, 20, 20, 
          21, 21, 21, 21, 22, 22, 22, 22, 23, 23, 23, 23, 24, 24, 24, 24, 25, 25, 25, 25, 26, 26, 26, 26, 27, 
          27, 27, 27, 28, 28, 28, 28, 29, 29, 29, 29, 30, 30, 30, 30, 31, 31, 31, 31, 32, 32, 32, 32, 33, 33, 
          33, 33, 34, 34, 34, 34, 35, 35, 35, 35, 36, 36, 36, 36, 37, 37, 37, 37, 38, 38, 38, 38, 39, 39, 39, 
          39, 40, 40, 40, 40, 41, 41, 41, 41, 42, 42, 42, 42, 43, 43, 43, 43, 44, 44, 44, 44, 45, 45, 45, 45, 
          46, 46, 46, 46, 47, 47, 47, 47, 48, 48, 48, 48, 49, 49, 49, 49, 50, 50, 50, 50, 51, 51, 51, 51, 52, 
          52, 52, 52, 53, 53, 53, 53, 54, 54, 54, 54, 55, 55, 55, 55, 56, 56, 56, 56 ],
      MapVertDE := [ [ 1 .. 4 ], [ 5 .. 8 ], [ 9 .. 12 ], [ 13 .. 16 ], [ 17 .. 20 ], [ 21 .. 24 ], 
          [ 25 .. 28 ], [ 29 .. 32 ], [ 33 .. 36 ], [ 37 .. 40 ], [ 41 .. 44 ], [ 45 .. 48 ], [ 49 .. 52 ], 
          [ 53 .. 56 ], [ 57 .. 60 ], [ 61 .. 64 ], [ 65 .. 68 ], [ 69 .. 72 ], [ 73 .. 76 ], [ 77 .. 80 ], 
          [ 81 .. 84 ], [ 85 .. 88 ], [ 89 .. 92 ], [ 93 .. 96 ], [ 97 .. 100 ], [ 101 .. 104 ], 
          [ 105 .. 108 ], [ 109 .. 112 ], [ 113 .. 116 ], [ 117 .. 120 ], [ 121 .. 124 ], [ 125 .. 128 ], 
          [ 129 .. 132 ], [ 133 .. 136 ], [ 137 .. 140 ], [ 141 .. 144 ], [ 145 .. 148 ], [ 149 .. 152 ], 
          [ 153 .. 156 ], [ 157 .. 160 ], [ 161 .. 164 ], [ 165 .. 168 ], [ 169 .. 172 ], [ 173 .. 176 ], 
          [ 177 .. 180 ], [ 181 .. 184 ], [ 185 .. 188 ], [ 189 .. 192 ], [ 193 .. 196 ], [ 197 .. 200 ], 
          [ 201 .. 204 ], [ 205 .. 208 ], [ 209 .. 212 ], [ 213 .. 216 ], [ 217 .. 220 ], [ 221 .. 224 ] ],
      invers := (  1,  5)(  2,  9)(  3, 13)(  4, 17)(  6, 21)(  7, 25)(  8, 29)( 10, 32)( 11, 33)( 12, 37)
        ( 14, 40)( 15,212)( 16, 45)( 18, 48)( 19, 49)( 20, 22)( 23, 53)( 24, 57)( 26, 60)( 27, 61)( 28, 65)
        ( 30, 68)( 31, 69)( 34, 72)( 35, 73)( 36, 77)( 38, 80)( 39, 43)( 41,210)( 42,209)( 44, 81)( 46, 88)
        ( 47, 89)( 50, 92)( 51, 93)( 52, 54)( 55, 97)( 56,101)( 58,104)( 59,105)( 62,108)( 63,111)( 64,113)
        ( 66,116)( 67,117)( 70,120)( 71,121)( 74,124)( 75,125)( 76,129)( 78,132)( 79, 82)( 83,133)( 84, 86)
        ( 85,211)( 87,137)( 90,140)( 91,220)( 94,219)( 95,145)( 96, 98)( 99,149)(100,153)(102,156)(103,157)
        (106,160)(107,161)(109,214)(110,213)(112,164)(114,216)(115,169)(118,172)(119,173)(122,176)(123,177)
        (126,180)(127,154)(128,152)(130,151)(131,134)(135,147)(136,138)(139,143)(141,218)(142,217)(144,146)
        (148,150)(155,181)(158,184)(159,185)(162,188)(163,166)(165,215)(167,189)(168,170)(171,193)(174,196)
        (175,197)(178,200)(179,182)(183,201)(186,204)(187,190)(191,207)(192,194)(195,224)(198,223)(199,202)
        (203,208)(205,222)(206,221),
      nbP := 224,
      next := (  1,  2,  3,  4)(  5,  6,  7,  8)(  9, 10, 11, 12)( 13, 14, 15, 16)( 17, 18, 19, 20)
        ( 21, 22, 23, 24)( 25, 26, 27, 28)( 29, 30, 31, 32)( 33, 34, 35, 36)( 37, 38, 39, 40)( 41, 42, 43, 44)
        ( 45, 46, 47, 48)( 49, 50, 51, 52)( 53, 54, 55, 56)( 57, 58, 59, 60)( 61, 62, 63, 64)( 65, 66, 67, 68)
        ( 69, 70, 71, 72)( 73, 74, 75, 76)( 77, 78, 79, 80)( 81, 82, 83, 84)( 85, 86, 87, 88)( 89, 90, 91, 92)
        ( 93, 94, 95, 96)( 97, 98, 99,100)(101,102,103,104)(105,106,107,108)(109,110,111,112)(113,114,115,116)
        (117,118,119,120)(121,122,123,124)(125,126,127,128)(129,130,131,132)(133,134,135,136)(137,138,139,140)
        (141,142,143,144)(145,146,147,148)(149,150,151,152)(153,154,155,156)(157,158,159,160)(161,162,163,164)
        (165,166,167,168)(169,170,171,172)(173,174,175,176)(177,178,179,180)(181,182,183,184)(185,186,187,188)
        (189,190,191,192)(193,194,195,196)(197,198,199,200)(201,202,203,204)(205,206,207,208)(209,210,211,212)
        (213,214,215,216)(217,218,219,220)(221,222,223,224) ), rec(
      MapDEvert := [ 1, 1, 1, 1, 2, 2, 2, 2, 3, 3, 3, 3, 4, 4, 4, 4, 5, 5, 5, 5, 6, 6, 6, 6, 7, 7, 7, 7, 8, 
          8, 8, 8, 9, 9, 9, 9, 10, 10, 10, 10, 11, 11, 11, 11, 12, 12, 12, 12, 13, 13, 13, 13, 14, 14, 14, 
          14, 15, 15, 15, 15, 16, 16, 16, 16, 17, 17, 17, 17, 18, 18, 18, 18, 19, 19, 19, 19, 20, 20, 20, 20, 
          21, 21, 21, 21, 22, 22, 22, 22, 23, 23, 23, 23, 24, 24, 24, 24, 25, 25, 25, 25, 26, 26, 26, 26, 27, 
          27, 27, 27, 28, 28, 28, 28, 29, 29, 29, 29, 30, 30, 30, 30, 31, 31, 31, 31, 32, 32, 32, 32, 33, 33, 
          33, 33, 34, 34, 34, 34, 35, 35, 35, 35, 36, 36, 36, 36, 37, 37, 37, 37, 38, 38, 38, 38, 39, 39, 39, 
          39, 40, 40, 40, 40, 41, 41, 41, 41, 42, 42, 42, 42, 43, 43, 43, 43, 44, 44, 44, 44, 45, 45, 45, 45, 
          46, 46, 46, 46, 47, 47, 47, 47, 48, 48, 48, 48, 49, 49, 49, 49, 50, 50, 50, 50, 51, 51, 51, 51, 52, 
          52, 52, 52, 53, 53, 53, 53, 54, 54, 54, 54, 55, 55, 55, 55, 56, 56, 56, 56 ],
      MapVertDE := [ [ 1 .. 4 ], [ 5 .. 8 ], [ 9 .. 12 ], [ 13 .. 16 ], [ 17 .. 20 ], [ 21 .. 24 ], 
          [ 25 .. 28 ], [ 29 .. 32 ], [ 33 .. 36 ], [ 37 .. 40 ], [ 41 .. 44 ], [ 45 .. 48 ], [ 49 .. 52 ], 
          [ 53 .. 56 ], [ 57 .. 60 ], [ 61 .. 64 ], [ 65 .. 68 ], [ 69 .. 72 ], [ 73 .. 76 ], [ 77 .. 80 ], 
          [ 81 .. 84 ], [ 85 .. 88 ], [ 89 .. 92 ], [ 93 .. 96 ], [ 97 .. 100 ], [ 101 .. 104 ], 
          [ 105 .. 108 ], [ 109 .. 112 ], [ 113 .. 116 ], [ 117 .. 120 ], [ 121 .. 124 ], [ 125 .. 128 ], 
          [ 129 .. 132 ], [ 133 .. 136 ], [ 137 .. 140 ], [ 141 .. 144 ], [ 145 .. 148 ], [ 149 .. 152 ], 
          [ 153 .. 156 ], [ 157 .. 160 ], [ 161 .. 164 ], [ 165 .. 168 ], [ 169 .. 172 ], [ 173 .. 176 ], 
          [ 177 .. 180 ], [ 181 .. 184 ], [ 185 .. 188 ], [ 189 .. 192 ], [ 193 .. 196 ], [ 197 .. 200 ], 
          [ 201 .. 204 ], [ 205 .. 208 ], [ 209 .. 212 ], [ 213 .. 216 ], [ 217 .. 220 ], [ 221 .. 224 ] ],
      invers := (  1,  5)(  2,  9)(  3, 13)(  4, 17)(  6, 21)(  7, 25)(  8, 29)( 10, 32)( 11, 33)( 12, 37)
        ( 14, 40)( 15,212)( 16, 45)( 18, 48)( 19, 49)( 20, 22)( 23, 53)( 24, 57)( 26, 60)( 27, 61)( 28, 65)
        ( 30, 68)( 31, 69)( 34, 72)( 35, 73)( 36, 77)( 38, 80)( 39, 43)( 41,210)( 42,209)( 44, 81)( 46, 88)
        ( 47,216)( 50,215)( 51, 93)( 52, 54)( 55, 97)( 56,101)( 58,104)( 59,105)( 62,108)( 63,109)( 64,113)
        ( 66,116)( 67,117)( 70,120)( 71,121)( 74,124)( 75,102)( 76,100)( 78, 99)( 79, 82)( 83, 95)( 84, 86)
        ( 85,211)( 87, 91)( 89,214)( 90,213)( 92, 94)( 96, 98)(103,125)(106,128)(107,129)(110,132)(111,133)
        (112,137)(114,140)(115,141)(118,144)(119,145)(122,148)(123,126)(127,149)(130,152)(131,153)(134,156)
        (135,157)(136,161)(138,164)(139,165)(142,168)(143,169)(146,172)(147,150)(151,173)(154,176)(155,177)
        (158,180)(159,181)(160,220)(162,219)(163,189)(166,192)(167,193)(170,196)(171,174)(175,197)(178,200)
        (179,224)(182,223)(183,205)(184,187)(185,218)(186,217)(188,190)(191,208)(194,207)(195,198)(199,203)
        (201,222)(202,221)(204,206),
      nbP := 224,
      next := (  1,  2,  3,  4)(  5,  6,  7,  8)(  9, 10, 11, 12)( 13, 14, 15, 16)( 17, 18, 19, 20)
        ( 21, 22, 23, 24)( 25, 26, 27, 28)( 29, 30, 31, 32)( 33, 34, 35, 36)( 37, 38, 39, 40)( 41, 42, 43, 44)
        ( 45, 46, 47, 48)( 49, 50, 51, 52)( 53, 54, 55, 56)( 57, 58, 59, 60)( 61, 62, 63, 64)( 65, 66, 67, 68)
        ( 69, 70, 71, 72)( 73, 74, 75, 76)( 77, 78, 79, 80)( 81, 82, 83, 84)( 85, 86, 87, 88)( 89, 90, 91, 92)
        ( 93, 94, 95, 96)( 97, 98, 99,100)(101,102,103,104)(105,106,107,108)(109,110,111,112)(113,114,115,116)
        (117,118,119,120)(121,122,123,124)(125,126,127,128)(129,130,131,132)(133,134,135,136)(137,138,139,140)
        (141,142,143,144)(145,146,147,148)(149,150,151,152)(153,154,155,156)(157,158,159,160)(161,162,163,164)
        (165,166,167,168)(169,170,171,172)(173,174,175,176)(177,178,179,180)(181,182,183,184)(185,186,187,188)
        (189,190,191,192)(193,194,195,196)(197,198,199,200)(201,202,203,204)(205,206,207,208)(209,210,211,212)
        (213,214,215,216)(217,218,219,220)(221,222,223,224) ), rec(
      MapDEvert := [ 1, 1, 1, 1, 2, 2, 2, 2, 3, 3, 3, 3, 4, 4, 4, 4, 5, 5, 5, 5, 6, 6, 6, 6, 7, 7, 7, 7, 8, 
          8, 8, 8, 9, 9, 9, 9, 10, 10, 10, 10, 11, 11, 11, 11, 12, 12, 12, 12, 13, 13, 13, 13, 14, 14, 14, 
          14, 15, 15, 15, 15, 16, 16, 16, 16, 17, 17, 17, 17, 18, 18, 18, 18, 19, 19, 19, 19, 20, 20, 20, 20, 
          21, 21, 21, 21, 22, 22, 22, 22, 23, 23, 23, 23, 24, 24, 24, 24, 25, 25, 25, 25, 26, 26, 26, 26, 27, 
          27, 27, 27, 28, 28, 28, 28, 29, 29, 29, 29, 30, 30, 30, 30, 31, 31, 31, 31, 32, 32, 32, 32, 33, 33, 
          33, 33, 34, 34, 34, 34, 35, 35, 35, 35, 36, 36, 36, 36, 37, 37, 37, 37, 38, 38, 38, 38, 39, 39, 39, 
          39, 40, 40, 40, 40, 41, 41, 41, 41, 42, 42, 42, 42, 43, 43, 43, 43, 44, 44, 44, 44, 45, 45, 45, 45, 
          46, 46, 46, 46, 47, 47, 47, 47, 48, 48, 48, 48, 49, 49, 49, 49, 50, 50, 50, 50, 51, 51, 51, 51, 52, 
          52, 52, 52, 53, 53, 53, 53, 54, 54, 54, 54, 55, 55, 55, 55, 56, 56, 56, 56 ],
      MapVertDE := [ [ 1 .. 4 ], [ 5 .. 8 ], [ 9 .. 12 ], [ 13 .. 16 ], [ 17 .. 20 ], [ 21 .. 24 ], 
          [ 25 .. 28 ], [ 29 .. 32 ], [ 33 .. 36 ], [ 37 .. 40 ], [ 41 .. 44 ], [ 45 .. 48 ], [ 49 .. 52 ], 
          [ 53 .. 56 ], [ 57 .. 60 ], [ 61 .. 64 ], [ 65 .. 68 ], [ 69 .. 72 ], [ 73 .. 76 ], [ 77 .. 80 ], 
          [ 81 .. 84 ], [ 85 .. 88 ], [ 89 .. 92 ], [ 93 .. 96 ], [ 97 .. 100 ], [ 101 .. 104 ], 
          [ 105 .. 108 ], [ 109 .. 112 ], [ 113 .. 116 ], [ 117 .. 120 ], [ 121 .. 124 ], [ 125 .. 128 ], 
          [ 129 .. 132 ], [ 133 .. 136 ], [ 137 .. 140 ], [ 141 .. 144 ], [ 145 .. 148 ], [ 149 .. 152 ], 
          [ 153 .. 156 ], [ 157 .. 160 ], [ 161 .. 164 ], [ 165 .. 168 ], [ 169 .. 172 ], [ 173 .. 176 ], 
          [ 177 .. 180 ], [ 181 .. 184 ], [ 185 .. 188 ], [ 189 .. 192 ], [ 193 .. 196 ], [ 197 .. 200 ], 
          [ 201 .. 204 ], [ 205 .. 208 ], [ 209 .. 212 ], [ 213 .. 216 ], [ 217 .. 220 ], [ 221 .. 224 ] ],
      invers := (  1,  5)(  2,  9)(  3, 13)(  4, 17)(  6, 21)(  7, 25)(  8, 29)( 10, 32)( 11, 33)( 12, 37)
        ( 14, 40)( 15,212)( 16,216)( 18,215)( 19, 49)( 20, 22)( 23, 53)( 24, 57)( 26, 60)( 27, 61)( 28, 65)
        ( 30, 68)( 31, 69)( 34, 72)( 35, 58)( 36, 56)( 38, 55)( 39, 43)( 41,210)( 42,209)( 44, 51)( 45,214)
        ( 46,213)( 47,211)( 48, 50)( 52, 54)( 59, 73)( 62, 76)( 63, 77)( 64, 81)( 66, 84)( 67, 85)( 70, 88)
        ( 71, 74)( 75, 89)( 78, 92)( 79, 93)( 80, 97)( 82,100)( 83,101)( 86,104)( 87, 90)( 91,105)( 94,108)
        ( 95,109)( 96,113)( 98,116)( 99,117)(102,120)(103,106)(107,121)(110,124)(111,125)(112,129)(114,132)
        (115,133)(118,136)(119,122)(123,137)(126,140)(127,141)(128,145)(130,148)(131,149)(134,152)(135,138)
        (139,153)(142,156)(143,157)(144,161)(146,164)(147,165)(150,168)(151,154)(155,169)(158,172)(159,173)
        (160,177)(162,180)(163,181)(166,184)(167,170)(171,185)(174,188)(175,191)(176,193)(178,196)(179,197)
        (182,200)(183,186)(187,201)(189,218)(190,217)(192,204)(194,220)(195,224)(198,223)(199,202)(203,208)
        (205,222)(206,221)(207,219),
      nbP := 224,
      next := (  1,  2,  3,  4)(  5,  6,  7,  8)(  9, 10, 11, 12)( 13, 14, 15, 16)( 17, 18, 19, 20)
        ( 21, 22, 23, 24)( 25, 26, 27, 28)( 29, 30, 31, 32)( 33, 34, 35, 36)( 37, 38, 39, 40)( 41, 42, 43, 44)
        ( 45, 46, 47, 48)( 49, 50, 51, 52)( 53, 54, 55, 56)( 57, 58, 59, 60)( 61, 62, 63, 64)( 65, 66, 67, 68)
        ( 69, 70, 71, 72)( 73, 74, 75, 76)( 77, 78, 79, 80)( 81, 82, 83, 84)( 85, 86, 87, 88)( 89, 90, 91, 92)
        ( 93, 94, 95, 96)( 97, 98, 99,100)(101,102,103,104)(105,106,107,108)(109,110,111,112)(113,114,115,116)
        (117,118,119,120)(121,122,123,124)(125,126,127,128)(129,130,131,132)(133,134,135,136)(137,138,139,140)
        (141,142,143,144)(145,146,147,148)(149,150,151,152)(153,154,155,156)(157,158,159,160)(161,162,163,164)
        (165,166,167,168)(169,170,171,172)(173,174,175,176)(177,178,179,180)(181,182,183,184)(185,186,187,188)
        (189,190,191,192)(193,194,195,196)(197,198,199,200)(201,202,203,204)(205,206,207,208)(209,210,211,212)
        (213,214,215,216)(217,218,219,220)(221,222,223,224) ), rec(
      MapDEvert := [ 1, 1, 1, 1, 2, 2, 2, 2, 3, 3, 3, 3, 4, 4, 4, 4, 5, 5, 5, 5, 6, 6, 6, 6, 7, 7, 7, 7, 8, 
          8, 8, 8, 9, 9, 9, 9, 10, 10, 10, 10, 11, 11, 11, 11, 12, 12, 12, 12, 13, 13, 13, 13, 14, 14, 14, 
          14, 15, 15, 15, 15, 16, 16, 16, 16, 17, 17, 17, 17, 18, 18, 18, 18, 19, 19, 19, 19, 20, 20, 20, 20, 
          21, 21, 21, 21, 22, 22, 22, 22, 23, 23, 23, 23, 24, 24, 24, 24, 25, 25, 25, 25, 26, 26, 26, 26, 27, 
          27, 27, 27, 28, 28, 28, 28, 29, 29, 29, 29, 30, 30, 30, 30, 31, 31, 31, 31, 32, 32, 32, 32, 33, 33, 
          33, 33, 34, 34, 34, 34, 35, 35, 35, 35, 36, 36, 36, 36, 37, 37, 37, 37, 38, 38, 38, 38, 39, 39, 39, 
          39, 40, 40, 40, 40, 41, 41, 41, 41, 42, 42, 42, 42, 43, 43, 43, 43, 44, 44, 44, 44, 45, 45, 45, 45, 
          46, 46, 46, 46, 47, 47, 47, 47, 48, 48, 48, 48, 49, 49, 49, 49, 50, 50, 50, 50, 51, 51, 51, 51, 52, 
          52, 52, 52, 53, 53, 53, 53, 54, 54, 54, 54, 55, 55, 55, 55, 56, 56, 56, 56 ],
      MapVertDE := [ [ 1 .. 4 ], [ 5 .. 8 ], [ 9 .. 12 ], [ 13 .. 16 ], [ 17 .. 20 ], [ 21 .. 24 ], 
          [ 25 .. 28 ], [ 29 .. 32 ], [ 33 .. 36 ], [ 37 .. 40 ], [ 41 .. 44 ], [ 45 .. 48 ], [ 49 .. 52 ], 
          [ 53 .. 56 ], [ 57 .. 60 ], [ 61 .. 64 ], [ 65 .. 68 ], [ 69 .. 72 ], [ 73 .. 76 ], [ 77 .. 80 ], 
          [ 81 .. 84 ], [ 85 .. 88 ], [ 89 .. 92 ], [ 93 .. 96 ], [ 97 .. 100 ], [ 101 .. 104 ], 
          [ 105 .. 108 ], [ 109 .. 112 ], [ 113 .. 116 ], [ 117 .. 120 ], [ 121 .. 124 ], [ 125 .. 128 ], 
          [ 129 .. 132 ], [ 133 .. 136 ], [ 137 .. 140 ], [ 141 .. 144 ], [ 145 .. 148 ], [ 149 .. 152 ], 
          [ 153 .. 156 ], [ 157 .. 160 ], [ 161 .. 164 ], [ 165 .. 168 ], [ 169 .. 172 ], [ 173 .. 176 ], 
          [ 177 .. 180 ], [ 181 .. 184 ], [ 185 .. 188 ], [ 189 .. 192 ], [ 193 .. 196 ], [ 197 .. 200 ], 
          [ 201 .. 204 ], [ 205 .. 208 ], [ 209 .. 212 ], [ 213 .. 216 ], [ 217 .. 220 ], [ 221 .. 224 ] ],
      invers := (  1,  5)(  2, 11)(  3, 13)(  4, 17)(  6, 21)(  7, 25)(  8, 29)(  9,210)( 10,209)( 12, 32)
        ( 14,212)( 15, 37)( 16, 41)( 18, 44)( 19, 45)( 20, 22)( 23, 49)( 24, 53)( 26, 56)( 27, 57)( 28, 61)
        ( 30, 64)( 31, 34)( 33,211)( 35, 65)( 36, 38)( 39, 69)( 40, 73)( 42, 76)( 43, 77)( 46, 80)( 47, 81)
        ( 48, 50)( 51, 85)( 52, 89)( 54, 92)( 55, 93)( 58, 96)( 59, 97)( 60,101)( 62,104)( 63, 66)( 67,105)
        ( 68, 70)( 71,109)( 72,113)( 74,116)( 75,117)( 78,120)( 79,121)( 82,124)( 83,125)( 84, 86)( 87,129)
        ( 88,133)( 90,136)( 91,216)( 94,215)( 95,141)( 98,144)( 99,145)(100,149)(102,152)(103,106)(107,153)
        (108,110)(111,157)(112,220)(114,219)(115,165)(118,168)(119,169)(122,172)(123,173)(126,176)(127,224)
        (128,130)(131,181)(132,185)(134,188)(135,139)(137,214)(138,213)(140,142)(143,187)(146,186)(147,184)
        (148,189)(150,192)(151,154)(155,193)(156,158)(159,197)(160,163)(161,218)(162,217)(164,166)(167,200)
        (170,199)(171,201)(174,204)(175,179)(177,222)(178,221)(180,205)(182,223)(183,208)(190,207)(191,194)
        (195,202)(196,198)(203,206),
      nbP := 224,
      next := (  1,  2,  3,  4)(  5,  6,  7,  8)(  9, 10, 11, 12)( 13, 14, 15, 16)( 17, 18, 19, 20)
        ( 21, 22, 23, 24)( 25, 26, 27, 28)( 29, 30, 31, 32)( 33, 34, 35, 36)( 37, 38, 39, 40)( 41, 42, 43, 44)
        ( 45, 46, 47, 48)( 49, 50, 51, 52)( 53, 54, 55, 56)( 57, 58, 59, 60)( 61, 62, 63, 64)( 65, 66, 67, 68)
        ( 69, 70, 71, 72)( 73, 74, 75, 76)( 77, 78, 79, 80)( 81, 82, 83, 84)( 85, 86, 87, 88)( 89, 90, 91, 92)
        ( 93, 94, 95, 96)( 97, 98, 99,100)(101,102,103,104)(105,106,107,108)(109,110,111,112)(113,114,115,116)
        (117,118,119,120)(121,122,123,124)(125,126,127,128)(129,130,131,132)(133,134,135,136)(137,138,139,140)
        (141,142,143,144)(145,146,147,148)(149,150,151,152)(153,154,155,156)(157,158,159,160)(161,162,163,164)
        (165,166,167,168)(169,170,171,172)(173,174,175,176)(177,178,179,180)(181,182,183,184)(185,186,187,188)
        (189,190,191,192)(193,194,195,196)(197,198,199,200)(201,202,203,204)(205,206,207,208)(209,210,211,212)
        (213,214,215,216)(217,218,219,220)(221,222,223,224) ), rec(
      MapDEvert := [ 1, 1, 1, 1, 2, 2, 2, 2, 3, 3, 3, 3, 4, 4, 4, 4, 5, 5, 5, 5, 6, 6, 6, 6, 7, 7, 7, 7, 8, 
          8, 8, 8, 9, 9, 9, 9, 10, 10, 10, 10, 11, 11, 11, 11, 12, 12, 12, 12, 13, 13, 13, 13, 14, 14, 14, 
          14, 15, 15, 15, 15, 16, 16, 16, 16, 17, 17, 17, 17, 18, 18, 18, 18, 19, 19, 19, 19, 20, 20, 20, 20, 
          21, 21, 21, 21, 22, 22, 22, 22, 23, 23, 23, 23, 24, 24, 24, 24, 25, 25, 25, 25, 26, 26, 26, 26, 27, 
          27, 27, 27, 28, 28, 28, 28, 29, 29, 29, 29, 30, 30, 30, 30, 31, 31, 31, 31, 32, 32, 32, 32, 33, 33, 
          33, 33, 34, 34, 34, 34, 35, 35, 35, 35, 36, 36, 36, 36, 37, 37, 37, 37, 38, 38, 38, 38, 39, 39, 39, 
          39, 40, 40, 40, 40, 41, 41, 41, 41, 42, 42, 42, 42, 43, 43, 43, 43, 44, 44, 44, 44, 45, 45, 45, 45, 
          46, 46, 46, 46, 47, 47, 47, 47, 48, 48, 48, 48, 49, 49, 49, 49, 50, 50, 50, 50, 51, 51, 51, 51, 52, 
          52, 52, 52, 53, 53, 53, 53, 54, 54, 54, 54, 55, 55, 55, 55, 56, 56, 56, 56 ],
      MapVertDE := [ [ 1 .. 4 ], [ 5 .. 8 ], [ 9 .. 12 ], [ 13 .. 16 ], [ 17 .. 20 ], [ 21 .. 24 ], 
          [ 25 .. 28 ], [ 29 .. 32 ], [ 33 .. 36 ], [ 37 .. 40 ], [ 41 .. 44 ], [ 45 .. 48 ], [ 49 .. 52 ], 
          [ 53 .. 56 ], [ 57 .. 60 ], [ 61 .. 64 ], [ 65 .. 68 ], [ 69 .. 72 ], [ 73 .. 76 ], [ 77 .. 80 ], 
          [ 81 .. 84 ], [ 85 .. 88 ], [ 89 .. 92 ], [ 93 .. 96 ], [ 97 .. 100 ], [ 101 .. 104 ], 
          [ 105 .. 108 ], [ 109 .. 112 ], [ 113 .. 116 ], [ 117 .. 120 ], [ 121 .. 124 ], [ 125 .. 128 ], 
          [ 129 .. 132 ], [ 133 .. 136 ], [ 137 .. 140 ], [ 141 .. 144 ], [ 145 .. 148 ], [ 149 .. 152 ], 
          [ 153 .. 156 ], [ 157 .. 160 ], [ 161 .. 164 ], [ 165 .. 168 ], [ 169 .. 172 ], [ 173 .. 176 ], 
          [ 177 .. 180 ], [ 181 .. 184 ], [ 185 .. 188 ], [ 189 .. 192 ], [ 193 .. 196 ], [ 197 .. 200 ], 
          [ 201 .. 204 ], [ 205 .. 208 ], [ 209 .. 212 ], [ 213 .. 216 ], [ 217 .. 220 ], [ 221 .. 224 ] ],
      invers := (  1,  5)(  2,  9)(  3, 13)(  4, 17)(  6, 21)(  7,212)(  8, 29)( 10, 32)( 11, 33)( 12, 37)
        ( 14, 40)( 15, 41)( 16, 45)( 18, 48)( 19, 49)( 20, 22)( 23, 53)( 24, 27)( 25,210)( 26,209)( 28, 57)
        ( 30, 64)( 31, 65)( 34, 68)( 35, 69)( 36, 73)( 38, 76)( 39, 77)( 42, 80)( 43, 81)( 44, 85)( 46, 88)
        ( 47, 89)( 50, 92)( 51, 93)( 52, 54)( 55, 97)( 56, 58)( 59,101)( 60, 62)( 61,211)( 63,105)( 66,108)
        ( 67,109)( 70,112)( 71,113)( 72,117)( 74,120)( 75,121)( 78,124)( 79,125)( 82,128)( 83,131)( 84,133)
        ( 86,136)( 87,137)( 90,140)( 91,141)( 94,144)( 95,147)( 96, 98)( 99,220)(100,102)(103,149)(104,106)
        (107,153)(110,156)(111,157)(114,160)(115,161)(116,165)(118,168)(119,224)(122,223)(123,173)(126,176)
        (127,177)(129,214)(130,213)(132,180)(134,216)(135,185)(138,188)(139,189)(142,192)(143,193)(145,218)
        (146,217)(148,196)(150,219)(151,195)(152,154)(155,197)(158,200)(159,201)(162,204)(163,183)(164,205)
        (166,208)(167,171)(169,222)(170,221)(172,174)(175,207)(178,206)(179,182)(181,215)(184,186)(187,203)
        (190,202)(191,199)(194,198),
      nbP := 224,
      next := (  1,  2,  3,  4)(  5,  6,  7,  8)(  9, 10, 11, 12)( 13, 14, 15, 16)( 17, 18, 19, 20)
        ( 21, 22, 23, 24)( 25, 26, 27, 28)( 29, 30, 31, 32)( 33, 34, 35, 36)( 37, 38, 39, 40)( 41, 42, 43, 44)
        ( 45, 46, 47, 48)( 49, 50, 51, 52)( 53, 54, 55, 56)( 57, 58, 59, 60)( 61, 62, 63, 64)( 65, 66, 67, 68)
        ( 69, 70, 71, 72)( 73, 74, 75, 76)( 77, 78, 79, 80)( 81, 82, 83, 84)( 85, 86, 87, 88)( 89, 90, 91, 92)
        ( 93, 94, 95, 96)( 97, 98, 99,100)(101,102,103,104)(105,106,107,108)(109,110,111,112)(113,114,115,116)
        (117,118,119,120)(121,122,123,124)(125,126,127,128)(129,130,131,132)(133,134,135,136)(137,138,139,140)
        (141,142,143,144)(145,146,147,148)(149,150,151,152)(153,154,155,156)(157,158,159,160)(161,162,163,164)
        (165,166,167,168)(169,170,171,172)(173,174,175,176)(177,178,179,180)(181,182,183,184)(185,186,187,188)
        (189,190,191,192)(193,194,195,196)(197,198,199,200)(201,202,203,204)(205,206,207,208)(209,210,211,212)
        (213,214,215,216)(217,218,219,220)(221,222,223,224) ), rec(
      MapDEvert := [ 1, 1, 1, 1, 2, 2, 2, 2, 3, 3, 3, 3, 4, 4, 4, 4, 5, 5, 5, 5, 6, 6, 6, 6, 7, 7, 7, 7, 8, 
          8, 8, 8, 9, 9, 9, 9, 10, 10, 10, 10, 11, 11, 11, 11, 12, 12, 12, 12, 13, 13, 13, 13, 14, 14, 14, 
          14, 15, 15, 15, 15, 16, 16, 16, 16, 17, 17, 17, 17, 18, 18, 18, 18, 19, 19, 19, 19, 20, 20, 20, 20, 
          21, 21, 21, 21, 22, 22, 22, 22, 23, 23, 23, 23, 24, 24, 24, 24, 25, 25, 25, 25, 26, 26, 26, 26, 27, 
          27, 27, 27, 28, 28, 28, 28, 29, 29, 29, 29, 30, 30, 30, 30, 31, 31, 31, 31, 32, 32, 32, 32, 33, 33, 
          33, 33, 34, 34, 34, 34, 35, 35, 35, 35, 36, 36, 36, 36, 37, 37, 37, 37, 38, 38, 38, 38, 39, 39, 39, 
          39, 40, 40, 40, 40, 41, 41, 41, 41, 42, 42, 42, 42, 43, 43, 43, 43, 44, 44, 44, 44, 45, 45, 45, 45, 
          46, 46, 46, 46, 47, 47, 47, 47, 48, 48, 48, 48, 49, 49, 49, 49, 50, 50, 50, 50, 51, 51, 51, 51, 52, 
          52, 52, 52, 53, 53, 53, 53, 54, 54, 54, 54, 55, 55, 55, 55, 56, 56, 56, 56 ],
      MapVertDE := [ [ 1 .. 4 ], [ 5 .. 8 ], [ 9 .. 12 ], [ 13 .. 16 ], [ 17 .. 20 ], [ 21 .. 24 ], 
          [ 25 .. 28 ], [ 29 .. 32 ], [ 33 .. 36 ], [ 37 .. 40 ], [ 41 .. 44 ], [ 45 .. 48 ], [ 49 .. 52 ], 
          [ 53 .. 56 ], [ 57 .. 60 ], [ 61 .. 64 ], [ 65 .. 68 ], [ 69 .. 72 ], [ 73 .. 76 ], [ 77 .. 80 ], 
          [ 81 .. 84 ], [ 85 .. 88 ], [ 89 .. 92 ], [ 93 .. 96 ], [ 97 .. 100 ], [ 101 .. 104 ], 
          [ 105 .. 108 ], [ 109 .. 112 ], [ 113 .. 116 ], [ 117 .. 120 ], [ 121 .. 124 ], [ 125 .. 128 ], 
          [ 129 .. 132 ], [ 133 .. 136 ], [ 137 .. 140 ], [ 141 .. 144 ], [ 145 .. 148 ], [ 149 .. 152 ], 
          [ 153 .. 156 ], [ 157 .. 160 ], [ 161 .. 164 ], [ 165 .. 168 ], [ 169 .. 172 ], [ 173 .. 176 ], 
          [ 177 .. 180 ], [ 181 .. 184 ], [ 185 .. 188 ], [ 189 .. 192 ], [ 193 .. 196 ], [ 197 .. 200 ], 
          [ 201 .. 204 ], [ 205 .. 208 ], [ 209 .. 212 ], [ 213 .. 216 ], [ 217 .. 220 ], [ 221 .. 224 ] ],
      invers := (  1,  5)(  2,  9)(  3, 13)(  4, 17)(  6, 21)(  7,212)(  8, 29)( 10, 32)( 11, 33)( 12, 37)
        ( 14, 40)( 15, 41)( 16, 45)( 18, 48)( 19, 49)( 20, 22)( 23, 53)( 24, 27)( 25,210)( 26,209)( 28, 57)
        ( 30, 64)( 31, 65)( 34, 68)( 35, 69)( 36, 73)( 38, 76)( 39, 77)( 42, 80)( 43, 81)( 44, 85)( 46, 88)
        ( 47, 89)( 50, 92)( 51, 93)( 52, 54)( 55, 97)( 56, 58)( 59,101)( 60, 62)( 61,211)( 63,105)( 66,108)
        ( 67,109)( 70,112)( 71,113)( 72,117)( 74,120)( 75,121)( 78,124)( 79,216)( 82,215)( 83,129)( 84,133)
        ( 86,136)( 87,137)( 90,140)( 91,141)( 94,144)( 95,147)( 96, 98)( 99,220)(100,102)(103,149)(104,106)
        (107,153)(110,156)(111,157)(114,160)(115,161)(116,165)(118,168)(119,169)(122,172)(123,127)(125,214)
        (126,213)(128,130)(131,171)(132,173)(134,176)(135,177)(138,180)(139,181)(142,184)(143,185)(145,218)
        (146,217)(148,188)(150,219)(151,187)(152,154)(155,189)(158,192)(159,193)(162,196)(163,197)(164,224)
        (166,223)(167,205)(170,208)(174,207)(175,199)(178,198)(179,195)(182,194)(183,191)(186,190)(200,203)
        (201,222)(202,221)(204,206),
      nbP := 224,
      next := (  1,  2,  3,  4)(  5,  6,  7,  8)(  9, 10, 11, 12)( 13, 14, 15, 16)( 17, 18, 19, 20)
        ( 21, 22, 23, 24)( 25, 26, 27, 28)( 29, 30, 31, 32)( 33, 34, 35, 36)( 37, 38, 39, 40)( 41, 42, 43, 44)
        ( 45, 46, 47, 48)( 49, 50, 51, 52)( 53, 54, 55, 56)( 57, 58, 59, 60)( 61, 62, 63, 64)( 65, 66, 67, 68)
        ( 69, 70, 71, 72)( 73, 74, 75, 76)( 77, 78, 79, 80)( 81, 82, 83, 84)( 85, 86, 87, 88)( 89, 90, 91, 92)
        ( 93, 94, 95, 96)( 97, 98, 99,100)(101,102,103,104)(105,106,107,108)(109,110,111,112)(113,114,115,116)
        (117,118,119,120)(121,122,123,124)(125,126,127,128)(129,130,131,132)(133,134,135,136)(137,138,139,140)
        (141,142,143,144)(145,146,147,148)(149,150,151,152)(153,154,155,156)(157,158,159,160)(161,162,163,164)
        (165,166,167,168)(169,170,171,172)(173,174,175,176)(177,178,179,180)(181,182,183,184)(185,186,187,188)
        (189,190,191,192)(193,194,195,196)(197,198,199,200)(201,202,203,204)(205,206,207,208)(209,210,211,212)
        (213,214,215,216)(217,218,219,220)(221,222,223,224) ), rec(
      MapDEvert := [ 1, 1, 1, 1, 2, 2, 2, 2, 3, 3, 3, 3, 4, 4, 4, 4, 5, 5, 5, 5, 6, 6, 6, 6, 7, 7, 7, 7, 8, 
          8, 8, 8, 9, 9, 9, 9, 10, 10, 10, 10, 11, 11, 11, 11, 12, 12, 12, 12, 13, 13, 13, 13, 14, 14, 14, 
          14, 15, 15, 15, 15, 16, 16, 16, 16, 17, 17, 17, 17, 18, 18, 18, 18, 19, 19, 19, 19, 20, 20, 20, 20, 
          21, 21, 21, 21, 22, 22, 22, 22, 23, 23, 23, 23, 24, 24, 24, 24, 25, 25, 25, 25, 26, 26, 26, 26, 27, 
          27, 27, 27, 28, 28, 28, 28, 29, 29, 29, 29, 30, 30, 30, 30, 31, 31, 31, 31, 32, 32, 32, 32, 33, 33, 
          33, 33, 34, 34, 34, 34, 35, 35, 35, 35, 36, 36, 36, 36, 37, 37, 37, 37, 38, 38, 38, 38, 39, 39, 39, 
          39, 40, 40, 40, 40, 41, 41, 41, 41, 42, 42, 42, 42, 43, 43, 43, 43, 44, 44, 44, 44, 45, 45, 45, 45, 
          46, 46, 46, 46, 47, 47, 47, 47, 48, 48, 48, 48, 49, 49, 49, 49, 50, 50, 50, 50, 51, 51, 51, 51, 52, 
          52, 52, 52, 53, 53, 53, 53, 54, 54, 54, 54, 55, 55, 55, 55, 56, 56, 56, 56 ],
      MapVertDE := [ [ 1 .. 4 ], [ 5 .. 8 ], [ 9 .. 12 ], [ 13 .. 16 ], [ 17 .. 20 ], [ 21 .. 24 ], 
          [ 25 .. 28 ], [ 29 .. 32 ], [ 33 .. 36 ], [ 37 .. 40 ], [ 41 .. 44 ], [ 45 .. 48 ], [ 49 .. 52 ], 
          [ 53 .. 56 ], [ 57 .. 60 ], [ 61 .. 64 ], [ 65 .. 68 ], [ 69 .. 72 ], [ 73 .. 76 ], [ 77 .. 80 ], 
          [ 81 .. 84 ], [ 85 .. 88 ], [ 89 .. 92 ], [ 93 .. 96 ], [ 97 .. 100 ], [ 101 .. 104 ], 
          [ 105 .. 108 ], [ 109 .. 112 ], [ 113 .. 116 ], [ 117 .. 120 ], [ 121 .. 124 ], [ 125 .. 128 ], 
          [ 129 .. 132 ], [ 133 .. 136 ], [ 137 .. 140 ], [ 141 .. 144 ], [ 145 .. 148 ], [ 149 .. 152 ], 
          [ 153 .. 156 ], [ 157 .. 160 ], [ 161 .. 164 ], [ 165 .. 168 ], [ 169 .. 172 ], [ 173 .. 176 ], 
          [ 177 .. 180 ], [ 181 .. 184 ], [ 185 .. 188 ], [ 189 .. 192 ], [ 193 .. 196 ], [ 197 .. 200 ], 
          [ 201 .. 204 ], [ 205 .. 208 ], [ 209 .. 212 ], [ 213 .. 216 ], [ 217 .. 220 ], [ 221 .. 224 ] ],
      invers := (  1,  7)(  2,  9)(  3, 13)(  4, 17)(  5,210)(  6,209)(  8, 21)( 10,212)( 11, 29)( 12, 33)
        ( 14, 36)( 15, 37)( 16, 41)( 18, 44)( 19, 45)( 20, 22)( 23, 49)( 24, 26)( 25,211)( 27, 53)( 28, 30)
        ( 31, 57)( 32, 61)( 34, 64)( 35, 65)( 38, 68)( 39, 69)( 40, 73)( 42, 76)( 43, 77)( 46, 80)( 47, 81)
        ( 48, 50)( 51, 85)( 52, 54)( 55, 89)( 56, 58)( 59, 93)( 60, 97)( 62,100)( 63,101)( 66,104)( 67,105)
        ( 70,108)( 71,109)( 72,216)( 74,215)( 75,117)( 78,120)( 79,121)( 82,124)( 83,125)( 84, 86)( 87,129)
        ( 88, 90)( 91,133)( 92, 94)( 95,137)( 96,141)( 98,144)( 99,145)(102,148)(103,149)(106,152)(107,153)
        (110,156)(111,157)(112,115)(113,214)(114,213)(116,118)(119,160)(122,159)(123,161)(126,164)(127,167)
        (128,130)(131,220)(132,134)(135,169)(136,138)(139,173)(140,177)(142,180)(143,224)(146,223)(147,185)
        (150,188)(151,189)(154,192)(155,193)(158,196)(162,195)(163,197)(165,218)(166,217)(168,200)(170,219)
        (171,199)(172,174)(175,201)(176,205)(178,208)(179,183)(181,222)(182,221)(184,186)(187,207)(190,206)
        (191,204)(194,203)(198,202),
      nbP := 224,
      next := (  1,  2,  3,  4)(  5,  6,  7,  8)(  9, 10, 11, 12)( 13, 14, 15, 16)( 17, 18, 19, 20)
        ( 21, 22, 23, 24)( 25, 26, 27, 28)( 29, 30, 31, 32)( 33, 34, 35, 36)( 37, 38, 39, 40)( 41, 42, 43, 44)
        ( 45, 46, 47, 48)( 49, 50, 51, 52)( 53, 54, 55, 56)( 57, 58, 59, 60)( 61, 62, 63, 64)( 65, 66, 67, 68)
        ( 69, 70, 71, 72)( 73, 74, 75, 76)( 77, 78, 79, 80)( 81, 82, 83, 84)( 85, 86, 87, 88)( 89, 90, 91, 92)
        ( 93, 94, 95, 96)( 97, 98, 99,100)(101,102,103,104)(105,106,107,108)(109,110,111,112)(113,114,115,116)
        (117,118,119,120)(121,122,123,124)(125,126,127,128)(129,130,131,132)(133,134,135,136)(137,138,139,140)
        (141,142,143,144)(145,146,147,148)(149,150,151,152)(153,154,155,156)(157,158,159,160)(161,162,163,164)
        (165,166,167,168)(169,170,171,172)(173,174,175,176)(177,178,179,180)(181,182,183,184)(185,186,187,188)
        (189,190,191,192)(193,194,195,196)(197,198,199,200)(201,202,203,204)(205,206,207,208)(209,210,211,212)
        (213,214,215,216)(217,218,219,220)(221,222,223,224) ), rec(
      MapDEvert := [ 1, 1, 1, 1, 2, 2, 2, 2, 3, 3, 3, 3, 4, 4, 4, 4, 5, 5, 5, 5, 6, 6, 6, 6, 7, 7, 7, 7, 8, 
          8, 8, 8, 9, 9, 9, 9, 10, 10, 10, 10, 11, 11, 11, 11, 12, 12, 12, 12, 13, 13, 13, 13, 14, 14, 14, 
          14, 15, 15, 15, 15, 16, 16, 16, 16, 17, 17, 17, 17, 18, 18, 18, 18, 19, 19, 19, 19, 20, 20, 20, 20, 
          21, 21, 21, 21, 22, 22, 22, 22, 23, 23, 23, 23, 24, 24, 24, 24, 25, 25, 25, 25, 26, 26, 26, 26, 27, 
          27, 27, 27, 28, 28, 28, 28, 29, 29, 29, 29, 30, 30, 30, 30, 31, 31, 31, 31, 32, 32, 32, 32, 33, 33, 
          33, 33, 34, 34, 34, 34, 35, 35, 35, 35, 36, 36, 36, 36, 37, 37, 37, 37, 38, 38, 38, 38, 39, 39, 39, 
          39, 40, 40, 40, 40, 41, 41, 41, 41, 42, 42, 42, 42, 43, 43, 43, 43, 44, 44, 44, 44, 45, 45, 45, 45, 
          46, 46, 46, 46, 47, 47, 47, 47, 48, 48, 48, 48, 49, 49, 49, 49, 50, 50, 50, 50, 51, 51, 51, 51, 52, 
          52, 52, 52, 53, 53, 53, 53, 54, 54, 54, 54, 55, 55, 55, 55, 56, 56, 56, 56 ],
      MapVertDE := [ [ 1 .. 4 ], [ 5 .. 8 ], [ 9 .. 12 ], [ 13 .. 16 ], [ 17 .. 20 ], [ 21 .. 24 ], 
          [ 25 .. 28 ], [ 29 .. 32 ], [ 33 .. 36 ], [ 37 .. 40 ], [ 41 .. 44 ], [ 45 .. 48 ], [ 49 .. 52 ], 
          [ 53 .. 56 ], [ 57 .. 60 ], [ 61 .. 64 ], [ 65 .. 68 ], [ 69 .. 72 ], [ 73 .. 76 ], [ 77 .. 80 ], 
          [ 81 .. 84 ], [ 85 .. 88 ], [ 89 .. 92 ], [ 93 .. 96 ], [ 97 .. 100 ], [ 101 .. 104 ], 
          [ 105 .. 108 ], [ 109 .. 112 ], [ 113 .. 116 ], [ 117 .. 120 ], [ 121 .. 124 ], [ 125 .. 128 ], 
          [ 129 .. 132 ], [ 133 .. 136 ], [ 137 .. 140 ], [ 141 .. 144 ], [ 145 .. 148 ], [ 149 .. 152 ], 
          [ 153 .. 156 ], [ 157 .. 160 ], [ 161 .. 164 ], [ 165 .. 168 ], [ 169 .. 172 ], [ 173 .. 176 ], 
          [ 177 .. 180 ], [ 181 .. 184 ], [ 185 .. 188 ], [ 189 .. 192 ], [ 193 .. 196 ], [ 197 .. 200 ], 
          [ 201 .. 204 ], [ 205 .. 208 ], [ 209 .. 212 ], [ 213 .. 216 ], [ 217 .. 220 ], [ 221 .. 224 ] ],
      invers := (  1,  7)(  2,  9)(  3, 13)(  4, 17)(  5,210)(  6,209)(  8, 21)( 10,212)( 11, 29)( 12, 33)
        ( 14, 36)( 15,216)( 16, 41)( 18, 44)( 19, 45)( 20, 22)( 23, 49)( 24, 26)( 25,211)( 27, 53)( 28, 30)
        ( 31, 57)( 32, 61)( 34, 64)( 35, 39)( 37,214)( 38,213)( 40, 65)( 42, 72)( 43, 73)( 46, 76)( 47, 77)
        ( 48, 50)( 51, 81)( 52, 54)( 55, 85)( 56, 58)( 59, 89)( 60, 93)( 62, 96)( 63, 66)( 67, 97)( 68, 70)
        ( 69,215)( 71,101)( 74,104)( 75,105)( 78,108)( 79,109)( 80, 82)( 83,113)( 84, 86)( 87,117)( 88, 90)
        ( 91,121)( 92,125)( 94,128)( 95, 98)( 99,129)(100,102)(103,133)(106,136)(107,137)(110,140)(111,141)
        (112,114)(115,145)(116,118)(119,149)(120,122)(123,153)(124,157)(126,160)(127,130)(131,161)(132,134)
        (135,165)(138,168)(139,169)(142,172)(143,175)(144,146)(147,220)(148,150)(151,177)(152,154)(155,181)
        (156,185)(158,188)(159,162)(163,189)(164,166)(167,193)(170,196)(171,197)(173,218)(174,217)(176,200)
        (178,219)(179,199)(180,182)(183,201)(184,224)(186,223)(187,190)(191,208)(192,194)(195,203)(198,202)
        (204,207)(205,222)(206,221),
      nbP := 224,
      next := (  1,  2,  3,  4)(  5,  6,  7,  8)(  9, 10, 11, 12)( 13, 14, 15, 16)( 17, 18, 19, 20)
        ( 21, 22, 23, 24)( 25, 26, 27, 28)( 29, 30, 31, 32)( 33, 34, 35, 36)( 37, 38, 39, 40)( 41, 42, 43, 44)
        ( 45, 46, 47, 48)( 49, 50, 51, 52)( 53, 54, 55, 56)( 57, 58, 59, 60)( 61, 62, 63, 64)( 65, 66, 67, 68)
        ( 69, 70, 71, 72)( 73, 74, 75, 76)( 77, 78, 79, 80)( 81, 82, 83, 84)( 85, 86, 87, 88)( 89, 90, 91, 92)
        ( 93, 94, 95, 96)( 97, 98, 99,100)(101,102,103,104)(105,106,107,108)(109,110,111,112)(113,114,115,116)
        (117,118,119,120)(121,122,123,124)(125,126,127,128)(129,130,131,132)(133,134,135,136)(137,138,139,140)
        (141,142,143,144)(145,146,147,148)(149,150,151,152)(153,154,155,156)(157,158,159,160)(161,162,163,164)
        (165,166,167,168)(169,170,171,172)(173,174,175,176)(177,178,179,180)(181,182,183,184)(185,186,187,188)
        (189,190,191,192)(193,194,195,196)(197,198,199,200)(201,202,203,204)(205,206,207,208)(209,210,211,212)
        (213,214,215,216)(217,218,219,220)(221,222,223,224) ), rec(
      MapDEvert := [ 1, 1, 1, 1, 2, 2, 2, 2, 3, 3, 3, 3, 4, 4, 4, 4, 5, 5, 5, 5, 6, 6, 6, 6, 7, 7, 7, 7, 8, 
          8, 8, 8, 9, 9, 9, 9, 10, 10, 10, 10, 11, 11, 11, 11, 12, 12, 12, 12, 13, 13, 13, 13, 14, 14, 14, 
          14, 15, 15, 15, 15, 16, 16, 16, 16, 17, 17, 17, 17, 18, 18, 18, 18, 19, 19, 19, 19, 20, 20, 20, 20, 
          21, 21, 21, 21, 22, 22, 22, 22, 23, 23, 23, 23, 24, 24, 24, 24, 25, 25, 25, 25, 26, 26, 26, 26, 27, 
          27, 27, 27, 28, 28, 28, 28, 29, 29, 29, 29, 30, 30, 30, 30, 31, 31, 31, 31, 32, 32, 32, 32, 33, 33, 
          33, 33, 34, 34, 34, 34, 35, 35, 35, 35, 36, 36, 36, 36, 37, 37, 37, 37, 38, 38, 38, 38, 39, 39, 39, 
          39, 40, 40, 40, 40, 41, 41, 41, 41, 42, 42, 42, 42, 43, 43, 43, 43, 44, 44, 44, 44, 45, 45, 45, 45, 
          46, 46, 46, 46, 47, 47, 47, 47, 48, 48, 48, 48, 49, 49, 49, 49, 50, 50, 50, 50, 51, 51, 51, 51, 52, 
          52, 52, 52, 53, 53, 53, 53, 54, 54, 54, 54, 55, 55, 55, 55, 56, 56, 56, 56 ],
      MapVertDE := [ [ 1 .. 4 ], [ 5 .. 8 ], [ 9 .. 12 ], [ 13 .. 16 ], [ 17 .. 20 ], [ 21 .. 24 ], 
          [ 25 .. 28 ], [ 29 .. 32 ], [ 33 .. 36 ], [ 37 .. 40 ], [ 41 .. 44 ], [ 45 .. 48 ], [ 49 .. 52 ], 
          [ 53 .. 56 ], [ 57 .. 60 ], [ 61 .. 64 ], [ 65 .. 68 ], [ 69 .. 72 ], [ 73 .. 76 ], [ 77 .. 80 ], 
          [ 81 .. 84 ], [ 85 .. 88 ], [ 89 .. 92 ], [ 93 .. 96 ], [ 97 .. 100 ], [ 101 .. 104 ], 
          [ 105 .. 108 ], [ 109 .. 112 ], [ 113 .. 116 ], [ 117 .. 120 ], [ 121 .. 124 ], [ 125 .. 128 ], 
          [ 129 .. 132 ], [ 133 .. 136 ], [ 137 .. 140 ], [ 141 .. 144 ], [ 145 .. 148 ], [ 149 .. 152 ], 
          [ 153 .. 156 ], [ 157 .. 160 ], [ 161 .. 164 ], [ 165 .. 168 ], [ 169 .. 172 ], [ 173 .. 176 ], 
          [ 177 .. 180 ], [ 181 .. 184 ], [ 185 .. 188 ], [ 189 .. 192 ], [ 193 .. 196 ], [ 197 .. 200 ], 
          [ 201 .. 204 ], [ 205 .. 208 ], [ 209 .. 212 ], [ 213 .. 216 ], [ 217 .. 220 ], [ 221 .. 224 ] ],
      invers := (  1,208)(  2,  9)(  3, 13)(  4, 17)(  5,206)(  6,205)(  7, 20)(  8,203)( 10,211)( 11, 24)
        ( 12, 25)( 14, 28)( 15, 29)( 16, 33)( 18, 36)( 19, 22)( 21,204)( 23, 37)( 26, 40)( 27, 41)( 30, 44)
        ( 31, 45)( 32, 49)( 34, 52)( 35, 38)( 39, 53)( 42, 56)( 43, 57)( 46, 60)( 47, 61)( 48, 65)( 50, 68)
        ( 51, 54)( 55, 69)( 58, 72)( 59, 73)( 62, 76)( 63, 77)( 64, 81)( 66, 84)( 67, 70)( 71, 85)( 74, 88)
        ( 75, 89)( 78, 92)( 79, 93)( 80, 97)( 82,100)( 83, 86)( 87,101)( 90,104)( 91,105)( 94,108)( 95,109)
        ( 96,113)( 98,116)( 99,102)(103,117)(106,120)(107,121)(110,124)(111,125)(112,129)(114,132)(115,118)
        (119,133)(122,136)(123,137)(126,140)(127,141)(128,145)(130,148)(131,134)(135,149)(138,152)(139,153)
        (142,156)(143,157)(144,161)(146,164)(147,150)(151,165)(154,168)(155,169)(158,172)(159,173)(160,177)
        (162,180)(163,166)(167,181)(170,184)(171,185)(174,188)(175,215)(176,193)(178,196)(179,182)(183,197)
        (186,200)(187,224)(189,222)(190,221)(191,199)(192,219)(194,220)(195,198)(201,210)(202,209)(207,212)
        (213,218)(214,217)(216,223),
      nbP := 224,
      next := (  1,  2,  3,  4)(  5,  6,  7,  8)(  9, 10, 11, 12)( 13, 14, 15, 16)( 17, 18, 19, 20)
        ( 21, 22, 23, 24)( 25, 26, 27, 28)( 29, 30, 31, 32)( 33, 34, 35, 36)( 37, 38, 39, 40)( 41, 42, 43, 44)
        ( 45, 46, 47, 48)( 49, 50, 51, 52)( 53, 54, 55, 56)( 57, 58, 59, 60)( 61, 62, 63, 64)( 65, 66, 67, 68)
        ( 69, 70, 71, 72)( 73, 74, 75, 76)( 77, 78, 79, 80)( 81, 82, 83, 84)( 85, 86, 87, 88)( 89, 90, 91, 92)
        ( 93, 94, 95, 96)( 97, 98, 99,100)(101,102,103,104)(105,106,107,108)(109,110,111,112)(113,114,115,116)
        (117,118,119,120)(121,122,123,124)(125,126,127,128)(129,130,131,132)(133,134,135,136)(137,138,139,140)
        (141,142,143,144)(145,146,147,148)(149,150,151,152)(153,154,155,156)(157,158,159,160)(161,162,163,164)
        (165,166,167,168)(169,170,171,172)(173,174,175,176)(177,178,179,180)(181,182,183,184)(185,186,187,188)
        (189,190,191,192)(193,194,195,196)(197,198,199,200)(201,202,203,204)(205,206,207,208)(209,210,211,212)
        (213,214,215,216)(217,218,219,220)(221,222,223,224) ), rec(
      MapDEvert := [ 1, 1, 1, 1, 2, 2, 2, 2, 3, 3, 3, 3, 4, 4, 4, 4, 5, 5, 5, 5, 6, 6, 6, 6, 7, 7, 7, 7, 8, 
          8, 8, 8, 9, 9, 9, 9, 10, 10, 10, 10, 11, 11, 11, 11, 12, 12, 12, 12, 13, 13, 13, 13, 14, 14, 14, 
          14, 15, 15, 15, 15, 16, 16, 16, 16, 17, 17, 17, 17, 18, 18, 18, 18, 19, 19, 19, 19, 20, 20, 20, 20, 
          21, 21, 21, 21, 22, 22, 22, 22, 23, 23, 23, 23, 24, 24, 24, 24, 25, 25, 25, 25, 26, 26, 26, 26, 27, 
          27, 27, 27, 28, 28, 28, 28, 29, 29, 29, 29, 30, 30, 30, 30, 31, 31, 31, 31, 32, 32, 32, 32, 33, 33, 
          33, 33, 34, 34, 34, 34, 35, 35, 35, 35, 36, 36, 36, 36, 37, 37, 37, 37, 38, 38, 38, 38, 39, 39, 39, 
          39, 40, 40, 40, 40, 41, 41, 41, 41, 42, 42, 42, 42, 43, 43, 43, 43, 44, 44, 44, 44, 45, 45, 45, 45, 
          46, 46, 46, 46, 47, 47, 47, 47, 48, 48, 48, 48, 49, 49, 49, 49, 50, 50, 50, 50, 51, 51, 51, 51, 52, 
          52, 52, 52, 53, 53, 53, 53, 54, 54, 54, 54, 55, 55, 55, 55, 56, 56, 56, 56 ],
      MapVertDE := [ [ 1 .. 4 ], [ 5 .. 8 ], [ 9 .. 12 ], [ 13 .. 16 ], [ 17 .. 20 ], [ 21 .. 24 ], 
          [ 25 .. 28 ], [ 29 .. 32 ], [ 33 .. 36 ], [ 37 .. 40 ], [ 41 .. 44 ], [ 45 .. 48 ], [ 49 .. 52 ], 
          [ 53 .. 56 ], [ 57 .. 60 ], [ 61 .. 64 ], [ 65 .. 68 ], [ 69 .. 72 ], [ 73 .. 76 ], [ 77 .. 80 ], 
          [ 81 .. 84 ], [ 85 .. 88 ], [ 89 .. 92 ], [ 93 .. 96 ], [ 97 .. 100 ], [ 101 .. 104 ], 
          [ 105 .. 108 ], [ 109 .. 112 ], [ 113 .. 116 ], [ 117 .. 120 ], [ 121 .. 124 ], [ 125 .. 128 ], 
          [ 129 .. 132 ], [ 133 .. 136 ], [ 137 .. 140 ], [ 141 .. 144 ], [ 145 .. 148 ], [ 149 .. 152 ], 
          [ 153 .. 156 ], [ 157 .. 160 ], [ 161 .. 164 ], [ 165 .. 168 ], [ 169 .. 172 ], [ 173 .. 176 ], 
          [ 177 .. 180 ], [ 181 .. 184 ], [ 185 .. 188 ], [ 189 .. 192 ], [ 193 .. 196 ], [ 197 .. 200 ], 
          [ 201 .. 204 ], [ 205 .. 208 ], [ 209 .. 212 ], [ 213 .. 216 ], [ 217 .. 220 ], [ 221 .. 224 ] ],
      invers := (  1,208)(  2,  9)(  3, 13)(  4, 17)(  5,206)(  6,205)(  7, 20)(  8,203)( 10,211)( 11, 24)
        ( 12, 25)( 14, 28)( 15, 29)( 16, 33)( 18, 36)( 19, 22)( 21,204)( 23, 37)( 26, 40)( 27, 41)( 30, 44)
        ( 31, 45)( 32, 49)( 34, 52)( 35, 38)( 39, 53)( 42, 56)( 43, 57)( 46, 60)( 47, 61)( 48, 65)( 50, 68)
        ( 51, 54)( 55, 69)( 58, 72)( 59, 73)( 62, 76)( 63, 77)( 64, 81)( 66, 84)( 67, 70)( 71, 85)( 74, 88)
        ( 75, 89)( 78, 92)( 79, 93)( 80, 97)( 82,100)( 83, 86)( 87,101)( 90,104)( 91,105)( 94,108)( 95,109)
        ( 96,113)( 98,116)( 99,102)(103,117)(106,120)(107,121)(110,124)(111,125)(112,129)(114,132)(115,118)
        (119,133)(122,136)(123,137)(126,140)(127,141)(128,145)(130,148)(131,134)(135,149)(138,152)(139,153)
        (142,156)(143,157)(144,161)(146,164)(147,150)(151,165)(154,168)(155,169)(158,172)(159,173)(160,177)
        (162,180)(163,166)(167,181)(170,184)(171,185)(174,188)(175,220)(176,193)(178,196)(179,182)(183,197)
        (186,200)(187,191)(189,218)(190,217)(192,215)(194,223)(195,198)(199,216)(201,210)(202,209)(207,212)
        (213,222)(214,221)(219,224),
      nbP := 224,
      next := (  1,  2,  3,  4)(  5,  6,  7,  8)(  9, 10, 11, 12)( 13, 14, 15, 16)( 17, 18, 19, 20)
        ( 21, 22, 23, 24)( 25, 26, 27, 28)( 29, 30, 31, 32)( 33, 34, 35, 36)( 37, 38, 39, 40)( 41, 42, 43, 44)
        ( 45, 46, 47, 48)( 49, 50, 51, 52)( 53, 54, 55, 56)( 57, 58, 59, 60)( 61, 62, 63, 64)( 65, 66, 67, 68)
        ( 69, 70, 71, 72)( 73, 74, 75, 76)( 77, 78, 79, 80)( 81, 82, 83, 84)( 85, 86, 87, 88)( 89, 90, 91, 92)
        ( 93, 94, 95, 96)( 97, 98, 99,100)(101,102,103,104)(105,106,107,108)(109,110,111,112)(113,114,115,116)
        (117,118,119,120)(121,122,123,124)(125,126,127,128)(129,130,131,132)(133,134,135,136)(137,138,139,140)
        (141,142,143,144)(145,146,147,148)(149,150,151,152)(153,154,155,156)(157,158,159,160)(161,162,163,164)
        (165,166,167,168)(169,170,171,172)(173,174,175,176)(177,178,179,180)(181,182,183,184)(185,186,187,188)
        (189,190,191,192)(193,194,195,196)(197,198,199,200)(201,202,203,204)(205,206,207,208)(209,210,211,212)
        (213,214,215,216)(217,218,219,220)(221,222,223,224) ), rec(
      MapDEvert := [ 1, 1, 1, 1, 2, 2, 2, 2, 3, 3, 3, 3, 4, 4, 4, 4, 5, 5, 5, 5, 6, 6, 6, 6, 7, 7, 7, 7, 8, 
          8, 8, 8, 9, 9, 9, 9, 10, 10, 10, 10, 11, 11, 11, 11, 12, 12, 12, 12, 13, 13, 13, 13, 14, 14, 14, 
          14, 15, 15, 15, 15, 16, 16, 16, 16, 17, 17, 17, 17, 18, 18, 18, 18, 19, 19, 19, 19, 20, 20, 20, 20, 
          21, 21, 21, 21, 22, 22, 22, 22, 23, 23, 23, 23, 24, 24, 24, 24, 25, 25, 25, 25, 26, 26, 26, 26, 27, 
          27, 27, 27, 28, 28, 28, 28, 29, 29, 29, 29, 30, 30, 30, 30, 31, 31, 31, 31, 32, 32, 32, 32, 33, 33, 
          33, 33, 34, 34, 34, 34, 35, 35, 35, 35, 36, 36, 36, 36, 37, 37, 37, 37, 38, 38, 38, 38, 39, 39, 39, 
          39, 40, 40, 40, 40, 41, 41, 41, 41, 42, 42, 42, 42, 43, 43, 43, 43, 44, 44, 44, 44, 45, 45, 45, 45, 
          46, 46, 46, 46, 47, 47, 47, 47, 48, 48, 48, 48, 49, 49, 49, 49, 50, 50, 50, 50, 51, 51, 51, 51, 52, 
          52, 52, 52, 53, 53, 53, 53, 54, 54, 54, 54, 55, 55, 55, 55, 56, 56, 56, 56 ],
      MapVertDE := [ [ 1 .. 4 ], [ 5 .. 8 ], [ 9 .. 12 ], [ 13 .. 16 ], [ 17 .. 20 ], [ 21 .. 24 ], 
          [ 25 .. 28 ], [ 29 .. 32 ], [ 33 .. 36 ], [ 37 .. 40 ], [ 41 .. 44 ], [ 45 .. 48 ], [ 49 .. 52 ], 
          [ 53 .. 56 ], [ 57 .. 60 ], [ 61 .. 64 ], [ 65 .. 68 ], [ 69 .. 72 ], [ 73 .. 76 ], [ 77 .. 80 ], 
          [ 81 .. 84 ], [ 85 .. 88 ], [ 89 .. 92 ], [ 93 .. 96 ], [ 97 .. 100 ], [ 101 .. 104 ], 
          [ 105 .. 108 ], [ 109 .. 112 ], [ 113 .. 116 ], [ 117 .. 120 ], [ 121 .. 124 ], [ 125 .. 128 ], 
          [ 129 .. 132 ], [ 133 .. 136 ], [ 137 .. 140 ], [ 141 .. 144 ], [ 145 .. 148 ], [ 149 .. 152 ], 
          [ 153 .. 156 ], [ 157 .. 160 ], [ 161 .. 164 ], [ 165 .. 168 ], [ 169 .. 172 ], [ 173 .. 176 ], 
          [ 177 .. 180 ], [ 181 .. 184 ], [ 185 .. 188 ], [ 189 .. 192 ], [ 193 .. 196 ], [ 197 .. 200 ], 
          [ 201 .. 204 ], [ 205 .. 208 ], [ 209 .. 212 ], [ 213 .. 216 ], [ 217 .. 220 ], [ 221 .. 224 ] ],
      invers := (  1,218)(  2,217)(  3,  9)(  4, 14)(  5,220)(  6,219)(  7, 13)(  8, 10)( 11, 17)( 12, 22)
        ( 15, 21)( 16, 18)( 19, 25)( 20, 30)( 23, 29)( 24, 26)( 27, 33)( 28, 38)( 31, 37)( 32, 34)( 35, 41)
        ( 36, 46)( 39, 45)( 40, 42)( 43, 49)( 44, 54)( 47, 53)( 48, 50)( 51, 57)( 52, 62)( 55, 61)( 56, 58)
        ( 59, 65)( 60, 70)( 63, 69)( 64, 66)( 67, 73)( 68, 78)( 71, 77)( 72, 74)( 75, 81)( 76, 86)( 79, 85)
        ( 80, 82)( 83, 89)( 84, 94)( 87, 93)( 88, 90)( 91, 97)( 92,102)( 95,101)( 96, 98)( 99,105)(100,110)
        (103,109)(104,106)(107,113)(108,118)(111,117)(112,114)(115,121)(116,126)(119,125)(120,122)(123,129)
        (124,134)(127,133)(128,130)(131,137)(132,142)(135,141)(136,138)(139,145)(140,150)(143,149)(144,146)
        (147,153)(148,158)(151,157)(152,154)(155,161)(156,166)(159,165)(160,162)(163,169)(164,174)(167,173)
        (168,170)(171,177)(172,182)(175,181)(176,178)(179,185)(180,190)(183,189)(184,186)(187,193)(188,198)
        (191,197)(192,194)(195,201)(196,206)(199,205)(200,202)(203,209)(204,214)(207,213)(208,210)(211,224)
        (212,223)(215,222)(216,221),
      nbP := 224,
      next := (  1,  2,  3,  4)(  5,  6,  7,  8)(  9, 10, 11, 12)( 13, 14, 15, 16)( 17, 18, 19, 20)
        ( 21, 22, 23, 24)( 25, 26, 27, 28)( 29, 30, 31, 32)( 33, 34, 35, 36)( 37, 38, 39, 40)( 41, 42, 43, 44)
        ( 45, 46, 47, 48)( 49, 50, 51, 52)( 53, 54, 55, 56)( 57, 58, 59, 60)( 61, 62, 63, 64)( 65, 66, 67, 68)
        ( 69, 70, 71, 72)( 73, 74, 75, 76)( 77, 78, 79, 80)( 81, 82, 83, 84)( 85, 86, 87, 88)( 89, 90, 91, 92)
        ( 93, 94, 95, 96)( 97, 98, 99,100)(101,102,103,104)(105,106,107,108)(109,110,111,112)(113,114,115,116)
        (117,118,119,120)(121,122,123,124)(125,126,127,128)(129,130,131,132)(133,134,135,136)(137,138,139,140)
        (141,142,143,144)(145,146,147,148)(149,150,151,152)(153,154,155,156)(157,158,159,160)(161,162,163,164)
        (165,166,167,168)(169,170,171,172)(173,174,175,176)(177,178,179,180)(181,182,183,184)(185,186,187,188)
        (189,190,191,192)(193,194,195,196)(197,198,199,200)(201,202,203,204)(205,206,207,208)(209,210,211,212)
        (213,214,215,216)(217,218,219,220)(221,222,223,224) ), rec(
      invers := (  1,113)(  2,116)(  3,  5)(  4,114)(  6,120)(  7,  9)(  8,118)( 10,124)( 11, 13)( 12,122)
        ( 14,128)( 15, 17)( 16,126)( 18,132)( 19, 21)( 20,130)( 22,136)( 23, 25)( 24,134)( 26,140)( 27, 29)
        ( 28,138)( 30,144)( 31, 33)( 32,142)( 34,148)( 35, 37)( 36,146)( 38,152)( 39, 41)( 40,150)( 42,156)
        ( 43, 45)( 44,154)( 46,160)( 47, 49)( 48,158)( 50,164)( 51, 53)( 52,162)( 54,168)( 55, 57)( 56,166)
        ( 58,172)( 59, 61)( 60,170)( 62,176)( 63, 65)( 64,174)( 66,180)( 67, 69)( 68,178)( 70,184)( 71, 73)
        ( 72,182)( 74,188)( 75, 77)( 76,186)( 78,192)( 79, 81)( 80,190)( 82,196)( 83, 85)( 84,194)( 86,200)
        ( 87, 89)( 88,198)( 90,204)( 91, 93)( 92,202)( 94,208)( 95, 97)( 96,206)( 98,212)( 99,101)(100,210)
        (102,216)(103,105)(104,214)(106,220)(107,109)(108,218)(110,224)(111,223)(112,222)(115,117)(119,121)
        (123,125)(127,129)(131,133)(135,137)(139,141)(143,145)(147,149)(151,153)(155,157)(159,161)(163,165)
        (167,169)(171,173)(175,177)(179,181)(183,185)(187,189)(191,193)(195,197)(199,201)(203,205)(207,209)
        (211,213)(215,217)(219,221),
      nbP := 224,
      next := (  1,  2,  3,  4)(  5,  6,  7,  8)(  9, 10, 11, 12)( 13, 14, 15, 16)( 17, 18, 19, 20)
        ( 21, 22, 23, 24)( 25, 26, 27, 28)( 29, 30, 31, 32)( 33, 34, 35, 36)( 37, 38, 39, 40)( 41, 42, 43, 44)
        ( 45, 46, 47, 48)( 49, 50, 51, 52)( 53, 54, 55, 56)( 57, 58, 59, 60)( 61, 62, 63, 64)( 65, 66, 67, 68)
        ( 69, 70, 71, 72)( 73, 74, 75, 76)( 77, 78, 79, 80)( 81, 82, 83, 84)( 85, 86, 87, 88)( 89, 90, 91, 92)
        ( 93, 94, 95, 96)( 97, 98, 99,100)(101,102,103,104)(105,106,107,108)(109,110,111,112)(113,114,115,116)
        (117,118,119,120)(121,122,123,124)(125,126,127,128)(129,130,131,132)(133,134,135,136)(137,138,139,140)
        (141,142,143,144)(145,146,147,148)(149,150,151,152)(153,154,155,156)(157,158,159,160)(161,162,163,164)
        (165,166,167,168)(169,170,171,172)(173,174,175,176)(177,178,179,180)(181,182,183,184)(185,186,187,188)
        (189,190,191,192)(193,194,195,196)(197,198,199,200)(201,202,203,204)(205,206,207,208)(209,210,211,212)
        (213,214,215,216)(217,218,219,220)(221,222,223,224) ) ];
