return [ rec(
      MapDEvert := [ 1, 1, 1, 1, 2, 2, 2, 2, 3, 3, 3, 3, 4, 4, 4, 4, 5, 5, 5, 5, 6, 6, 6, 6, 7, 7, 7, 7, 8, 
          8, 8, 8, 9, 9, 9, 9, 10, 10, 10, 10, 11, 11, 11, 11, 12, 12, 12, 12, 13, 13, 13, 13, 14, 14, 14, 
          14, 15, 15, 15, 15, 16, 16, 16, 16 ],
      MapVertDE := [ [ 1 .. 4 ], [ 5 .. 8 ], [ 9 .. 12 ], [ 13 .. 16 ], [ 17 .. 20 ], [ 21 .. 24 ], 
          [ 25 .. 28 ], [ 29 .. 32 ], [ 33 .. 36 ], [ 37 .. 40 ], [ 41 .. 44 ], [ 45 .. 48 ], [ 49 .. 52 ], 
          [ 53 .. 56 ], [ 57 .. 60 ], [ 61 .. 64 ] ],
      invers := ( 1, 5)( 2, 9)( 3,43)( 4,17)( 6,21)( 7,51)( 8,29)(10,32)(11,33)(12,60)(13,58)(14,57)(15,36)
        (16,47)(18,48)(19,35)(20,22)(23,37)(24,64)(25,62)(26,61)(27,40)(28,55)(30,56)(31,39)(34,38)(41,46)
        (42,45)(44,59)(49,54)(50,53)(52,63),
      nbP := 64,
      next := ( 1, 2, 3, 4)( 5, 6, 7, 8)( 9,10,11,12)(13,14,15,16)(17,18,19,20)(21,22,23,24)(25,26,27,28)
        (29,30,31,32)(33,34,35,36)(37,38,39,40)(41,42,43,44)(45,46,47,48)(49,50,51,52)(53,54,55,56)
        (57,58,59,60)(61,62,63,64) ), rec(
      MapDEvert := [ 1, 1, 1, 1, 2, 2, 2, 2, 3, 3, 3, 3, 4, 4, 4, 4, 5, 5, 5, 5, 6, 6, 6, 6, 7, 7, 7, 7, 8, 
          8, 8, 8, 9, 9, 9, 9, 10, 10, 10, 10, 11, 11, 11, 11, 12, 12, 12, 12, 13, 13, 13, 13, 14, 14, 14, 
          14, 15, 15, 15, 15, 16, 16, 16, 16 ],
      MapVertDE := [ [ 1 .. 4 ], [ 5 .. 8 ], [ 9 .. 12 ], [ 13 .. 16 ], [ 17 .. 20 ], [ 21 .. 24 ], 
          [ 25 .. 28 ], [ 29 .. 32 ], [ 33 .. 36 ], [ 37 .. 40 ], [ 41 .. 44 ], [ 45 .. 48 ], [ 49 .. 52 ], 
          [ 53 .. 56 ], [ 57 .. 60 ], [ 61 .. 64 ] ],
      invers := ( 1, 5)( 2, 9)( 3,43)( 4,17)( 6,21)( 7,56)( 8,29)(10,32)(11,33)(12,60)(13,58)(14,57)(15,36)
        (16,47)(18,48)(19,35)(20,22)(23,37)(24,27)(25,54)(26,53)(28,51)(30,63)(31,39)(34,38)(40,52)(41,46)
        (42,45)(44,59)(49,62)(50,61)(55,64),
      nbP := 64,
      next := ( 1, 2, 3, 4)( 5, 6, 7, 8)( 9,10,11,12)(13,14,15,16)(17,18,19,20)(21,22,23,24)(25,26,27,28)
        (29,30,31,32)(33,34,35,36)(37,38,39,40)(41,42,43,44)(45,46,47,48)(49,50,51,52)(53,54,55,56)
        (57,58,59,60)(61,62,63,64) ), rec(
      MapDEvert := [ 1, 1, 1, 1, 2, 2, 2, 2, 3, 3, 3, 3, 4, 4, 4, 4, 5, 5, 5, 5, 6, 6, 6, 6, 7, 7, 7, 7, 8, 
          8, 8, 8, 9, 9, 9, 9, 10, 10, 10, 10, 11, 11, 11, 11, 12, 12, 12, 12, 13, 13, 13, 13, 14, 14, 14, 
          14, 15, 15, 15, 15, 16, 16, 16, 16 ],
      MapVertDE := [ [ 1 .. 4 ], [ 5 .. 8 ], [ 9 .. 12 ], [ 13 .. 16 ], [ 17 .. 20 ], [ 21 .. 24 ], 
          [ 25 .. 28 ], [ 29 .. 32 ], [ 33 .. 36 ], [ 37 .. 40 ], [ 41 .. 44 ], [ 45 .. 48 ], [ 49 .. 52 ], 
          [ 53 .. 56 ], [ 57 .. 60 ], [ 61 .. 64 ] ],
      invers := ( 1,52)( 2, 9)( 3,13)( 4,17)( 5,50)( 6,49)( 7,20)( 8,56)(10,28)(11,29)(12,60)(14,59)(15,39)
        (16,41)(18,44)(19,23)(21,54)(22,53)(24,45)(25,51)(26,55)(27,48)(30,47)(31,63)(32,35)(33,58)(34,57)
        (36,40)(37,62)(38,61)(42,64)(43,46),
      nbP := 64,
      next := ( 1, 2, 3, 4)( 5, 6, 7, 8)( 9,10,11,12)(13,14,15,16)(17,18,19,20)(21,22,23,24)(25,26,27,28)
        (29,30,31,32)(33,34,35,36)(37,38,39,40)(41,42,43,44)(45,46,47,48)(49,50,51,52)(53,54,55,56)
        (57,58,59,60)(61,62,63,64) ), rec(
      MapDEvert := [ 1, 1, 1, 1, 2, 2, 2, 2, 3, 3, 3, 3, 4, 4, 4, 4, 5, 5, 5, 5, 6, 6, 6, 6, 7, 7, 7, 7, 8, 
          8, 8, 8, 9, 9, 9, 9, 10, 10, 10, 10, 11, 11, 11, 11, 12, 12, 12, 12, 13, 13, 13, 13, 14, 14, 14, 
          14, 15, 15, 15, 15, 16, 16, 16, 16 ],
      MapVertDE := [ [ 1 .. 4 ], [ 5 .. 8 ], [ 9 .. 12 ], [ 13 .. 16 ], [ 17 .. 20 ], [ 21 .. 24 ], 
          [ 25 .. 28 ], [ 29 .. 32 ], [ 33 .. 36 ], [ 37 .. 40 ], [ 41 .. 44 ], [ 45 .. 48 ], [ 49 .. 52 ], 
          [ 53 .. 56 ], [ 57 .. 60 ], [ 61 .. 64 ] ],
      invers := ( 1,50)( 2,49)( 3, 9)( 4,13)( 5,52)( 6,23)( 7,25)( 8,10)(11,31)(12,33)(14,36)(15,64)(16,18)
        (17,51)(19,41)(20,24)(21,54)(22,53)(26,56)(27,45)(28,32)(29,58)(30,57)(34,60)(35,39)(37,62)(38,61)
        (40,47)(42,63)(43,46)(44,55)(48,59),
      nbP := 64,
      next := ( 1, 2, 3, 4)( 5, 6, 7, 8)( 9,10,11,12)(13,14,15,16)(17,18,19,20)(21,22,23,24)(25,26,27,28)
        (29,30,31,32)(33,34,35,36)(37,38,39,40)(41,42,43,44)(45,46,47,48)(49,50,51,52)(53,54,55,56)
        (57,58,59,60)(61,62,63,64) ), rec(
      MapDEvert := [ 1, 1, 1, 1, 2, 2, 2, 2, 3, 3, 3, 3, 4, 4, 4, 4, 5, 5, 5, 5, 6, 6, 6, 6, 7, 7, 7, 7, 8, 
          8, 8, 8, 9, 9, 9, 9, 10, 10, 10, 10, 11, 11, 11, 11, 12, 12, 12, 12, 13, 13, 13, 13, 14, 14, 14, 
          14, 15, 15, 15, 15, 16, 16, 16, 16 ],
      MapVertDE := [ [ 1 .. 4 ], [ 5 .. 8 ], [ 9 .. 12 ], [ 13 .. 16 ], [ 17 .. 20 ], [ 21 .. 24 ], 
          [ 25 .. 28 ], [ 29 .. 32 ], [ 33 .. 36 ], [ 37 .. 40 ], [ 41 .. 44 ], [ 45 .. 48 ], [ 49 .. 52 ], 
          [ 53 .. 56 ], [ 57 .. 60 ], [ 61 .. 64 ] ],
      invers := ( 1,50)( 2,49)( 3, 9)( 4,13)( 5,52)( 6,23)( 7,25)( 8,10)(11,29)(12,60)(14,59)(15,37)(16,18)
        (17,51)(19,41)(20,24)(21,54)(22,53)(26,56)(27,47)(28,30)(31,64)(32,35)(33,58)(34,57)(36,38)(39,63)
        (40,42)(43,48)(44,55)(45,62)(46,61),
      nbP := 64,
      next := ( 1, 2, 3, 4)( 5, 6, 7, 8)( 9,10,11,12)(13,14,15,16)(17,18,19,20)(21,22,23,24)(25,26,27,28)
        (29,30,31,32)(33,34,35,36)(37,38,39,40)(41,42,43,44)(45,46,47,48)(49,50,51,52)(53,54,55,56)
        (57,58,59,60)(61,62,63,64) ), rec(
      MapDEvert := [ 1, 1, 1, 1, 2, 2, 2, 2, 3, 3, 3, 3, 4, 4, 4, 4, 5, 5, 5, 5, 6, 6, 6, 6, 7, 7, 7, 7, 8, 
          8, 8, 8, 9, 9, 9, 9, 10, 10, 10, 10, 11, 11, 11, 11, 12, 12, 12, 12, 13, 13, 13, 13, 14, 14, 14, 
          14, 15, 15, 15, 15, 16, 16, 16, 16 ],
      MapVertDE := [ [ 1 .. 4 ], [ 5 .. 8 ], [ 9 .. 12 ], [ 13 .. 16 ], [ 17 .. 20 ], [ 21 .. 24 ], 
          [ 25 .. 28 ], [ 29 .. 32 ], [ 33 .. 36 ], [ 37 .. 40 ], [ 41 .. 44 ], [ 45 .. 48 ], [ 49 .. 52 ], 
          [ 53 .. 56 ], [ 57 .. 60 ], [ 61 .. 64 ] ],
      invers := ( 1,58)( 2,57)( 3, 9)( 4,14)( 5,60)( 6,59)( 7,13)( 8,10)(11,17)(12,22)(15,21)(16,18)(19,25)
        (20,30)(23,29)(24,26)(27,33)(28,38)(31,37)(32,34)(35,41)(36,46)(39,45)(40,42)(43,49)(44,54)(47,53)
        (48,50)(51,64)(52,63)(55,62)(56,61),
      nbP := 64,
      next := ( 1, 2, 3, 4)( 5, 6, 7, 8)( 9,10,11,12)(13,14,15,16)(17,18,19,20)(21,22,23,24)(25,26,27,28)
        (29,30,31,32)(33,34,35,36)(37,38,39,40)(41,42,43,44)(45,46,47,48)(49,50,51,52)(53,54,55,56)
        (57,58,59,60)(61,62,63,64) ), rec(
      invers := ( 1,33)( 2,36)( 3, 5)( 4,34)( 6,40)( 7, 9)( 8,38)(10,44)(11,13)(12,42)(14,48)(15,17)(16,46)
        (18,52)(19,21)(20,50)(22,56)(23,25)(24,54)(26,60)(27,29)(28,58)(30,64)(31,63)(32,62)(35,37)(39,41)
        (43,45)(47,49)(51,53)(55,57)(59,61),
      nbP := 64,
      next := ( 1, 2, 3, 4)( 5, 6, 7, 8)( 9,10,11,12)(13,14,15,16)(17,18,19,20)(21,22,23,24)(25,26,27,28)
        (29,30,31,32)(33,34,35,36)(37,38,39,40)(41,42,43,44)(45,46,47,48)(49,50,51,52)(53,54,55,56)
        (57,58,59,60)(61,62,63,64) ) ];
