return [ rec(
      MapDEvert := [ 1, 1, 1, 1, 2, 2, 2, 2, 3, 3, 3, 3, 4, 4, 4, 4, 5, 5, 5, 5, 6, 6, 6, 6, 7, 7, 7, 7, 8, 
          8, 8, 8, 9, 9, 9, 9, 10, 10, 10, 10, 11, 11, 11, 11, 12, 12, 12, 12, 13, 13, 13, 13, 14, 14, 14, 
          14, 15, 15, 15, 15, 16, 16, 16, 16, 17, 17, 17, 17, 18, 18, 18, 18, 19, 19, 19, 19, 20, 20, 20, 20, 
          21, 21, 21, 21, 22, 22, 22, 22, 23, 23, 23, 23, 24, 24, 24, 24, 25, 25, 25, 25, 26, 26, 26, 26 ],
      MapVertDE := [ [ 1 .. 4 ], [ 5 .. 8 ], [ 9 .. 12 ], [ 13 .. 16 ], [ 17 .. 20 ], [ 21 .. 24 ], 
          [ 25 .. 28 ], [ 29 .. 32 ], [ 33 .. 36 ], [ 37 .. 40 ], [ 41 .. 44 ], [ 45 .. 48 ], [ 49 .. 52 ], 
          [ 53 .. 56 ], [ 57 .. 60 ], [ 61 .. 64 ], [ 65 .. 68 ], [ 69 .. 72 ], [ 73 .. 76 ], [ 77 .. 80 ], 
          [ 81 .. 84 ], [ 85 .. 88 ], [ 89 .. 92 ], [ 93 .. 96 ], [ 97 .. 100 ], [ 101 .. 104 ] ],
      invers := (  1,  7)(  2,  9)(  3, 13)(  4, 17)(  5, 90)(  6, 89)(  8, 21)( 10, 92)( 11, 29)( 12, 33)
        ( 14, 36)( 15, 37)( 16, 41)( 18, 44)( 19, 47)( 20, 22)( 23, 96)( 24, 26)( 25, 91)( 27, 49)( 28, 30)
        ( 31, 53)( 32, 57)( 34, 60)( 35,100)( 38, 99)( 39, 65)( 40, 69)( 42, 72)( 43, 73)( 45, 94)( 46, 93)
        ( 48, 76)( 50, 95)( 51, 75)( 52, 54)( 55, 77)( 56, 81)( 58, 84)( 59, 63)( 61, 98)( 62, 97)( 64, 66)
        ( 67, 83)( 68,104)( 70,103)( 71, 79)( 74, 78)( 80, 88)( 82, 87)( 85,102)( 86,101),
      nbP := 104,
      next := (  1,  2,  3,  4)(  5,  6,  7,  8)(  9, 10, 11, 12)( 13, 14, 15, 16)( 17, 18, 19, 20)
        ( 21, 22, 23, 24)( 25, 26, 27, 28)( 29, 30, 31, 32)( 33, 34, 35, 36)( 37, 38, 39, 40)( 41, 42, 43, 44)
        ( 45, 46, 47, 48)( 49, 50, 51, 52)( 53, 54, 55, 56)( 57, 58, 59, 60)( 61, 62, 63, 64)( 65, 66, 67, 68)
        ( 69, 70, 71, 72)( 73, 74, 75, 76)( 77, 78, 79, 80)( 81, 82, 83, 84)( 85, 86, 87, 88)( 89, 90, 91, 92)
        ( 93, 94, 95, 96)( 97, 98, 99,100)(101,102,103,104) ), rec(
      MapDEvert := [ 1, 1, 1, 1, 2, 2, 2, 2, 3, 3, 3, 3, 4, 4, 4, 4, 5, 5, 5, 5, 6, 6, 6, 6, 7, 7, 7, 7, 8, 
          8, 8, 8, 9, 9, 9, 9, 10, 10, 10, 10, 11, 11, 11, 11, 12, 12, 12, 12, 13, 13, 13, 13, 14, 14, 14, 
          14, 15, 15, 15, 15, 16, 16, 16, 16, 17, 17, 17, 17, 18, 18, 18, 18, 19, 19, 19, 19, 20, 20, 20, 20, 
          21, 21, 21, 21, 22, 22, 22, 22, 23, 23, 23, 23, 24, 24, 24, 24, 25, 25, 25, 25, 26, 26, 26, 26 ],
      MapVertDE := [ [ 1 .. 4 ], [ 5 .. 8 ], [ 9 .. 12 ], [ 13 .. 16 ], [ 17 .. 20 ], [ 21 .. 24 ], 
          [ 25 .. 28 ], [ 29 .. 32 ], [ 33 .. 36 ], [ 37 .. 40 ], [ 41 .. 44 ], [ 45 .. 48 ], [ 49 .. 52 ], 
          [ 53 .. 56 ], [ 57 .. 60 ], [ 61 .. 64 ], [ 65 .. 68 ], [ 69 .. 72 ], [ 73 .. 76 ], [ 77 .. 80 ], 
          [ 81 .. 84 ], [ 85 .. 88 ], [ 89 .. 92 ], [ 93 .. 96 ], [ 97 .. 100 ], [ 101 .. 104 ] ],
      invers := (  1,  7)(  2,  9)(  3, 13)(  4, 19)(  5, 90)(  6, 89)(  8, 96)( 10, 92)( 11, 25)( 12, 29)
        ( 14, 32)( 15, 33)( 16, 37)( 17, 94)( 18, 93)( 20, 40)( 21, 91)( 22, 95)( 23, 39)( 24, 26)( 27, 41)
        ( 28, 45)( 30, 48)( 31, 49)( 34, 52)( 35, 53)( 36, 43)( 38, 42)( 44, 57)( 46, 60)( 47, 61)( 50, 64)
        ( 51, 65)( 54, 68)( 55, 69)( 56, 58)( 59, 73)( 62, 76)( 63, 77)( 66, 80)( 67,100)( 70, 99)( 71, 87)
        ( 72, 74)( 75,104)( 78,103)( 79, 83)( 81, 98)( 82, 97)( 84, 88)( 85,102)( 86,101),
      nbP := 104,
      next := (  1,  2,  3,  4)(  5,  6,  7,  8)(  9, 10, 11, 12)( 13, 14, 15, 16)( 17, 18, 19, 20)
        ( 21, 22, 23, 24)( 25, 26, 27, 28)( 29, 30, 31, 32)( 33, 34, 35, 36)( 37, 38, 39, 40)( 41, 42, 43, 44)
        ( 45, 46, 47, 48)( 49, 50, 51, 52)( 53, 54, 55, 56)( 57, 58, 59, 60)( 61, 62, 63, 64)( 65, 66, 67, 68)
        ( 69, 70, 71, 72)( 73, 74, 75, 76)( 77, 78, 79, 80)( 81, 82, 83, 84)( 85, 86, 87, 88)( 89, 90, 91, 92)
        ( 93, 94, 95, 96)( 97, 98, 99,100)(101,102,103,104) ), rec(
      MapDEvert := [ 1, 1, 1, 1, 2, 2, 2, 2, 3, 3, 3, 3, 4, 4, 4, 4, 5, 5, 5, 5, 6, 6, 6, 6, 7, 7, 7, 7, 8, 
          8, 8, 8, 9, 9, 9, 9, 10, 10, 10, 10, 11, 11, 11, 11, 12, 12, 12, 12, 13, 13, 13, 13, 14, 14, 14, 
          14, 15, 15, 15, 15, 16, 16, 16, 16, 17, 17, 17, 17, 18, 18, 18, 18, 19, 19, 19, 19, 20, 20, 20, 20, 
          21, 21, 21, 21, 22, 22, 22, 22, 23, 23, 23, 23, 24, 24, 24, 24, 25, 25, 25, 25, 26, 26, 26, 26 ],
      MapVertDE := [ [ 1 .. 4 ], [ 5 .. 8 ], [ 9 .. 12 ], [ 13 .. 16 ], [ 17 .. 20 ], [ 21 .. 24 ], 
          [ 25 .. 28 ], [ 29 .. 32 ], [ 33 .. 36 ], [ 37 .. 40 ], [ 41 .. 44 ], [ 45 .. 48 ], [ 49 .. 52 ], 
          [ 53 .. 56 ], [ 57 .. 60 ], [ 61 .. 64 ], [ 65 .. 68 ], [ 69 .. 72 ], [ 73 .. 76 ], [ 77 .. 80 ], 
          [ 81 .. 84 ], [ 85 .. 88 ], [ 89 .. 92 ], [ 93 .. 96 ], [ 97 .. 100 ], [ 101 .. 104 ] ],
      invers := (  1,  5)(  2, 92)(  3, 13)(  4, 17)(  6, 21)(  7, 25)(  8, 11)(  9, 90)( 10, 89)( 12, 29)
        ( 14, 36)( 15, 39)( 16, 41)( 18, 44)( 19, 45)( 20, 22)( 23, 49)( 24,100)( 26, 99)( 27, 57)( 28, 30)
        ( 31, 61)( 32, 34)( 33, 91)( 35, 65)( 37, 94)( 38, 93)( 40, 68)( 42, 96)( 43, 73)( 46, 76)( 47,104)
        ( 48, 50)( 51, 81)( 52, 55)( 53, 98)( 54, 97)( 56, 58)( 59, 84)( 60, 62)( 63, 85)( 64, 66)( 67, 70)
        ( 69, 95)( 71, 88)( 72, 74)( 75, 79)( 77,102)( 78,101)( 80, 87)( 82,103)( 83, 86),
      nbP := 104,
      next := (  1,  2,  3,  4)(  5,  6,  7,  8)(  9, 10, 11, 12)( 13, 14, 15, 16)( 17, 18, 19, 20)
        ( 21, 22, 23, 24)( 25, 26, 27, 28)( 29, 30, 31, 32)( 33, 34, 35, 36)( 37, 38, 39, 40)( 41, 42, 43, 44)
        ( 45, 46, 47, 48)( 49, 50, 51, 52)( 53, 54, 55, 56)( 57, 58, 59, 60)( 61, 62, 63, 64)( 65, 66, 67, 68)
        ( 69, 70, 71, 72)( 73, 74, 75, 76)( 77, 78, 79, 80)( 81, 82, 83, 84)( 85, 86, 87, 88)( 89, 90, 91, 92)
        ( 93, 94, 95, 96)( 97, 98, 99,100)(101,102,103,104) ), rec(
      MapDEvert := [ 1, 1, 1, 1, 2, 2, 2, 2, 3, 3, 3, 3, 4, 4, 4, 4, 5, 5, 5, 5, 6, 6, 6, 6, 7, 7, 7, 7, 8, 
          8, 8, 8, 9, 9, 9, 9, 10, 10, 10, 10, 11, 11, 11, 11, 12, 12, 12, 12, 13, 13, 13, 13, 14, 14, 14, 
          14, 15, 15, 15, 15, 16, 16, 16, 16, 17, 17, 17, 17, 18, 18, 18, 18, 19, 19, 19, 19, 20, 20, 20, 20, 
          21, 21, 21, 21, 22, 22, 22, 22, 23, 23, 23, 23, 24, 24, 24, 24, 25, 25, 25, 25, 26, 26, 26, 26 ],
      MapVertDE := [ [ 1 .. 4 ], [ 5 .. 8 ], [ 9 .. 12 ], [ 13 .. 16 ], [ 17 .. 20 ], [ 21 .. 24 ], 
          [ 25 .. 28 ], [ 29 .. 32 ], [ 33 .. 36 ], [ 37 .. 40 ], [ 41 .. 44 ], [ 45 .. 48 ], [ 49 .. 52 ], 
          [ 53 .. 56 ], [ 57 .. 60 ], [ 61 .. 64 ], [ 65 .. 68 ], [ 69 .. 72 ], [ 73 .. 76 ], [ 77 .. 80 ], 
          [ 81 .. 84 ], [ 85 .. 88 ], [ 89 .. 92 ], [ 93 .. 96 ], [ 97 .. 100 ], [ 101 .. 104 ] ],
      invers := (  1, 98)(  2, 97)(  3,  9)(  4, 14)(  5,100)(  6, 99)(  7, 13)(  8, 10)( 11, 17)( 12, 22)
        ( 15, 21)( 16, 18)( 19, 25)( 20, 30)( 23, 29)( 24, 26)( 27, 33)( 28, 38)( 31, 37)( 32, 34)( 35, 41)
        ( 36, 46)( 39, 45)( 40, 42)( 43, 49)( 44, 54)( 47, 53)( 48, 50)( 51, 57)( 52, 62)( 55, 61)( 56, 58)
        ( 59, 65)( 60, 70)( 63, 69)( 64, 66)( 67, 73)( 68, 78)( 71, 77)( 72, 74)( 75, 81)( 76, 86)( 79, 85)
        ( 80, 82)( 83, 89)( 84, 94)( 87, 93)( 88, 90)( 91,104)( 92,103)( 95,102)( 96,101),
      nbP := 104,
      next := (  1,  2,  3,  4)(  5,  6,  7,  8)(  9, 10, 11, 12)( 13, 14, 15, 16)( 17, 18, 19, 20)
        ( 21, 22, 23, 24)( 25, 26, 27, 28)( 29, 30, 31, 32)( 33, 34, 35, 36)( 37, 38, 39, 40)( 41, 42, 43, 44)
        ( 45, 46, 47, 48)( 49, 50, 51, 52)( 53, 54, 55, 56)( 57, 58, 59, 60)( 61, 62, 63, 64)( 65, 66, 67, 68)
        ( 69, 70, 71, 72)( 73, 74, 75, 76)( 77, 78, 79, 80)( 81, 82, 83, 84)( 85, 86, 87, 88)( 89, 90, 91, 92)
        ( 93, 94, 95, 96)( 97, 98, 99,100)(101,102,103,104) ), rec(
      invers := (  1, 53)(  2, 56)(  3,  5)(  4, 54)(  6, 60)(  7,  9)(  8, 58)( 10, 64)( 11, 13)( 12, 62)
        ( 14, 68)( 15, 17)( 16, 66)( 18, 72)( 19, 21)( 20, 70)( 22, 76)( 23, 25)( 24, 74)( 26, 80)( 27, 29)
        ( 28, 78)( 30, 84)( 31, 33)( 32, 82)( 34, 88)( 35, 37)( 36, 86)( 38, 92)( 39, 41)( 40, 90)( 42, 96)
        ( 43, 45)( 44, 94)( 46,100)( 47, 49)( 48, 98)( 50,104)( 51,103)( 52,102)( 55, 57)( 59, 61)( 63, 65)
        ( 67, 69)( 71, 73)( 75, 77)( 79, 81)( 83, 85)( 87, 89)( 91, 93)( 95, 97)( 99,101),
      nbP := 104,
      next := (  1,  2,  3,  4)(  5,  6,  7,  8)(  9, 10, 11, 12)( 13, 14, 15, 16)( 17, 18, 19, 20)
        ( 21, 22, 23, 24)( 25, 26, 27, 28)( 29, 30, 31, 32)( 33, 34, 35, 36)( 37, 38, 39, 40)( 41, 42, 43, 44)
        ( 45, 46, 47, 48)( 49, 50, 51, 52)( 53, 54, 55, 56)( 57, 58, 59, 60)( 61, 62, 63, 64)( 65, 66, 67, 68)
        ( 69, 70, 71, 72)( 73, 74, 75, 76)( 77, 78, 79, 80)( 81, 82, 83, 84)( 85, 86, 87, 88)( 89, 90, 91, 92)
        ( 93, 94, 95, 96)( 97, 98, 99,100)(101,102,103,104) ) ];
