return [ rec(
      MapDEvert := [ 1, 1, 1, 1, 2, 2, 2, 2, 3, 3, 3, 3, 4, 4, 4, 4, 5, 5, 5, 5, 6, 6, 6, 6, 7, 7, 7, 7, 8, 
          8, 8, 8, 9, 9, 9, 9, 10, 10, 10, 10, 11, 11, 11, 11, 12, 12, 12, 12, 13, 13, 13, 13, 14, 14, 14, 
          14, 15, 15, 15, 15, 16, 16, 16, 16, 17, 17, 17, 17, 18, 18, 18, 18 ],
      MapVertDE := [ [ 1 .. 4 ], [ 5 .. 8 ], [ 9 .. 12 ], [ 13 .. 16 ], [ 17 .. 20 ], [ 21 .. 24 ], 
          [ 25 .. 28 ], [ 29 .. 32 ], [ 33 .. 36 ], [ 37 .. 40 ], [ 41 .. 44 ], [ 45 .. 48 ], [ 49 .. 52 ], 
          [ 53 .. 56 ], [ 57 .. 60 ], [ 61 .. 64 ], [ 65 .. 68 ], [ 69 .. 72 ] ],
      invers := ( 1, 5)( 2, 9)( 3,13)( 4,17)( 6,23)( 7,27)( 8,29)(10,32)(11,33)(12,68)(14,67)(15,43)(16,45)
        (18,48)(19,49)(20,24)(21,58)(22,57)(25,62)(26,61)(28,60)(30,64)(31,53)(34,56)(35,71)(36,39)(37,66)
        (38,65)(40,44)(41,70)(42,69)(46,72)(47,55)(50,54)(51,63)(52,59),
      nbP := 72,
      next := ( 1, 2, 3, 4)( 5, 6, 7, 8)( 9,10,11,12)(13,14,15,16)(17,18,19,20)(21,22,23,24)(25,26,27,28)
        (29,30,31,32)(33,34,35,36)(37,38,39,40)(41,42,43,44)(45,46,47,48)(49,50,51,52)(53,54,55,56)
        (57,58,59,60)(61,62,63,64)(65,66,67,68)(69,70,71,72) ), rec(
      MapDEvert := [ 1, 1, 1, 1, 2, 2, 2, 2, 3, 3, 3, 3, 4, 4, 4, 4, 5, 5, 5, 5, 6, 6, 6, 6, 7, 7, 7, 7, 8, 
          8, 8, 8, 9, 9, 9, 9, 10, 10, 10, 10, 11, 11, 11, 11, 12, 12, 12, 12, 13, 13, 13, 13, 14, 14, 14, 
          14, 15, 15, 15, 15, 16, 16, 16, 16, 17, 17, 17, 17, 18, 18, 18, 18 ],
      MapVertDE := [ [ 1 .. 4 ], [ 5 .. 8 ], [ 9 .. 12 ], [ 13 .. 16 ], [ 17 .. 20 ], [ 21 .. 24 ], 
          [ 25 .. 28 ], [ 29 .. 32 ], [ 33 .. 36 ], [ 37 .. 40 ], [ 41 .. 44 ], [ 45 .. 48 ], [ 49 .. 52 ], 
          [ 53 .. 56 ], [ 57 .. 60 ], [ 61 .. 64 ], [ 65 .. 68 ], [ 69 .. 72 ] ],
      invers := ( 1, 7)( 2, 9)( 3,15)( 4,17)( 5,58)( 6,57)( 8,21)(10,60)(11,29)(12,33)(13,62)(14,61)(16,36)
        (18,64)(19,41)(20,22)(23,47)(24,26)(25,59)(27,68)(28,30)(31,49)(32,72)(34,71)(35,38)(37,63)(39,56)
        (40,42)(43,51)(44,48)(45,66)(46,65)(50,67)(52,55)(53,70)(54,69),
      nbP := 72,
      next := ( 1, 2, 3, 4)( 5, 6, 7, 8)( 9,10,11,12)(13,14,15,16)(17,18,19,20)(21,22,23,24)(25,26,27,28)
        (29,30,31,32)(33,34,35,36)(37,38,39,40)(41,42,43,44)(45,46,47,48)(49,50,51,52)(53,54,55,56)
        (57,58,59,60)(61,62,63,64)(65,66,67,68)(69,70,71,72) ), rec(
      MapDEvert := [ 1, 1, 1, 1, 2, 2, 2, 2, 3, 3, 3, 3, 4, 4, 4, 4, 5, 5, 5, 5, 6, 6, 6, 6, 7, 7, 7, 7, 8, 
          8, 8, 8, 9, 9, 9, 9, 10, 10, 10, 10, 11, 11, 11, 11, 12, 12, 12, 12, 13, 13, 13, 13, 14, 14, 14, 
          14, 15, 15, 15, 15, 16, 16, 16, 16, 17, 17, 17, 17, 18, 18, 18, 18 ],
      MapVertDE := [ [ 1 .. 4 ], [ 5 .. 8 ], [ 9 .. 12 ], [ 13 .. 16 ], [ 17 .. 20 ], [ 21 .. 24 ], 
          [ 25 .. 28 ], [ 29 .. 32 ], [ 33 .. 36 ], [ 37 .. 40 ], [ 41 .. 44 ], [ 45 .. 48 ], [ 49 .. 52 ], 
          [ 53 .. 56 ], [ 57 .. 60 ], [ 61 .. 64 ], [ 65 .. 68 ], [ 69 .. 72 ] ],
      invers := ( 1, 5)( 2,11)( 3,13)( 4,64)( 6,21)( 7,25)( 8,29)( 9,58)(10,57)(12,32)(14,60)(15,37)(16,19)
        (17,62)(18,61)(20,41)(22,63)(23,44)(24,68)(26,67)(27,49)(28,72)(30,71)(31,34)(33,59)(35,56)(36,38)
        (39,51)(40,42)(43,47)(45,66)(46,65)(48,50)(52,55)(53,70)(54,69),
      nbP := 72,
      next := ( 1, 2, 3, 4)( 5, 6, 7, 8)( 9,10,11,12)(13,14,15,16)(17,18,19,20)(21,22,23,24)(25,26,27,28)
        (29,30,31,32)(33,34,35,36)(37,38,39,40)(41,42,43,44)(45,46,47,48)(49,50,51,52)(53,54,55,56)
        (57,58,59,60)(61,62,63,64)(65,66,67,68)(69,70,71,72) ), rec(
      MapDEvert := [ 1, 1, 1, 1, 2, 2, 2, 2, 3, 3, 3, 3, 4, 4, 4, 4, 5, 5, 5, 5, 6, 6, 6, 6, 7, 7, 7, 7, 8, 
          8, 8, 8, 9, 9, 9, 9, 10, 10, 10, 10, 11, 11, 11, 11, 12, 12, 12, 12, 13, 13, 13, 13, 14, 14, 14, 
          14, 15, 15, 15, 15, 16, 16, 16, 16, 17, 17, 17, 17, 18, 18, 18, 18 ],
      MapVertDE := [ [ 1 .. 4 ], [ 5 .. 8 ], [ 9 .. 12 ], [ 13 .. 16 ], [ 17 .. 20 ], [ 21 .. 24 ], 
          [ 25 .. 28 ], [ 29 .. 32 ], [ 33 .. 36 ], [ 37 .. 40 ], [ 41 .. 44 ], [ 45 .. 48 ], [ 49 .. 52 ], 
          [ 53 .. 56 ], [ 57 .. 60 ], [ 61 .. 64 ], [ 65 .. 68 ], [ 69 .. 72 ] ],
      invers := ( 1,66)( 2,65)( 3, 9)( 4,14)( 5,68)( 6,67)( 7,13)( 8,10)(11,17)(12,22)(15,21)(16,18)(19,25)
        (20,30)(23,29)(24,26)(27,33)(28,38)(31,37)(32,34)(35,41)(36,46)(39,45)(40,42)(43,49)(44,54)(47,53)
        (48,50)(51,57)(52,62)(55,61)(56,58)(59,72)(60,71)(63,70)(64,69),
      nbP := 72,
      next := ( 1, 2, 3, 4)( 5, 6, 7, 8)( 9,10,11,12)(13,14,15,16)(17,18,19,20)(21,22,23,24)(25,26,27,28)
        (29,30,31,32)(33,34,35,36)(37,38,39,40)(41,42,43,44)(45,46,47,48)(49,50,51,52)(53,54,55,56)
        (57,58,59,60)(61,62,63,64)(65,66,67,68)(69,70,71,72) ), rec(
      invers := ( 1,37)( 2,40)( 3, 5)( 4,38)( 6,44)( 7, 9)( 8,42)(10,48)(11,13)(12,46)(14,52)(15,17)(16,50)
        (18,56)(19,21)(20,54)(22,60)(23,25)(24,58)(26,64)(27,29)(28,62)(30,68)(31,33)(32,66)(34,72)(35,71)
        (36,70)(39,41)(43,45)(47,49)(51,53)(55,57)(59,61)(63,65)(67,69),
      nbP := 72,
      next := ( 1, 2, 3, 4)( 5, 6, 7, 8)( 9,10,11,12)(13,14,15,16)(17,18,19,20)(21,22,23,24)(25,26,27,28)
        (29,30,31,32)(33,34,35,36)(37,38,39,40)(41,42,43,44)(45,46,47,48)(49,50,51,52)(53,54,55,56)
        (57,58,59,60)(61,62,63,64)(65,66,67,68)(69,70,71,72) ) ];
