return [ rec(
      invers := ( 1,13)( 2,18)( 3,19)( 4,20)( 5,21)( 6,22)( 7,12)( 8, 9)(10,15)(11,16)(14,17)(23,33)(24,34)
        (25,26)(27,30)(28,31)(29,32)(35,45)(36,50)(37,51)(38,52)(39,44)(40,41)(42,47)(43,48)(46,49)(53,54)
        (55,58)(56,59)(57,60),
      nbP := 60,
      next := ( 1,12,29)( 2,14,13)( 3,18,31)( 4,19,34)( 5,20,37)( 6,21,23)( 7,16,22)( 8, 9,10)(11,15,17)
        (24,33,50)(25,26,27)(28,30,32)(35,44,59)(36,46,45)(38,51,57)(39,48,52)(40,41,42)(43,47,49)(53,54,55)
        (56,58,60) ), rec(
      invers := ( 1,19)( 2,20)( 3,21)( 4,22)( 5,23)( 6,24)( 7,15)( 8,16)( 9,13)(10,11)(12,17)(14,18)(25,36)
        (26,37)(27,38)(28,33)(29,30)(31,34)(32,35)(39,52)(40,53)(41,54)(42,49)(43,47)(44,45)(46,50)(48,51)
        (55,56)(57,59)(58,60),
      nbP := 60,
      next := ( 1,14,13)( 2,19,32)( 3,20,34)( 4,21,33)( 5,22,54)( 6,23,60)( 7,18,24)( 8,15,25)( 9,17,16)
        (10,11,12)(26,36,42)(27,37,51)(28,35,38)(29,30,31)(39,48,47)(40,52,58)(41,53,59)(43,50,49)(44,45,46)
        (55,56,57) ) ];
