return [ rec(
      invers := (  1, 21)(  2, 22)(  3, 23)(  4, 24)(  5, 28)(  6, 29)(  7, 30)(  8, 31)(  9, 32)( 10, 16)
        ( 11, 12)( 13, 18)( 14, 19)( 15, 26)( 17, 20)( 25, 27)( 33, 51)( 34, 52)( 35, 56)( 36, 57)( 37, 58)
        ( 38, 59)( 39, 60)( 40, 46)( 41, 42)( 43, 48)( 44, 49)( 45, 54)( 47, 50)( 53, 55)( 61, 74)( 62, 75)
        ( 63, 76)( 64, 80)( 65, 66)( 67, 71)( 68, 72)( 69, 78)( 70, 73)( 77, 79)( 81, 93)( 82, 97)( 83, 98)
        ( 84, 85)( 86, 90)( 87, 91)( 88, 95)( 89, 92)( 94, 96)( 99,114)(100,118)(101,119)(102,120)(103,109)
        (104,105)(106,111)(107,112)(108,116)(110,113)(115,117)(121,122)(123,127)(124,128)(125,131)(126,129)
        (130,132),
      nbP := 132,
      next := (  1, 17, 16)(  2, 21, 98)(  3, 22,115)(  4, 23, 34)(  5, 25, 24)(  6, 28, 51)(  7, 29, 80)
        (  8, 30, 89)(  9, 31, 95)( 10, 26, 32)( 11, 12, 13)( 14, 18, 20)( 15, 19, 27)( 33, 47, 46)
        ( 35, 53, 52)( 36, 56,114)( 37, 57, 61)( 38, 58, 70)( 39, 59, 78)( 40, 54, 60)( 41, 42, 43)
        ( 44, 48, 50)( 45, 49, 55)( 62, 74,130)( 63, 75, 81)( 64, 77, 76)( 65, 66, 67)( 68, 71, 73)
        ( 69, 72, 79)( 82, 94, 93)( 83, 97,100)( 84, 85, 86)( 87, 90, 92)( 88, 91, 96)( 99,110,109)
        (101,118,126)(102,119,131)(103,116,120)(104,105,106)(107,111,113)(108,112,117)(121,122,123)
        (124,127,129)(125,128,132) ), rec(
      invers := (  1, 18)(  2, 23)(  3, 29)(  4, 30)(  5, 31)(  6, 32)(  7, 33)(  8, 34)(  9, 25)( 10, 26)
        ( 11, 27)( 12, 17)( 13, 14)( 15, 20)( 16, 21)( 19, 22)( 24, 28)( 35, 48)( 36, 53)( 37, 57)( 38, 58)
        ( 39, 59)( 40, 60)( 41, 61)( 42, 62)( 43, 55)( 44, 45)( 46, 50)( 47, 51)( 49, 52)( 54, 56)( 63, 74)
        ( 64, 79)( 65, 84)( 66, 81)( 67, 82)( 68, 73)( 69, 70)( 71, 76)( 72, 77)( 75, 78)( 80, 83)( 85,102)
        ( 86,103)( 87,104)( 88,105)( 89,106)( 90,100)( 91, 92)( 93, 96)( 94, 97)( 95, 98)( 99,101)(107,120)
        (108,121)(109,114)(110,111)(112,116)(113,117)(115,118)(119,122)(123,124)(125,128)(126,129)(127,130)
        (131,132),
      nbP := 132,
      next := (  1, 17, 55)(  2, 19, 18)(  3, 24, 23)(  4, 29, 85)(  5, 30, 99)(  6, 31, 95)(  7, 32, 66)
        (  8, 33, 83)(  9, 28, 34)( 10, 25, 35)( 11, 26, 51)( 12, 21, 27)( 13, 14, 15)( 16, 20, 22)
        ( 36, 49, 48)( 37, 54, 53)( 38, 57, 84)( 39, 58,131)( 40, 59,127)( 41, 60,107)( 42, 61,122)
        ( 43, 56, 62)( 44, 45, 46)( 47, 50, 52)( 63, 73,100)( 64, 75, 74)( 65, 80, 79)( 67, 81, 97)
        ( 68, 77, 82)( 69, 70, 71)( 72, 76, 78)( 86,102,119)( 87,103,115)( 88,104,114)( 89,105,132)
        ( 90,101,106)( 91, 92, 93)( 94, 96, 98)(108,120,129)(109,117,121)(110,111,112)(113,116,118)
        (123,124,125)(126,128,130) ), rec(
      invers := (  1, 18)(  2, 23)(  3, 24)(  4, 29)(  5, 30)(  6, 31)(  7, 32)(  8, 33)(  9, 34)( 10, 26)
        ( 11, 27)( 12, 17)( 13, 14)( 15, 20)( 16, 21)( 19, 22)( 25, 28)( 35, 48)( 36, 49)( 37, 50)( 38, 39)
        ( 40, 43)( 41, 44)( 42, 45)( 46, 47)( 51, 66)( 52, 71)( 53, 72)( 54, 77)( 55, 78)( 56, 79)( 57, 80)
        ( 58, 74)( 59, 75)( 60, 65)( 61, 62)( 63, 68)( 64, 69)( 67, 70)( 73, 76)( 81, 93)( 82, 94)( 83, 84)
        ( 85, 88)( 86, 89)( 87, 90)( 91, 92)( 95,109)( 96,114)( 97,115)( 98,120)( 99,121)(100,122)(101,117)
        (102,118)(103,108)(104,105)(106,111)(107,112)(110,113)(116,119)(123,124)(125,128)(126,129)(127,130)
        (131,132),
      nbP := 132,
      next := (  1, 17, 42)(  2, 19, 18)(  3, 23, 44)(  4, 25, 24)(  5, 29, 47)(  6, 30, 50)(  7, 31, 78)
        (  8, 32, 87)(  9, 33, 35)( 10, 28, 34)( 11, 26, 46)( 12, 21, 27)( 13, 14, 15)( 16, 20, 22)
        ( 36, 48, 89)( 37, 49, 56)( 38, 39, 40)( 41, 43, 45)( 51, 65, 99)( 52, 67, 66)( 53, 71, 81)
        ( 54, 73, 72)( 55, 77, 91)( 57, 79, 92)( 58, 76, 80)( 59, 74, 94)( 60, 69, 75)( 61, 62, 63)
        ( 64, 68, 70)( 82, 93,120)( 83, 84, 85)( 86, 88, 90)( 95,108,129)( 96,110,109)( 97,114,132)
        ( 98,116,115)(100,121,131)(101,119,122)(102,117,127)(103,112,118)(104,105,106)(107,111,113)
        (123,124,125)(126,128,130) ), rec(
      invers := (  1, 22)(  2, 23)(  3, 24)(  4, 25)(  5, 26)(  6, 30)(  7, 31)(  8, 32)(  9, 33)( 10, 34)
        ( 11, 19)( 12, 16)( 13, 14)( 15, 20)( 17, 21)( 18, 28)( 27, 29)( 35, 47)( 36, 51)( 37, 52)( 38, 53)
        ( 39, 54)( 40, 41)( 42, 45)( 43, 46)( 44, 49)( 48, 50)( 55, 76)( 56, 77)( 57, 78)( 58, 79)( 59, 80)
        ( 60, 84)( 61, 85)( 62, 86)( 63, 87)( 64, 88)( 65, 73)( 66, 70)( 67, 68)( 69, 74)( 71, 75)( 72, 82)
        ( 81, 83)( 89,101)( 90,102)( 91,103)( 92,104)( 93,108)( 94, 95)( 96, 99)( 97,100)( 98,106)(105,107)
        (109,118)(110,122)(111,112)(113,116)(114,117)(115,120)(119,121)(123,124)(125,128)(126,129)(127,131)
        (130,132),
      nbP := 132,
      next := (  1, 17, 16)(  2, 22, 43)(  3, 23, 45)(  4, 24, 49)(  5, 25, 54)(  6, 27, 26)(  7, 30,110)
        (  8, 31,119)(  9, 32,118)( 10, 33, 35)( 11, 28, 34)( 12, 20, 19)( 13, 14, 15)( 18, 21, 29)
        ( 36, 48, 47)( 37, 51,126)( 38, 52,128)( 39, 53,131)( 40, 41, 42)( 44, 46, 50)( 55, 71, 70)
        ( 56, 76,108)( 57, 77,122)( 58, 78,130)( 59, 79,109)( 60, 81, 80)( 61, 84, 89)( 62, 85, 97)
        ( 63, 86, 99)( 64, 87,106)( 65, 82, 88)( 66, 74, 73)( 67, 68, 69)( 72, 75, 83)( 90,101,114)
        ( 91,102,116)( 92,103,120)( 93,105,104)( 94, 95, 96)( 98,100,107)(111,112,113)(115,117,121)
        (123,124,125)(127,129,132) ), rec(
      invers := (  1, 24)(  2, 31)(  3, 32)(  4, 33)(  5, 34)(  6, 35)(  7, 36)(  8, 26)(  9, 27)( 10, 28)
        ( 11, 29)( 12, 20)( 13, 21)( 14, 18)( 15, 16)( 17, 22)( 19, 23)( 25, 30)( 37, 58)( 38, 63)( 39, 64)
        ( 40, 65)( 41, 66)( 42, 67)( 43, 68)( 44, 60)( 45, 61)( 46, 54)( 47, 55)( 48, 52)( 49, 50)( 51, 56)
        ( 53, 57)( 59, 62)( 69, 87)( 70, 91)( 71, 92)( 72, 93)( 73, 94)( 74, 95)( 75, 96)( 76, 89)( 77, 84)
        ( 78, 82)( 79, 80)( 81, 85)( 83, 86)( 88, 90)( 97,109)( 98,110)( 99,111)(100,105)(101,102)(103,106)
        (104,107)(108,112)(113,122)(114,123)(115,116)(117,119)(118,120)(121,124)(125,126)(127,129)(128,130)
        (131,132),
      nbP := 132,
      next := (  1, 19, 18)(  2, 25, 24)(  3, 31,121)(  4, 32,118)(  5, 33,119)(  6, 34, 97)(  7, 35,112)
        (  8, 30, 36)(  9, 26, 77)( 10, 27, 86)( 11, 28, 45)( 12, 23, 29)( 13, 20, 60)( 14, 22, 21)
        ( 15, 16, 17)( 37, 53, 52)( 38, 59, 58)( 39, 63,131)( 40, 64,128)( 41, 65,129)( 42, 66,113)
        ( 43, 67,124)( 44, 62, 68)( 46, 57, 61)( 47, 54, 89)( 48, 56, 55)( 49, 50, 51)( 69, 83, 82)
        ( 70, 88, 87)( 71, 91,108)( 72, 92,104)( 73, 93,106)( 74, 94,105)( 75, 95,132)( 76, 90, 96)
        ( 78, 85, 84)( 79, 80, 81)( 98,109,120)( 99,110,123)(100,107,111)(101,102,103)(114,122,130)
        (115,116,117)(125,126,127) ), rec(
      invers := (  1, 24)(  2, 25)(  3, 26)(  4, 31)(  5, 32)(  6, 33)(  7, 34)(  8, 35)(  9, 36)( 10, 28)
        ( 11, 29)( 12, 20)( 13, 21)( 14, 18)( 15, 16)( 17, 22)( 19, 23)( 27, 30)( 37, 59)( 38, 60)( 39, 61)
        ( 40, 66)( 41, 67)( 42, 68)( 43, 69)( 44, 70)( 45, 63)( 46, 64)( 47, 55)( 48, 56)( 49, 53)( 50, 51)
        ( 52, 57)( 54, 58)( 62, 65)( 71, 81)( 72, 84)( 73, 85)( 74, 86)( 75, 76)( 77, 79)( 78, 80)( 82, 83)
        ( 87, 97)( 88, 98)( 89, 90)( 91, 93)( 92, 94)( 95, 96)( 99,117)(100,122)(101,123)(102,124)(103,119)
        (104,120)(105,113)(106,114)(107,111)(108,109)(110,115)(112,116)(118,121)(125,126)(127,129)(128,130)
        (131,132),
      nbP := 132,
      next := (  1, 19, 18)(  2, 24, 86)(  3, 25, 94)(  4, 27, 26)(  5, 31, 96)(  6, 32, 43)(  7, 33, 68)
        (  8, 34, 78)(  9, 35, 79)( 10, 30, 36)( 11, 28, 80)( 12, 23, 29)( 13, 20, 83)( 14, 22, 21)
        ( 15, 16, 17)( 37, 54, 53)( 38, 59,118)( 39, 60, 87)( 40, 62, 61)( 41, 66, 95)( 42, 67, 71)
        ( 44, 69, 98)( 45, 65, 70)( 46, 63,131)( 47, 58, 64)( 48, 55,100)( 49, 57, 56)( 50, 51, 52)
        ( 72, 82, 81)( 73, 84, 92)( 74, 85, 93)( 75, 76, 77)( 88, 97,117)( 89, 90, 91)( 99,112,111)
        (101,122,128)(102,123,129)(103,121,124)(104,119,130)(105,116,120)(106,113,132)(107,115,114)
        (108,109,110)(125,126,127) ), rec(
      invers := (  1, 24)(  2, 25)(  3, 26)(  4, 27)(  5, 31)(  6, 32)(  7, 33)(  8, 34)(  9, 35)( 10, 36)
        ( 11, 29)( 12, 20)( 13, 21)( 14, 18)( 15, 16)( 17, 22)( 19, 23)( 28, 30)( 37, 54)( 38, 58)( 39, 59)
        ( 40, 60)( 41, 56)( 42, 50)( 43, 51)( 44, 48)( 45, 46)( 47, 52)( 49, 53)( 55, 57)( 61, 83)( 62, 84)
        ( 63, 85)( 64, 86)( 65, 90)( 66, 91)( 67, 92)( 68, 93)( 69, 94)( 70, 88)( 71, 79)( 72, 80)( 73, 77)
        ( 74, 75)( 76, 81)( 78, 82)( 87, 89)( 95,104)( 96, 97)( 98,100)( 99,101)(102,103)(105,117)(106,118)
        (107,119)(108,122)(109,123)(110,124)(111,112)(113,115)(114,116)(120,121)(125,126)(127,129)(128,130)
        (131,132),
      nbP := 132,
      next := (  1, 19, 18)(  2, 24, 54)(  3, 25, 99)(  4, 26,100)(  5, 28, 27)(  6, 31,101)(  7, 32,103)
        (  8, 33,104)(  9, 34,124)( 10, 35, 38)( 11, 30, 36)( 12, 23, 29)( 13, 20, 55)( 14, 22, 21)
        ( 15, 16, 17)( 37, 49, 48)( 39, 58, 69)( 40, 59, 93)( 41, 57, 60)( 42, 53, 56)( 43, 50,102)
        ( 44, 52, 51)( 45, 46, 47)( 61, 78, 77)( 62, 83,105)( 63, 84,114)( 64, 85,115)( 65, 87, 86)
        ( 66, 90,116)( 67, 91,121)( 68, 92, 95)( 70, 89, 94)( 71, 82, 88)( 72, 79,131)( 73, 81, 80)
        ( 74, 75, 76)( 96, 97, 98)(106,117,128)(107,118,129)(108,120,119)(109,122,130)(110,123,132)
        (111,112,113)(125,126,127) ) ];
