return [ rec(
      invers := ( 1, 9)( 2,10)( 3,11)( 4, 8)( 5, 6)( 7,12)(13,19)(14,18)(15,16)(17,20)(21,27)(22,26)(23,24)
        (25,28)(29,35)(30,34)(31,32)(33,36)(37,43)(38,42)(39,40)(41,44)(45,46)(47,48),
      nbP := 48,
      next := ( 1, 8,18,26,34,42)( 2, 9,48,47,45,46)( 3,10,37,29,21,13)( 4,12, 7, 5, 6,11)(14,20,17,15,16,19)
        (22,28,25,23,24,27)(30,36,33,31,32,35)(38,44,41,39,40,43) ), rec(
      invers := ( 1, 9)( 2,10)( 3,11)( 4, 8)( 5, 6)( 7,12)(13,17)(14,15)(16,18)(19,26)(20,27)(21,25)(22,23)
        (24,28)(29,33)(30,31)(32,34)(35,42)(36,43)(37,41)(38,39)(40,44)(45,46)(47,48),
      nbP := 48,
      next := ( 1, 8,17,25,33,41)( 2, 9,35,29,19,13)( 3,10,18,16,14,15)( 4,12, 7, 5, 6,11)(20,26,34,32,30,31)
        (21,28,24,22,23,27)(36,42,48,47,45,46)(37,44,40,38,39,43) ), rec(
      invers := ( 1, 9)( 2,10)( 3,11)( 4, 8)( 5, 6)( 7,12)(13,17)(14,15)(16,18)(19,26)(20,27)(21,25)(22,23)
        (24,28)(29,33)(30,31)(32,34)(35,42)(36,43)(37,41)(38,39)(40,44)(45,46)(47,48),
      nbP := 48,
      next := ( 1, 8,17,25,33,42)( 2, 9,36,29,19,13)( 3,10,18,16,14,15)( 4,12, 7, 5, 6,11)(20,26,34,32,30,31)
        (21,28,24,22,23,27)(35,41,48,47,45,46)(37,44,40,38,39,43) ), rec(
      invers := ( 1, 9)( 2,10)( 3,11)( 4, 7)( 5, 6)( 8,12)(13,20)(14,21)(15,18)(16,17)(19,22)(23,30)(24,31)
        (25,28)(26,27)(29,32)(33,37)(34,35)(36,38)(39,43)(40,41)(42,44)(45,46)(47,48),
      nbP := 48,
      next := ( 1,12, 8, 7,20,37)( 2, 9,48,47,39,24)( 3,10,30,43,45,46)( 4, 5, 6,11,33,14)(13,22,19,18,34,35)
        (15,16,17,21,38,36)(23,32,29,28,40,41)(25,26,27,31,44,42) ), rec(
      invers := ( 1, 9)( 2,10)( 3,11)( 4, 7)( 5, 6)( 8,12)(13,18)(14,19)(15,16)(17,20)(21,28)(22,29)(23,26)
        (24,25)(27,30)(31,38)(32,39)(33,36)(34,35)(37,40)(41,42)(43,44)(45,46)(47,48),
      nbP := 48,
      next := ( 1,12, 8, 7,19,28)( 2, 9,22,14,18,38)( 3,10,32,13,20,17)( 4, 5, 6,11,15,16)(21,30,27,26,41,42)
        (23,24,25,29,44,43)(31,40,37,36,45,46)(33,34,35,39,48,47) ), rec(
      invers := ( 1, 9)( 2,10)( 3,11)( 4, 7)( 5, 6)( 8,12)(13,20)(14,21)(15,18)(16,17)(19,22)(23,30)(24,31)
        (25,28)(26,27)(29,32)(33,37)(34,35)(36,38)(39,43)(40,41)(42,44)(45,46)(47,48),
      nbP := 48,
      next := ( 1,12, 8, 7,39,24)( 2, 9,30,43,48,47)( 3,10,45,46,33,14)( 4, 5, 6,11,20,37)(13,22,19,18,34,35)
        (15,16,17,21,38,36)(23,32,29,28,40,41)(25,26,27,31,44,42) ), rec(
      invers := ( 1, 9)( 2,10)( 3,11)( 4, 7)( 5, 6)( 8,12)(13,20)(14,21)(15,18)(16,17)(19,22)(23,27)(24,25)
        (26,28)(29,36)(30,37)(31,34)(32,33)(35,38)(39,43)(40,41)(42,44)(45,46)(47,48),
      nbP := 48,
      next := ( 1,12, 8, 7,24,25)( 2, 9,27,36,39,14)( 3,10,20,43,30,23)( 4, 5, 6,11,28,26)(13,22,19,18,40,41)
        (15,16,17,21,44,42)(29,38,35,34,45,46)(31,32,33,37,48,47) ), rec(
      invers := ( 1, 8)( 2,10)( 3,11)( 4, 7)( 5, 6)( 9,12)(13,19)(14,17)(15,16)(18,20)(21,27)(22,25)(23,24)
        (26,28)(29,35)(30,33)(31,32)(34,36)(37,43)(38,41)(39,40)(42,44)(45,46)(47,48),
      nbP := 48,
      next := ( 1, 7,17,25,33,41)( 2,12, 9, 8,45,46)( 3,10,37,29,21,13)( 4, 5, 6,11,20,18)(14,15,16,19,28,26)
        (22,23,24,27,36,34)(30,31,32,35,44,42)(38,39,40,43,48,47) ), rec(
      invers := ( 1, 8)( 2,10)( 3,11)( 4, 7)( 5, 6)( 9,12)(13,19)(14,17)(15,16)(18,20)(21,27)(22,25)(23,24)
        (26,28)(29,35)(30,33)(31,32)(34,36)(37,43)(38,41)(39,40)(42,44)(45,46)(47,48),
      nbP := 48,
      next := ( 1, 7,17,25,45,46)( 2,12, 9, 8,37,29)( 3,10,36,34,21,13)( 4, 5, 6,11,20,18)(14,15,16,19,28,26)
        (22,23,24,27,33,41)(30,31,32,35,44,42)(38,39,40,43,48,47) ) ];
