return [ rec(
      invers := ( 1,16)( 2,28)( 3,18)( 4,19)( 5,20)( 6,21)( 7,22)( 8,23)( 9,24)(10,25)(11,26)(12,14)(13,15)
        (17,27)(29,43)(30,54)(31,45)(32,46)(33,47)(34,48)(35,49)(36,50)(37,51)(38,52)(39,41)(40,42)(44,53)
        (55,64)(56,65)(57,66)(58,67)(59,68)(60,69)(61,62)(63,70)(71,80)(72,81)(73,82)(74,83)(75,84)(76,85)
        (77,78)(79,86)(87,91)(88,89)(90,92)(93,94)(95,96),
      nbP := 96,
      next := ( 1,13,14)( 2,17,16)( 3,27,28)( 4,18,92)( 5,19,90)( 6,20,88)( 7,21,89)( 8,22,71)( 9,23,55)
        (10,24,33)(11,25,46)(12,15,26)(29,40,41)(30,44,43)(31,53,54)(32,45,87)(34,47,70)(35,48,63)(36,49,61)
        (37,50,62)(38,51,69)(39,42,52)(56,64,86)(57,65,79)(58,66,77)(59,67,78)(60,68,85)(72,80,91)(73,81,96)
        (74,82,95)(75,83,93)(76,84,94) ), rec(
      invers := ( 1,16)( 2,28)( 3,18)( 4,19)( 5,20)( 6,21)( 7,22)( 8,23)( 9,24)(10,25)(11,26)(12,14)(13,15)
        (17,27)(29,43)(30,54)(31,45)(32,46)(33,47)(34,48)(35,49)(36,50)(37,51)(38,52)(39,41)(40,42)(44,53)
        (55,64)(56,65)(57,66)(58,67)(59,68)(60,69)(61,62)(63,70)(71,80)(72,81)(73,82)(74,83)(75,84)(76,85)
        (77,78)(79,86)(87,91)(88,89)(90,92)(93,94)(95,96),
      nbP := 96,
      next := ( 1,13,14)( 2,17,16)( 3,27,28)( 4,18,71)( 5,19,86)( 6,20,79)( 7,21,77)( 8,22,78)( 9,23,55)
        (10,24,33)(11,25,46)(12,15,26)(29,40,41)(30,44,43)(31,53,54)(32,45,87)(34,47,70)(35,48,63)(36,49,61)
        (37,50,62)(38,51,69)(39,42,52)(56,64,85)(57,65,96)(58,66,95)(59,67,93)(60,68,94)(72,80,92)(73,81,90)
        (74,82,88)(75,83,89)(76,84,91) ), rec(
      invers := ( 1,16)( 2,28)( 3,18)( 4,19)( 5,20)( 6,21)( 7,22)( 8,23)( 9,24)(10,25)(11,26)(12,14)(13,15)
        (17,27)(29,43)(30,54)(31,45)(32,46)(33,47)(34,48)(35,49)(36,50)(37,51)(38,52)(39,41)(40,42)(44,53)
        (55,68)(56,78)(57,70)(58,71)(59,72)(60,73)(61,74)(62,75)(63,76)(64,66)(65,67)(69,77)(79,84)(80,85)
        (81,82)(83,86)(87,91)(88,89)(90,92)(93,94)(95,96),
      nbP := 96,
      next := ( 1,13,14)( 2,17,16)( 3,27,28)( 4,18,86)( 5,19,83)( 6,20,81)( 7,21,82)( 8,22,85)( 9,23,59)
        (10,24,33)(11,25,46)(12,15,26)(29,40,41)(30,44,43)(31,53,54)(32,45,79)(34,47,71)(35,48,92)(36,49,90)
        (37,50,88)(38,51,89)(39,42,52)(55,65,66)(56,69,68)(57,77,78)(58,70,87)(60,72,96)(61,73,95)(62,74,93)
        (63,75,94)(64,67,76)(80,84,91) ), rec(
      invers := ( 1,16)( 2,28)( 3,18)( 4,19)( 5,20)( 6,21)( 7,22)( 8,23)( 9,24)(10,25)(11,26)(12,14)(13,15)
        (17,27)(29,43)(30,54)(31,45)(32,46)(33,47)(34,48)(35,49)(36,50)(37,51)(38,52)(39,41)(40,42)(44,53)
        (55,68)(56,78)(57,70)(58,71)(59,72)(60,73)(61,74)(62,75)(63,76)(64,66)(65,67)(69,77)(79,84)(80,85)
        (81,82)(83,86)(87,91)(88,89)(90,92)(93,94)(95,96),
      nbP := 96,
      next := ( 1,13,14)( 2,17,16)( 3,27,28)( 4,18,85)( 5,19,96)( 6,20,95)( 7,21,93)( 8,22,94)( 9,23,63)
        (10,24,37)(11,25,50)(12,15,26)(29,40,41)(30,44,43)(31,53,54)(32,45,79)(33,46,86)(34,47,83)(35,48,81)
        (36,49,82)(38,51,75)(39,42,52)(55,65,66)(56,69,68)(57,77,78)(58,70,87)(59,71,92)(60,72,90)(61,73,88)
        (62,74,89)(64,67,76)(80,84,91) ), rec(
      invers := ( 1,16)( 2,28)( 3,18)( 4,19)( 5,20)( 6,21)( 7,22)( 8,23)( 9,24)(10,25)(11,26)(12,14)(13,15)
        (17,27)(29,43)(30,54)(31,45)(32,46)(33,47)(34,48)(35,49)(36,50)(37,51)(38,52)(39,41)(40,42)(44,53)
        (55,64)(56,65)(57,66)(58,67)(59,68)(60,69)(61,62)(63,70)(71,80)(72,81)(73,82)(74,83)(75,84)(76,85)
        (77,78)(79,86)(87,91)(88,89)(90,92)(93,94)(95,96),
      nbP := 96,
      next := ( 1,13,14)( 2,17,16)( 3,27,28)( 4,18,71)( 5,19,55)( 6,20,70)( 7,21,63)( 8,22,61)( 9,23,62)
        (10,24,37)(11,25,50)(12,15,26)(29,40,41)(30,44,43)(31,53,54)(32,45,87)(33,46,92)(34,47,90)(35,48,88)
        (36,49,89)(38,51,69)(39,42,52)(56,64,86)(57,65,79)(58,66,77)(59,67,78)(60,68,85)(72,80,91)(73,81,96)
        (74,82,95)(75,83,93)(76,84,94) ), rec(
      invers := ( 1,16)( 2,17)( 3,28)( 4,19)( 5,20)( 6,21)( 7,22)( 8,23)( 9,24)(10,25)(11,26)(12,14)(13,15)
        (18,27)(29,41)(30,43)(31,44)(32,45)(33,46)(34,47)(35,48)(36,49)(37,39)(38,40)(42,50)(51,62)(52,72)
        (53,64)(54,65)(55,66)(56,67)(57,68)(58,69)(59,70)(60,61)(63,71)(73,79)(74,80)(75,81)(76,77)(78,82)
        (83,88)(84,92)(85,90)(86,87)(89,91)(93,94)(95,96),
      nbP := 96,
      next := ( 1,13,14)( 2,16,90)( 3,18,17)( 4,27,28)( 5,19,73)( 6,20,82)( 7,21,78)( 8,22,30)( 9,23,50)
        (10,24,42)(11,25,41)(12,15,26)(29,38,39)(31,43,76)(32,44,77)(33,45,51)(34,46,60)(35,47,61)(36,48,70)
        (37,40,49)(52,63,62)(53,71,72)(54,64,81)(55,65,93)(56,66,94)(57,67,83)(58,68,86)(59,69,87)(74,79,96)
        (75,80,95)(84,89,88)(85,91,92) ), rec(
      invers := ( 1,16)( 2,17)( 3,28)( 4,19)( 5,20)( 6,21)( 7,22)( 8,23)( 9,24)(10,25)(11,26)(12,14)(13,15)
        (18,27)(29,41)(30,43)(31,44)(32,45)(33,46)(34,47)(35,48)(36,49)(37,39)(38,40)(42,50)(51,65)(52,66)
        (53,76)(54,68)(55,69)(56,70)(57,71)(58,72)(59,73)(60,74)(61,63)(62,64)(67,75)(77,81)(78,79)(80,82)
        (83,89)(84,90)(85,91)(86,87)(88,92)(93,94)(95,96),
      nbP := 96,
      next := ( 1,13,14)( 2,16,81)( 3,18,17)( 4,27,28)( 5,19,96)( 6,20,95)( 7,21,83)( 8,22,30)( 9,23,50)
        (10,24,42)(11,25,41)(12,15,26)(29,38,39)(31,43,92)(32,44,88)(33,45,58)(34,46,71)(35,47,78)(36,48,79)
        (37,40,49)(51,62,63)(52,65,91)(53,67,66)(54,75,76)(55,68,77)(56,69,82)(57,70,80)(59,72,86)(60,73,87)
        (61,64,74)(84,89,93)(85,90,94) ), rec(
      invers := ( 1,16)( 2,17)( 3,28)( 4,19)( 5,20)( 6,21)( 7,22)( 8,23)( 9,24)(10,25)(11,26)(12,14)(13,15)
        (18,27)(29,41)(30,43)(31,44)(32,45)(33,46)(34,47)(35,48)(36,49)(37,39)(38,40)(42,50)(51,62)(52,72)
        (53,64)(54,65)(55,66)(56,67)(57,68)(58,69)(59,70)(60,61)(63,71)(73,81)(74,83)(75,84)(76,85)(77,79)
        (78,80)(82,86)(87,91)(88,89)(90,92)(93,94)(95,96),
      nbP := 96,
      next := ( 1,13,14)( 2,16,91)( 3,18,17)( 4,27,28)( 5,19,96)( 6,20,95)( 7,21,74)( 8,22,30)( 9,23,50)
        (10,24,42)(11,25,41)(12,15,26)(29,38,39)(31,43,51)(32,44,60)(33,45,61)(34,46,70)(35,47,88)(36,48,89)
        (37,40,49)(52,63,62)(53,71,72)(54,64,86)(55,65,82)(56,66,81)(57,67,87)(58,68,92)(59,69,90)(73,78,79)
        (75,83,93)(76,84,94)(77,80,85) ), rec(
      invers := ( 1,16)( 2,17)( 3,28)( 4,19)( 5,20)( 6,21)( 7,22)( 8,23)( 9,24)(10,25)(11,26)(12,14)(13,15)
        (18,27)(29,41)(30,43)(31,44)(32,45)(33,46)(34,47)(35,48)(36,49)(37,39)(38,40)(42,50)(51,62)(52,72)
        (53,64)(54,65)(55,66)(56,67)(57,68)(58,69)(59,70)(60,61)(63,71)(73,80)(74,86)(75,82)(76,83)(77,84)
        (78,79)(81,85)(87,91)(88,89)(90,92)(93,94)(95,96),
      nbP := 96,
      next := ( 1,13,14)( 2,16,91)( 3,18,17)( 4,27,28)( 5,19,73)( 6,20,78)( 7,21,79)( 8,22,30)( 9,23,50)
        (10,24,42)(11,25,41)(12,15,26)(29,38,39)(31,43,51)(32,44,60)(33,45,61)(34,46,70)(35,47,88)(36,48,89)
        (37,40,49)(52,63,62)(53,71,72)(54,64,84)(55,65,93)(56,66,94)(57,67,87)(58,68,92)(59,69,90)(74,81,80)
        (75,85,86)(76,82,96)(77,83,95) ), rec(
      invers := ( 1,16)( 2,17)( 3,28)( 4,19)( 5,20)( 6,21)( 7,22)( 8,23)( 9,24)(10,25)(11,26)(12,14)(13,15)
        (18,27)(29,40)(30,50)(31,42)(32,43)(33,44)(34,45)(35,46)(36,47)(37,48)(38,39)(41,49)(51,65)(52,66)
        (53,76)(54,68)(55,69)(56,70)(57,71)(58,72)(59,73)(60,74)(61,63)(62,64)(67,75)(77,83)(78,84)(79,85)
        (80,81)(82,86)(87,91)(88,89)(90,92)(93,94)(95,96),
      nbP := 96,
      next := ( 1,13,14)( 2,16,91)( 3,18,17)( 4,27,28)( 5,19,96)( 6,20,95)( 7,21,77)( 8,22,29)( 9,23,38)
        (10,24,39)(11,25,48)(12,15,26)(30,41,40)(31,49,50)(32,42,86)(33,43,82)(34,44,57)(35,45,70)(36,46,88)
        (37,47,89)(51,62,63)(52,65,87)(53,67,66)(54,75,76)(55,68,92)(56,69,90)(58,71,80)(59,72,81)(60,73,85)
        (61,64,74)(78,83,93)(79,84,94) ), rec(
      invers := ( 1,16)( 2,17)( 3,18)( 4,28)( 5,20)( 6,21)( 7,22)( 8,23)( 9,24)(10,25)(11,26)(12,14)(13,15)
        (19,27)(29,41)(30,42)(31,44)(32,45)(33,46)(34,47)(35,48)(36,49)(37,39)(38,40)(43,50)(51,65)(52,66)
        (53,67)(54,76)(55,69)(56,70)(57,71)(58,72)(59,73)(60,74)(61,63)(62,64)(68,75)(77,81)(78,79)(80,82)
        (83,89)(84,90)(85,91)(86,87)(88,92)(93,94)(95,96),
      nbP := 96,
      next := ( 1,13,14)( 2,16,82)( 3,17,80)( 4,19,18)( 5,27,28)( 6,20,78)( 7,21,79)( 8,22,31)( 9,23,50)
        (10,24,43)(11,25,42)(12,15,26)(29,38,39)(30,41,77)(32,44,81)(33,45,96)(34,46,95)(35,47,57)(36,48,70)
        (37,40,49)(51,62,63)(52,65,86)(53,66,87)(54,68,67)(55,75,76)(56,69,91)(58,71,83)(59,72,92)(60,73,88)
        (61,64,74)(84,89,93)(85,90,94) ), rec(
      invers := ( 1,16)( 2,17)( 3,18)( 4,28)( 5,20)( 6,21)( 7,22)( 8,23)( 9,24)(10,25)(11,26)(12,14)(13,15)
        (19,27)(29,41)(30,42)(31,44)(32,45)(33,46)(34,47)(35,48)(36,49)(37,39)(38,40)(43,50)(51,65)(52,66)
        (53,67)(54,76)(55,69)(56,70)(57,71)(58,72)(59,73)(60,74)(61,63)(62,64)(68,75)(77,81)(78,79)(80,82)
        (83,89)(84,90)(85,91)(86,87)(88,92)(93,94)(95,96),
      nbP := 96,
      next := ( 1,13,14)( 2,16,82)( 3,17,80)( 4,19,18)( 5,27,28)( 6,20,78)( 7,21,79)( 8,22,31)( 9,23,50)
        (10,24,43)(11,25,42)(12,15,26)(29,38,39)(30,41,77)(32,44,81)(33,45,57)(34,46,70)(35,47,93)(36,48,94)
        (37,40,49)(51,62,63)(52,65,86)(53,66,87)(54,68,67)(55,75,76)(56,69,91)(58,71,83)(59,72,92)(60,73,88)
        (61,64,74)(84,89,96)(85,90,95) ), rec(
      invers := ( 1,16)( 2,17)( 3,18)( 4,19)( 5,28)( 6,21)( 7,22)( 8,23)( 9,24)(10,25)(11,26)(12,14)(13,15)
        (20,27)(29,41)(30,42)(31,43)(32,45)(33,46)(34,47)(35,48)(36,49)(37,39)(38,40)(44,50)(51,65)(52,66)
        (53,67)(54,68)(55,76)(56,70)(57,71)(58,72)(59,73)(60,74)(61,63)(62,64)(69,75)(77,81)(78,79)(80,82)
        (83,89)(84,90)(85,91)(86,87)(88,92)(93,94)(95,96),
      nbP := 96,
      next := ( 1,13,14)( 2,16,78)( 3,17,79)( 4,18,81)( 5,20,19)( 6,27,28)( 7,21,83)( 8,22,32)( 9,23,50)
        (10,24,44)(11,25,43)(12,15,26)(29,38,39)(30,41,82)(31,42,80)(33,45,92)(34,46,88)(35,47,60)(36,48,73)
        (37,40,49)(51,62,63)(52,65,86)(53,66,87)(54,67,91)(55,69,68)(56,75,76)(57,70,93)(58,71,94)(59,72,77)
        (61,64,74)(84,89,96)(85,90,95) ), rec(
      invers := ( 1,16)( 2,17)( 3,18)( 4,19)( 5,28)( 6,21)( 7,22)( 8,23)( 9,24)(10,25)(11,26)(12,14)(13,15)
        (20,27)(29,41)(30,42)(31,43)(32,45)(33,46)(34,47)(35,48)(36,49)(37,39)(38,40)(44,50)(51,62)(52,63)
        (53,64)(54,72)(55,66)(56,67)(57,68)(58,69)(59,70)(60,61)(65,71)(73,81)(74,83)(75,84)(76,85)(77,79)
        (78,80)(82,86)(87,91)(88,89)(90,92)(93,94)(95,96),
      nbP := 96,
      next := ( 1,13,14)( 2,16,88)( 3,17,89)( 4,18,91)( 5,20,19)( 6,27,28)( 7,21,74)( 8,22,32)( 9,23,50)
        (10,24,44)(11,25,43)(12,15,26)(29,38,39)(30,41,92)(31,42,90)(33,45,51)(34,46,60)(35,47,61)(36,48,70)
        (37,40,49)(52,62,86)(53,63,82)(54,65,64)(55,71,72)(56,66,81)(57,67,93)(58,68,94)(59,69,87)(73,78,79)
        (75,83,96)(76,84,95)(77,80,85) ) ];
