return [ rec(
      invers := ( 1,12)( 2,13)( 3,14)( 4,15)( 5,16)( 6,10)( 7, 9)( 8,11)(17,27)(18,28)(19,29)(20,30)(21,25)
        (22,24)(23,26)(31,36)(32,34)(33,35)(37,39)(38,40),
      nbP := 40,
      next := ( 1, 8, 9,10)( 2,12,33,34)( 3,13,32,35)( 4,14,36,18)( 5,15,27,31)( 6, 7,11,16)(17,23,24,25)
        (19,28,38,39)(20,29,37,40)(21,22,26,30) ), rec(
      invers := ( 1,12)( 2,13)( 3,14)( 4,15)( 5,16)( 6,10)( 7, 9)( 8,11)(17,24)(18,25)(19,26)(20,22)(21,23)
        (27,34)(28,35)(29,36)(30,32)(31,33)(37,39)(38,40),
      nbP := 40,
      next := ( 1, 8, 9,10)( 2,12,27,17)( 3,13,21,22)( 4,14,20,23)( 5,15,26,36)( 6, 7,11,16)(18,24,31,32)
        (19,25,30,33)(28,34,38,39)(29,35,37,40) ), rec(
      invers := ( 1,16)( 2,11)( 3,12)( 4,13)( 5,14)( 6, 8)( 7, 9)(10,15)(17,30)(18,26)(19,27)(20,28)(21,23)
        (22,24)(25,29)(31,35)(32,33)(34,36)(37,38)(39,40),
      nbP := 40,
      next := ( 1,10, 7, 8)( 2,15,16,36)( 3,11,34,32)( 4,12,33,35)( 5,13,40,19)( 6, 9,14,26)(17,25,22,23)
        (18,29,30,31)(20,27,39,37)(21,24,28,38) ), rec(
      invers := ( 1,10)( 2,16)( 3,12)( 4,13)( 5,14)( 6, 8)( 7, 9)(11,15)(17,23)(18,28)(19,25)(20,26)(21,22)
        (24,27)(29,35)(30,32)(31,33)(34,36)(37,38)(39,40),
      nbP := 40,
      next := ( 1, 7, 8,26)( 2,11,10,40)( 3,15,16,39)( 4,12,37,29)( 5,13,17,21)( 6, 9,14,22)(18,24,23,36)
        (19,27,28,34)(20,25,31,32)(30,33,35,38) ) ];
