return [ rec(
      invers := ( 1,11)( 2,12)( 3,13)( 4,14)( 5,15)( 6, 9)( 7, 8)(10,16)(17,26)(18,27)(19,28)(20,29)(21,24)
        (22,23)(25,30)(31,35)(32,33)(34,36)(37,38)(39,40),
      nbP := 40,
      next := ( 1,16,10, 9)( 2,11,36,34)( 3,12,32,33)( 4,13,35,18)( 5,14,26,31)( 6, 7, 8,15)(17,30,25,24)
        (19,27,40,39)(20,28,37,38)(21,22,23,29) ), rec(
      invers := ( 1,11)( 2,12)( 3,13)( 4,14)( 5,15)( 6, 9)( 7, 8)(10,16)(17,26)(18,27)(19,28)(20,29)(21,24)
        (22,23)(25,30)(31,35)(32,33)(34,36)(37,38)(39,40),
      nbP := 40,
      next := ( 1,16,10, 9)( 2,11,36,34)( 3,12,32,33)( 4,13,35,20)( 5,14,28,31)( 6, 7, 8,15)(17,30,25,24)
        (18,26,40,39)(19,27,37,38)(21,22,23,29) ), rec(
      invers := ( 1,11)( 2,12)( 3,13)( 4,14)( 5,15)( 6, 9)( 7, 8)(10,16)(17,23)(18,24)(19,25)(20,21)(22,26)
        (27,33)(28,34)(29,35)(30,31)(32,36)(37,38)(39,40),
      nbP := 40,
      next := ( 1,16,10, 9)( 2,11,27,17)( 3,12,26,22)( 4,13,20,21)( 5,14,25,35)( 6, 7, 8,15)(18,23,36,32)
        (19,24,30,31)(28,33,40,39)(29,34,37,38) ), rec(
      invers := ( 1,10)( 2,12)( 3,13)( 4,14)( 5,15)( 6, 9)( 7, 8)(11,16)(17,22)(18,24)(19,25)(20,21)(23,26)
        (27,34)(28,35)(29,32)(30,31)(33,36)(37,38)(39,40),
      nbP := 40,
      next := ( 1, 9,25,32)( 2,16,11,10)( 3,12,40,39)( 4,13,27,17)( 5,14,20,21)( 6, 7, 8,15)(18,26,23,22)
        (19,24,36,33)(28,34,37,38)(29,30,31,35) ), rec(
      invers := ( 1,10)( 2,12)( 3,13)( 4,14)( 5,15)( 6, 9)( 7, 8)(11,16)(17,25)(18,27)(19,28)(20,29)(21,24)
        (22,23)(26,30)(31,35)(32,33)(34,36)(37,38)(39,40),
      nbP := 40,
      next := ( 1, 9,36,34)( 2,16,11,10)( 3,12,32,33)( 4,13,35,19)( 5,14,27,31)( 6, 7, 8,15)(17,24,37,38)
        (18,30,26,25)(20,28,40,39)(21,22,23,29) ), rec(
      invers := ( 1,10)( 2,12)( 3,13)( 4,14)( 5,15)( 6, 9)( 7, 8)(11,16)(17,25)(18,27)(19,28)(20,29)(21,24)
        (22,23)(26,30)(31,35)(32,33)(34,36)(37,38)(39,40),
      nbP := 40,
      next := ( 1, 9,36,34)( 2,16,11,10)( 3,12,32,33)( 4,13,35,20)( 5,14,28,31)( 6, 7, 8,15)(17,24,40,39)
        (18,30,26,25)(19,27,37,38)(21,22,23,29) ), rec(
      invers := ( 1,10)( 2,11)( 3,13)( 4,14)( 5,15)( 6, 9)( 7, 8)(12,16)(17,24)(18,25)(19,22)(20,21)(23,26)
        (27,34)(28,35)(29,32)(30,31)(33,36)(37,38)(39,40),
      nbP := 40,
      next := ( 1, 9,22,32)( 2,10,37,38)( 3,16,12,11)( 4,13,27,17)( 5,14,26,23)( 6, 7, 8,15)(18,24,36,33)
        (19,20,21,25)(28,34,40,39)(29,30,31,35) ) ];
