return [ rec(
      invers := ( 1, 9)( 2,10)( 3,11)( 4,12)( 5, 7)( 6, 8)(13,20)(14,21)(15,22)(16,18)(17,19)(23,30)(24,31)
        (25,32)(26,28)(27,29)(33,39)(34,40)(35,37)(36,38)(41,47)(42,48)(43,45)(44,46)(49,50)(51,54)(52,53)
        (55,56),
      nbP := 56,
      next := ( 1, 6, 7,20)( 2, 9,25,31)( 3,10,54,42)( 4,11,35,38)( 5, 8,12,14)(13,17,18,30)(15,21,40,53)
        (16,19,22,24)(23,27,28,50)(26,29,32,49)(33,36,37,47)(34,39,51,52)(41,44,45,56)(43,46,48,55) ), rec(
      invers := ( 1, 9)( 2,10)( 3,11)( 4,12)( 5, 7)( 6, 8)(13,20)(14,21)(15,22)(16,18)(17,19)(23,30)(24,31)
        (25,32)(26,28)(27,29)(33,39)(34,40)(35,37)(36,38)(41,44)(42,43)(45,50)(46,48)(47,49)(51,54)(52,53)
        (55,56),
      nbP := 56,
      next := ( 1, 6, 7,20)( 2, 9,47,48)( 3,10,51,52)( 4,11,53,41)( 5, 8,12,14)(13,17,18,31)(15,21,42,34)
        (16,19,22,25)(23,27,28,54)(24,30,55,45)(26,29,32,39)(33,36,37,44)(35,38,40,43)(46,49,50,56) ), rec(
      invers := ( 1, 9)( 2,10)( 3,11)( 4,12)( 5, 7)( 6, 8)(13,20)(14,21)(15,22)(16,18)(17,19)(23,28)(24,29)
        (25,30)(26,27)(31,37)(32,38)(33,39)(34,40)(35,36)(41,43)(42,44)(45,47)(46,48)(49,54)(50,52)(51,53)
        (55,56),
      nbP := 56,
      next := ( 1, 6, 7,20)( 2, 9,46,47)( 3,10,55,49)( 4,11,41,44)( 5, 8,12,14)(13,17,18,30)(15,21,23,26)
        (16,19,22,27)(24,28,31,35)(25,29,36,40)(32,37,42,43)(33,38,51,52)(34,39,45,48)(50,53,54,56) ), rec(
      invers := ( 1, 9)( 2,10)( 3,11)( 4,12)( 5, 7)( 6, 8)(13,20)(14,21)(15,22)(16,18)(17,19)(23,28)(24,29)
        (25,30)(26,27)(31,36)(32,34)(33,35)(37,44)(38,45)(39,46)(40,42)(41,43)(47,50)(48,49)(51,54)(52,53)
        (55,56),
      nbP := 56,
      next := ( 1, 6, 7,20)( 2, 9,48,38)( 3,10,44,51)( 4,11,52,31)( 5, 8,12,14)(13,17,18,30)(15,21,23,26)
        (16,19,22,27)(24,28,33,34)(25,29,54,47)(32,35,36,53)(37,41,42,56)(39,45,49,50)(40,43,46,55) ), rec(
      invers := ( 1, 9)( 2,10)( 3,11)( 4,12)( 5, 7)( 6, 8)(13,20)(14,21)(15,22)(16,18)(17,19)(23,29)(24,30)
        (25,27)(26,28)(31,35)(32,36)(33,34)(37,44)(38,45)(39,46)(40,42)(41,43)(47,50)(48,49)(51,54)(52,53)
        (55,56),
      nbP := 56,
      next := ( 1, 6, 7,20)( 2, 9,50,54)( 3,10,39,31)( 4,11,33,24)( 5, 8,12,14)(13,17,18,49)(15,21,29,47)
        (16,19,22,48)(23,26,27,36)(25,28,30,34)(32,35,45,53)(37,41,42,56)(38,44,51,52)(40,43,46,55) ), rec(
      invers := ( 1, 9)( 2,10)( 3,11)( 4,12)( 5, 7)( 6, 8)(13,20)(14,21)(15,22)(16,18)(17,19)(23,29)(24,30)
        (25,27)(26,28)(31,37)(32,38)(33,35)(34,36)(39,46)(40,47)(41,48)(42,44)(43,45)(49,52)(50,51)(53,54)
        (55,56),
      nbP := 56,
      next := ( 1, 6, 7,20)( 2, 9,52,41)( 3,10,47,32)( 4,11,25,28)( 5, 8,12,14)(13,17,18,51)(15,21,30,49)
        (16,19,22,50)(23,26,27,37)(24,29,40,46)(31,34,35,54)(33,36,38,53)(39,43,44,56)(42,45,48,55) ), rec(
      invers := ( 1, 9)( 2,10)( 3,11)( 4,12)( 5, 7)( 6, 8)(13,20)(14,21)(15,22)(16,18)(17,19)(23,30)(24,31)
        (25,32)(26,28)(27,29)(33,40)(34,41)(35,42)(36,38)(37,39)(43,46)(44,45)(47,50)(48,49)(51,54)(52,53)
        (55,56),
      nbP := 56,
      next := ( 1, 6, 7,20)( 2, 9,46,53)( 3,10,54,24)( 4,11,30,51)( 5, 8,12,14)(13,17,18,45)(15,21,52,43)
        (16,19,22,44)(23,27,28,41)(25,31,55,47)(26,29,32,35)(33,37,38,49)(34,40,50,56)(36,39,42,48) ), rec(
      invers := ( 1, 9)( 2,10)( 3,11)( 4,12)( 5, 7)( 6, 8)(13,20)(14,21)(15,22)(16,18)(17,19)(23,30)(24,31)
        (25,32)(26,28)(27,29)(33,40)(34,41)(35,42)(36,38)(37,39)(43,46)(44,45)(47,50)(48,49)(51,54)(52,53)
        (55,56),
      nbP := 56,
      next := ( 1, 6, 7,20)( 2, 9,46,53)( 3,10,54,25)( 4,11,31,51)( 5, 8,12,14)(13,17,18,45)(15,21,52,43)
        (16,19,22,44)(23,27,28,40)(24,30,50,56)(26,29,32,34)(33,37,38,49)(35,41,55,47)(36,39,42,48) ) ];
