return [ rec(
      invers := ( 1,11)( 2,12)( 3,13)( 4,14)( 5,15)( 6,10)( 7, 8)( 9,16)(17,25)(18,26)(19,27)(20,24)(21,22)
        (23,28)(29,38)(30,39)(31,40)(32,41)(33,37)(34,35)(36,42)(43,48)(44,49)(45,46)(47,50)(51,55)(52,53)
        (54,56)(57,58)(59,60),
      nbP := 60,
      next := ( 1,10,24)( 2,11,56)( 3,12,55)( 4,13,43)( 5,14,17)( 6,16,15)( 7, 8, 9)(18,25,30)(19,26,38)
        (20,28,27)(21,22,23)(29,37,51)(31,39,50)(32,40,49)(33,42,41)(34,35,36)(44,48,60)(45,46,47)(52,53,54)
        (57,58,59) ), rec(
      invers := ( 1,11)( 2,12)( 3,13)( 4,14)( 5,15)( 6,10)( 7, 8)( 9,16)(17,25)(18,26)(19,27)(20,24)(21,22)
        (23,28)(29,38)(30,39)(31,40)(32,41)(33,37)(34,35)(36,42)(43,47)(44,45)(46,48)(49,55)(50,54)(51,52)
        (53,56)(57,58)(59,60),
      nbP := 60,
      next := ( 1,10,24)( 2,11,54)( 3,12,60)( 4,13,43)( 5,14,17)( 6,16,15)( 7, 8, 9)(18,25,31)(19,26,39)
        (20,28,27)(21,22,23)(29,37,47)(30,38,49)(32,40,48)(33,42,41)(34,35,36)(44,45,46)(50,56,55)(51,52,53)
        (57,58,59) ), rec(
      invers := ( 1,11)( 2,12)( 3,13)( 4,14)( 5,15)( 6,10)( 7, 8)( 9,16)(17,25)(18,26)(19,27)(20,24)(21,22)
        (23,28)(29,38)(30,39)(31,40)(32,41)(33,37)(34,35)(36,42)(43,48)(44,49)(45,46)(47,50)(51,55)(52,53)
        (54,56)(57,58)(59,60),
      nbP := 60,
      next := ( 1,10,24)( 2,11,55)( 3,12,43)( 4,13,50)( 5,14,17)( 6,16,15)( 7, 8, 9)(18,25,31)(19,26,39)
        (20,28,27)(21,22,23)(29,37,51)(30,38,56)(32,40,49)(33,42,41)(34,35,36)(44,48,60)(45,46,47)(52,53,54)
        (57,58,59) ), rec(
      invers := ( 1,11)( 2,12)( 3,13)( 4,14)( 5,15)( 6,10)( 7, 8)( 9,16)(17,25)(18,26)(19,27)(20,24)(21,22)
        (23,28)(29,38)(30,39)(31,40)(32,41)(33,37)(34,35)(36,42)(43,49)(44,48)(45,46)(47,50)(51,55)(52,53)
        (54,56)(57,58)(59,60),
      nbP := 60,
      next := ( 1,10,24)( 2,11,56)( 3,12,55)( 4,13,43)( 5,14,17)( 6,16,15)( 7, 8, 9)(18,25,32)(19,26,40)
        (20,28,27)(21,22,23)(29,37,48)(30,38,60)(31,39,51)(33,42,41)(34,35,36)(44,50,49)(45,46,47)(52,53,54)
        (57,58,59) ), rec(
      invers := ( 1,11)( 2,12)( 3,13)( 4,14)( 5,15)( 6,10)( 7, 8)( 9,16)(17,25)(18,26)(19,27)(20,24)(21,22)
        (23,28)(29,38)(30,39)(31,40)(32,41)(33,37)(34,35)(36,42)(43,49)(44,48)(45,46)(47,50)(51,55)(52,53)
        (54,56)(57,58)(59,60),
      nbP := 60,
      next := ( 1,10,24)( 2,11,55)( 3,12,60)( 4,13,43)( 5,14,17)( 6,16,15)( 7, 8, 9)(18,25,32)(19,26,40)
        (20,28,27)(21,22,23)(29,37,48)(30,38,51)(31,39,56)(33,42,41)(34,35,36)(44,50,49)(45,46,47)(52,53,54)
        (57,58,59) ), rec(
      invers := ( 1,11)( 2,12)( 3,13)( 4,14)( 5,15)( 6,10)( 7, 8)( 9,16)(17,25)(18,26)(19,27)(20,24)(21,22)
        (23,28)(29,38)(30,39)(31,40)(32,41)(33,37)(34,35)(36,42)(43,49)(44,48)(45,46)(47,50)(51,55)(52,53)
        (54,56)(57,58)(59,60),
      nbP := 60,
      next := ( 1,10,24)( 2,11,48)( 3,12,60)( 4,13,51)( 5,14,17)( 6,16,15)( 7, 8, 9)(18,25,32)(19,26,40)
        (20,28,27)(21,22,23)(29,37,56)(30,38,55)(31,39,43)(33,42,41)(34,35,36)(44,50,49)(45,46,47)(52,53,54)
        (57,58,59) ) ];
