return [ rec(
      invers := (  1,  9)(  2, 11)(  3, 12)(  4,  8)(  5,  7)(  6, 10)( 13, 21)( 14, 22)( 15, 19)( 16, 18)
        ( 17, 20)( 23, 31)( 24, 32)( 25, 29)( 26, 28)( 27, 30)( 33, 41)( 34, 42)( 35, 39)( 36, 38)( 37, 40)
        ( 43, 51)( 44, 52)( 45, 49)( 46, 48)( 47, 50)( 53, 61)( 54, 62)( 55, 59)( 56, 58)( 57, 60)( 63, 71)
        ( 64, 72)( 65, 69)( 66, 68)( 67, 70)( 73, 77)( 74, 76)( 75, 78)( 79, 83)( 80, 82)( 81, 84)( 85, 89)
        ( 86, 88)( 87, 90)( 91, 95)( 92, 94)( 93, 96)( 97,101)( 98,100)( 99,102)(103,107)(104,106)(105,108)
        (109,111)(110,112),
      nbP := 112,
      next := (  1,  8, 19, 29, 39, 49, 59)(  2,  6,  7,  9,105,106,107)(  3, 11,109,112, 97, 98,102)
        (  4,  5, 10, 12, 13, 17, 18)( 14, 21, 99,100, 91, 92, 96)( 15, 16, 20, 22, 23, 27, 28)
        ( 24, 31, 93, 94, 85, 86, 90)( 25, 26, 30, 32, 33, 37, 38)( 34, 41, 87, 88, 79, 80, 84)
        ( 35, 36, 40, 42, 43, 47, 48)( 44, 51, 81, 82, 73, 74, 78)( 45, 46, 50, 52, 53, 57, 58)
        ( 54, 61, 75, 76, 63, 67, 68)( 55, 56, 60, 62, 69,104,108)( 64, 71, 77, 83, 89, 95,101)
        ( 65, 66, 70, 72,110,111,103) ) ];
