return [ rec(
      invers := ( 1, 9)( 2,10)( 3,11)( 4,12)( 5, 8)( 6, 7)(13,19)(14,20)(15,18)(16,17)(21,27)(22,28)(23,26)
        (24,25)(29,36)(30,37)(31,38)(32,35)(33,34)(39,45)(40,46)(41,44)(42,43)(47,51)(48,52)(49,50)(53,54)
        (55,56),
      nbP := 56,
      next := ( 1, 8,18,26)( 2, 9,53,54)( 3,10,39,44)( 4,11,47,13)( 5, 6, 7,12)(14,19,29,21)(15,16,17,20)
        (22,27,35,45)(23,24,25,28)(30,36,49,50)(31,37,52,40)(32,33,34,38)(41,42,43,46)(48,51,55,56) ), rec(
      invers := ( 1, 9)( 2,10)( 3,11)( 4,12)( 5, 8)( 6, 7)(13,19)(14,20)(15,18)(16,17)(21,27)(22,28)(23,26)
        (24,25)(29,36)(30,37)(31,38)(32,35)(33,34)(39,43)(40,44)(41,42)(45,51)(46,52)(47,50)(48,49)(53,54)
        (55,56),
      nbP := 56,
      next := ( 1, 8,18,26)( 2, 9,53,54)( 3,10,40,43)( 4,11,45,13)( 5, 6, 7,12)(14,19,29,21)(15,16,17,20)
        (22,27,35,44)(23,24,25,28)(30,36,50,39)(31,37,41,42)(32,33,34,38)(46,51,55,56)(47,48,49,52) ), rec(
      invers := ( 1, 9)( 2,10)( 3,11)( 4,12)( 5, 8)( 6, 7)(13,19)(14,20)(15,18)(16,17)(21,27)(22,28)(23,26)
        (24,25)(29,36)(30,37)(31,38)(32,35)(33,34)(39,43)(40,44)(41,42)(45,51)(46,52)(47,50)(48,49)(53,54)
        (55,56),
      nbP := 56,
      next := ( 1, 8,18,26)( 2, 9,53,54)( 3,10,40,43)( 4,11,46,13)( 5, 6, 7,12)(14,19,29,21)(15,16,17,20)
        (22,27,35,44)(23,24,25,28)(30,36,51,39)(31,37,41,42)(32,33,34,38)(45,50,55,56)(47,48,49,52) ), rec(
      invers := ( 1, 9)( 2,10)( 3,11)( 4,12)( 5, 8)( 6, 7)(13,19)(14,20)(15,18)(16,17)(21,27)(22,28)(23,26)
        (24,25)(29,36)(30,37)(31,38)(32,35)(33,34)(39,42)(40,41)(43,47)(44,48)(45,46)(49,54)(50,53)(51,52)
        (55,56),
      nbP := 56,
      next := ( 1, 8,18,26)( 2, 9,53,43)( 3,10,45,46)( 4,11,39,13)( 5, 6, 7,12)(14,19,30,21)(15,16,17,20)
        (22,27,36,49)(23,24,25,28)(29,35,42,48)(31,37,40,41)(32,33,34,38)(44,47,55,56)(50,51,52,54) ), rec(
      invers := ( 1, 9)( 2,10)( 3,11)( 4,12)( 5, 8)( 6, 7)(13,19)(14,20)(15,18)(16,17)(21,27)(22,28)(23,26)
        (24,25)(29,36)(30,37)(31,38)(32,35)(33,34)(39,45)(40,46)(41,44)(42,43)(47,50)(48,49)(51,54)(52,53)
        (55,56),
      nbP := 56,
      next := ( 1, 8,18,26)( 2, 9,48,49)( 3,10,50,54)( 4,11,40,13)( 5, 6, 7,12)(14,19,30,21)(15,16,17,20)
        (22,27,36,47)(23,24,25,28)(29,35,52,53)(31,37,45,51)(32,33,34,38)(39,44,55,56)(41,42,43,46) ), rec(
      invers := ( 1, 9)( 2,10)( 3,11)( 4,12)( 5, 8)( 6, 7)(13,19)(14,20)(15,18)(16,17)(21,27)(22,28)(23,26)
        (24,25)(29,36)(30,37)(31,38)(32,35)(33,34)(39,44)(40,43)(41,42)(45,50)(46,49)(47,48)(51,54)(52,53)
        (55,56),
      nbP := 56,
      next := ( 1, 8,18,26)( 2, 9,52,53)( 3,10,54,45)( 4,11,39,13)( 5, 6, 7,12)(14,19,31,21)(15,16,17,20)
        (22,27,37,51)(23,24,25,28)(29,35,43,49)(30,36,55,56)(32,33,34,38)(40,41,42,44)(46,47,48,50) ), rec(
      invers := ( 1, 9)( 2,10)( 3,11)( 4,12)( 5, 8)( 6, 7)(13,19)(14,20)(15,18)(16,17)(21,27)(22,28)(23,26)
        (24,25)(29,36)(30,37)(31,38)(32,35)(33,34)(39,44)(40,43)(41,42)(45,48)(46,47)(49,54)(50,53)(51,52)
        (55,56),
      nbP := 56,
      next := ( 1, 8,18,26)( 2, 9,53,45)( 3,10,46,47)( 4,11,39,13)( 5, 6, 7,12)(14,19,31,21)(15,16,17,20)
        (22,27,37,49)(23,24,25,28)(29,35,43,48)(30,36,55,56)(32,33,34,38)(40,41,42,44)(50,51,52,54) ), rec(
      invers := ( 1, 9)( 2,10)( 3,11)( 4,12)( 5, 8)( 6, 7)(13,19)(14,20)(15,18)(16,17)(21,27)(22,28)(23,26)
        (24,25)(29,36)(30,37)(31,38)(32,35)(33,34)(39,44)(40,45)(41,46)(42,43)(47,52)(48,51)(49,50)(53,54)
        (55,56),
      nbP := 56,
      next := ( 1, 8,18,26)( 2, 9,51,39)( 3,10,42,43)( 4,11,46,13)( 5, 6, 7,12)(14,19,31,21)(15,16,17,20)
        (22,27,37,47)(23,24,25,28)(29,35,53,54)(30,36,41,45)(32,33,34,38)(40,44,55,56)(48,49,50,52) ), rec(
      invers := ( 1, 9)( 2,10)( 3,11)( 4,12)( 5, 8)( 6, 7)(13,19)(14,20)(15,18)(16,17)(21,27)(22,28)(23,26)
        (24,25)(29,36)(30,37)(31,38)(32,35)(33,34)(39,45)(40,46)(41,44)(42,43)(47,51)(48,52)(49,50)(53,54)
        (55,56),
      nbP := 56,
      next := ( 1, 8,18,26)( 2, 9,29,35)( 3,10,47,39)( 4,11,30,13)( 5, 6, 7,12)(14,19,36,21)(15,16,17,20)
        (22,27,53,54)(23,24,25,28)(31,37,44,52)(32,33,34,38)(40,45,49,50)(41,42,43,46)(48,51,55,56) ), rec(
      invers := ( 1, 9)( 2,10)( 3,11)( 4,12)( 5, 8)( 6, 7)(13,19)(14,20)(15,18)(16,17)(21,27)(22,28)(23,26)
        (24,25)(29,36)(30,37)(31,38)(32,35)(33,34)(39,45)(40,46)(41,44)(42,43)(47,48)(49,54)(50,53)(51,52)
        (55,56),
      nbP := 56,
      next := ( 1, 8,18,26)( 2, 9,29,35)( 3,10,53,40)( 4,11,30,13)( 5, 6, 7,12)(14,19,36,21)(15,16,17,20)
        (22,27,47,48)(23,24,25,28)(31,37,45,49)(32,33,34,38)(39,44,55,56)(41,42,43,46)(50,51,52,54) ), rec(
      invers := ( 1, 9)( 2,10)( 3,11)( 4,12)( 5, 8)( 6, 7)(13,19)(14,20)(15,18)(16,17)(21,27)(22,28)(23,26)
        (24,25)(29,36)(30,37)(31,38)(32,35)(33,34)(39,44)(40,43)(41,42)(45,51)(46,52)(47,50)(48,49)(53,54)
        (55,56),
      nbP := 56,
      next := ( 1, 8,18,26)( 2, 9,30,36)( 3,10,45,39)( 4,11,31,13)( 5, 6, 7,12)(14,19,37,21)(15,16,17,20)
        (22,27,53,54)(23,24,25,28)(29,35,43,50)(32,33,34,38)(40,41,42,44)(46,51,55,56)(47,48,49,52) ), rec(
      invers := ( 1, 9)( 2,10)( 3,11)( 4,12)( 5, 8)( 6, 7)(13,19)(14,20)(15,18)(16,17)(21,27)(22,28)(23,26)
        (24,25)(29,36)(30,37)(31,38)(32,35)(33,34)(39,44)(40,43)(41,42)(45,51)(46,52)(47,50)(48,49)(53,54)
        (55,56),
      nbP := 56,
      next := ( 1, 8,18,26)( 2, 9,30,36)( 3,10,46,39)( 4,11,31,13)( 5, 6, 7,12)(14,19,37,21)(15,16,17,20)
        (22,27,53,54)(23,24,25,28)(29,35,43,51)(32,33,34,38)(40,41,42,44)(45,50,55,56)(47,48,49,52) ), rec(
      invers := ( 1, 9)( 2,10)( 3,11)( 4,12)( 5, 8)( 6, 7)(13,19)(14,20)(15,18)(16,17)(21,27)(22,28)(23,26)
        (24,25)(29,36)(30,37)(31,38)(32,35)(33,34)(39,45)(40,46)(41,44)(42,43)(47,51)(48,52)(49,50)(53,54)
        (55,56),
      nbP := 56,
      next := ( 1, 8,18,27)( 2, 9,29,35)( 3,10,47,39)( 4,11,30,13)( 5, 6, 7,12)(14,19,36,22)(15,16,17,20)
        (21,26,53,54)(23,24,25,28)(31,37,44,52)(32,33,34,38)(40,45,49,50)(41,42,43,46)(48,51,55,56) ), rec(
      invers := ( 1, 9)( 2,10)( 3,11)( 4,12)( 5, 8)( 6, 7)(13,19)(14,20)(15,18)(16,17)(21,27)(22,28)(23,26)
        (24,25)(29,36)(30,37)(31,38)(32,35)(33,34)(39,44)(40,43)(41,42)(45,51)(46,52)(47,50)(48,49)(53,54)
        (55,56),
      nbP := 56,
      next := ( 1, 8,18,27)( 2, 9,30,36)( 3,10,46,39)( 4,11,31,13)( 5, 6, 7,12)(14,19,37,22)(15,16,17,20)
        (21,26,53,54)(23,24,25,28)(29,35,43,51)(32,33,34,38)(40,41,42,44)(45,50,55,56)(47,48,49,52) ) ];
