return [ rec(
      invers := (  1, 24)(  2, 25)(  3, 26)(  4, 31)(  5, 32)(  6, 33)(  7, 34)(  8, 35)(  9, 36)( 10, 28)
        ( 11, 29)( 12, 20)( 13, 21)( 14, 18)( 15, 16)( 17, 22)( 19, 23)( 27, 30)( 37, 56)( 38, 61)( 39, 62)
        ( 40, 63)( 41, 64)( 42, 58)( 43, 59)( 44, 52)( 45, 53)( 46, 50)( 47, 48)( 49, 54)( 51, 55)( 57, 60)
        ( 65, 87)( 66, 88)( 67, 89)( 68, 94)( 69, 95)( 70, 96)( 71, 97)( 72, 98)( 73, 91)( 74, 92)( 75, 83)
        ( 76, 84)( 77, 81)( 78, 79)( 80, 85)( 82, 86)( 90, 93)( 99,106)(100,101)(102,104)(103,105)(107,108)
        (109,119)(110,122)(111,123)(112,124)(113,114)(115,117)(116,118)(120,121)(125,126)(127,129)(128,130)
        (131,132),
      nbP := 132,
      next := (  1, 19, 18)(  2, 24,107)(  3, 25,106)(  4, 27, 26)(  5, 31,131)(  6, 32,109)(  7, 33, 70)
        (  8, 34, 95)(  9, 35, 38)( 10, 30, 36)( 11, 28, 57)( 12, 23, 29)( 13, 20, 56)( 14, 22, 21)
        ( 15, 16, 17)( 37, 51, 50)( 39, 61, 99)( 40, 62,103)( 41, 63,104)( 42, 60, 64)( 43, 58,105)
        ( 44, 55, 59)( 45, 52,108)( 46, 54, 53)( 47, 48, 49)( 65, 82, 81)( 66, 87,124)( 67, 88,130)
        ( 68, 90, 89)( 69, 94,132)( 71, 96,116)( 72, 97,117)( 73, 93, 98)( 74, 91,118)( 75, 86, 92)
        ( 76, 83,121)( 77, 85, 84)( 78, 79, 80)(100,101,102)(110,120,119)(111,122,128)(112,123,129)
        (113,114,115)(125,126,127) ), rec(
      invers := (  1, 24)(  2, 25)(  3, 26)(  4, 31)(  5, 32)(  6, 33)(  7, 34)(  8, 35)(  9, 36)( 10, 28)
        ( 11, 29)( 12, 20)( 13, 21)( 14, 18)( 15, 16)( 17, 22)( 19, 23)( 27, 30)( 37, 54)( 38, 55)( 39, 56)
        ( 40, 59)( 41, 60)( 42, 61)( 43, 62)( 44, 51)( 45, 49)( 46, 47)( 48, 52)( 50, 53)( 57, 58)( 63, 80)
        ( 64, 85)( 65, 86)( 66, 87)( 67, 88)( 68, 89)( 69, 90)( 70, 82)( 71, 83)( 72, 77)( 73, 74)( 75, 78)
        ( 76, 79)( 81, 84)( 91,107)( 92,108)( 93,104)( 94,105)( 95,100)( 96, 97)( 98,101)( 99,102)(103,106)
        (109,121)(110,122)(111,118)(112,116)(113,114)(115,119)(117,120)(123,124)(125,126)(127,129)(128,130)
        (131,132),
      nbP := 132,
      next := (  1, 19, 18)(  2, 24,103)(  3, 25, 63)(  4, 27, 26)(  5, 31, 76)(  6, 32, 78)(  7, 33, 77)
        (  8, 34, 44)(  9, 35, 53)( 10, 30, 36)( 11, 28, 58)( 12, 23, 29)( 13, 20, 62)( 14, 22, 21)
        ( 15, 16, 17)( 37, 50, 49)( 38, 54,123)( 39, 55,122)( 40, 57, 56)( 41, 59,128)( 42, 60,129)
        ( 43, 61, 91)( 45, 52, 51)( 46, 47, 48)( 64, 81, 80)( 65, 85, 99)( 66, 86,101)( 67, 87,100)
        ( 68, 88,111)( 69, 89,120)( 70, 84, 90)( 71, 82,124)( 72, 79, 83)( 73, 74, 75)( 92,107,130)
        ( 93,106,108)( 94,104,132)( 95,102,105)( 96, 97, 98)(109,117,116)(110,121,131)(112,119,118)
        (113,114,115)(125,126,127) ), rec(
      invers := (  1, 24)(  2, 25)(  3, 26)(  4, 31)(  5, 32)(  6, 33)(  7, 34)(  8, 35)(  9, 36)( 10, 28)
        ( 11, 29)( 12, 20)( 13, 21)( 14, 18)( 15, 16)( 17, 22)( 19, 23)( 27, 30)( 37, 54)( 38, 55)( 39, 56)
        ( 40, 59)( 41, 60)( 42, 61)( 43, 62)( 44, 51)( 45, 49)( 46, 47)( 48, 52)( 50, 53)( 57, 58)( 63, 81)
        ( 64, 82)( 65, 83)( 66, 87)( 67, 88)( 68, 85)( 69, 77)( 70, 78)( 71, 75)( 72, 73)( 74, 79)( 76, 80)
        ( 84, 86)( 89,107)( 90,108)( 91,109)( 92,113)( 93,114)( 94,111)( 95,103)( 96,104)( 97,101)( 98, 99)
        (100,105)(102,106)(110,112)(115,124)(116,117)(118,120)(119,121)(122,123)(125,126)(127,129)(128,130)
        (131,132),
      nbP := 132,
      next := (  1, 19, 18)(  2, 24, 88)(  3, 25,123)(  4, 27, 26)(  5, 31,124)(  6, 32, 94)(  7, 33,112)
        (  8, 34, 44)(  9, 35, 53)( 10, 30, 36)( 11, 28, 58)( 12, 23, 29)( 13, 20, 62)( 14, 22, 21)
        ( 15, 16, 17)( 37, 50, 49)( 38, 54,114)( 39, 55,132)( 40, 57, 56)( 41, 59,115)( 42, 60, 68)
        ( 43, 61, 86)( 45, 52, 51)( 46, 47, 48)( 63, 76, 75)( 64, 81,119)( 65, 82,120)( 66, 84, 83)
        ( 67, 87,121)( 69, 80, 85)( 70, 77,122)( 71, 79, 78)( 72, 73, 74)( 89,102,101)( 90,107,128)
        ( 91,108,129)( 92,110,109)( 93,113,130)( 95,106,111)( 96,103,131)( 97,105,104)( 98, 99,100)
        (116,117,118)(125,126,127) ), rec(
      invers := (  1, 24)(  2, 25)(  3, 26)(  4, 31)(  5, 32)(  6, 33)(  7, 34)(  8, 35)(  9, 36)( 10, 28)
        ( 11, 29)( 12, 20)( 13, 21)( 14, 18)( 15, 16)( 17, 22)( 19, 23)( 27, 30)( 37, 57)( 38, 58)( 39, 59)
        ( 40, 63)( 41, 64)( 42, 65)( 43, 66)( 44, 61)( 45, 53)( 46, 54)( 47, 51)( 48, 49)( 50, 55)( 52, 56)
        ( 60, 62)( 67, 89)( 68, 90)( 69, 91)( 70, 96)( 71, 97)( 72, 98)( 73, 99)( 74,100)( 75, 93)( 76, 94)
        ( 77, 85)( 78, 86)( 79, 83)( 80, 81)( 82, 87)( 84, 88)( 92, 95)(101,110)(102,103)(104,106)(105,107)
        (108,109)(111,123)(112,124)(113,121)(114,115)(116,118)(117,119)(120,122)(125,126)(127,129)(128,130)
        (131,132),
      nbP := 132,
      next := (  1, 19, 18)(  2, 24,105)(  3, 25,106)(  4, 27, 26)(  5, 31,107)(  6, 32, 73)(  7, 33, 98)
        (  8, 34, 44)(  9, 35, 62)( 10, 30, 36)( 11, 28, 66)( 12, 23, 29)( 13, 20,108)( 14, 22, 21)
        ( 15, 16, 17)( 37, 52, 51)( 38, 57,117)( 39, 58,118)( 40, 60, 59)( 41, 63,119)( 42, 64,121)
        ( 43, 65,101)( 45, 56, 61)( 46, 53,120)( 47, 55, 54)( 48, 49, 50)( 67, 84, 83)( 68, 89,128)
        ( 69, 90,129)( 70, 92, 91)( 71, 96,130)( 72, 97,111)( 74, 99,109)( 75, 95,100)( 76, 93,110)
        ( 77, 88, 94)( 78, 85,131)( 79, 87, 86)( 80, 81, 82)(102,103,104)(112,123,132)(113,122,124)
        (114,115,116)(125,126,127) ), rec(
      invers := (  1, 24)(  2, 25)(  3, 26)(  4, 27)(  5, 31)(  6, 32)(  7, 33)(  8, 34)(  9, 35)( 10, 36)
        ( 11, 29)( 12, 20)( 13, 21)( 14, 18)( 15, 16)( 17, 22)( 19, 23)( 28, 30)( 37, 59)( 38, 60)( 39, 61)
        ( 40, 62)( 41, 66)( 42, 67)( 43, 68)( 44, 69)( 45, 70)( 46, 64)( 47, 55)( 48, 56)( 49, 53)( 50, 51)
        ( 52, 57)( 54, 58)( 63, 65)( 71, 85)( 72, 86)( 73, 87)( 74, 90)( 75, 91)( 76, 92)( 77, 93)( 78, 94)
        ( 79, 80)( 81, 83)( 82, 84)( 88, 89)( 95,104)( 96, 97)( 98,100)( 99,101)(102,103)(105,120)(106,124)
        (107,122)(108,116)(109,117)(110,114)(111,112)(113,118)(115,119)(121,123)(125,126)(127,129)(128,130)
        (131,132),
      nbP := 132,
      next := (  1, 19, 18)(  2, 24, 71)(  3, 25, 82)(  4, 26, 83)(  5, 28, 27)(  6, 31, 84)(  7, 32, 89)
        (  8, 33, 94)(  9, 34, 45)( 10, 35, 69)( 11, 30, 36)( 12, 23, 29)( 13, 20,102)( 14, 22, 21)
        ( 15, 16, 17)( 37, 54, 53)( 38, 59,120)( 39, 60,128)( 40, 61,129)( 41, 63, 62)( 42, 66,130)
        ( 43, 67,132)( 44, 68, 95)( 46, 65, 70)( 47, 58, 64)( 48, 55,121)( 49, 57, 56)( 50, 51, 52)
        ( 72, 85, 99)( 73, 86,100)( 74, 88, 87)( 75, 90,101)( 76, 91,103)( 77, 92,104)( 78, 93,106)
        ( 79, 80, 81)( 96, 97, 98)(105,115,114)(107,123,124)(108,119,122)(109,116,131)(110,118,117)
        (111,112,113)(125,126,127) ) ];
