return [ rec(
      invers := ( 1, 8)( 2, 9)( 3,10)( 4, 7)( 5, 6)(11,16)(12,15)(13,14)(17,22)(18,21)(19,20)(23,24),
      nbP := 24,
      next := ( 1, 7,15,21)( 2, 8,23,24)( 3, 9,17,11)( 4, 5, 6,10)(12,13,14,16)(18,19,20,22) ), rec(
      invers := ( 1, 8)( 2, 9)( 3,10)( 4, 7)( 5, 6)(11,14)(12,13)(15,21)(16,22)(17,20)(18,19)(23,24),
      nbP := 24,
      next := ( 1, 7,14,20)( 2, 8,15,11)( 3, 9,12,13)( 4, 5, 6,10)(16,21,23,24)(17,18,19,22) ), rec(
      invers := ( 1, 8)( 2, 9)( 3,10)( 4, 7)( 5, 6)(11,14)(12,13)(15,21)(16,22)(17,20)(18,19)(23,24),
      nbP := 24,
      next := ( 1, 7,14,21)( 2, 8,16,11)( 3, 9,12,13)( 4, 5, 6,10)(15,20,23,24)(17,18,19,22) ) ];
