return [ rec(
      invers := ( 1, 9)( 2,10)( 3, 7)( 4, 5)( 6, 8)(11,18)(12,16)(13,14)(15,17)(19,26)(20,24)(21,22)(23,25)
        (27,34)(28,32)(29,30)(31,33)(35,42)(36,40)(37,38)(39,41)(43,50)(44,48)(45,46)(47,49)(51,55)(52,53)
        (54,56)(57,58)(59,60)(61,66)(62,63)(64,65)(67,68)(69,70),
      nbP := 70,
      next := ( 1, 6, 4, 5, 7,15,13,14,16,26)( 2, 9,59,57,58,28,33,34,42,65)( 3, 8,10,66,69,67,68,51,56,11)
        (12,17,18,44,49,36,41,27,20,25)(19,23,21,22,24,31,29,30,32,60)(35,39,37,38,40,50,61,64,62,63)
        (43,47,45,46,48,54,52,53,55,70) ), rec(
      invers := ( 1, 9)( 2,10)( 3, 7)( 4, 5)( 6, 8)(11,18)(12,16)(13,14)(15,17)(19,26)(20,24)(21,22)(23,25)
        (27,34)(28,32)(29,30)(31,33)(35,40)(36,37)(38,39)(41,47)(42,48)(43,44)(45,46)(49,54)(50,51)(52,53)
        (55,62)(56,60)(57,58)(59,61)(63,64)(65,66)(67,68)(69,70),
      nbP := 70,
      next := ( 1, 6, 4, 5, 7,15,13,14,16,26)( 2, 9,65,63,64,55,49,52,50,51)( 3, 8,10,53,41,45,43,44,35,11)
        (12,17,18,38,36,37,28,33,20,25)(19,23,21,22,24,34,56,61,62,66)(27,31,29,30,32,39,40,46,48,70)
        (42,47,54,59,57,58,60,69,67,68) ), rec(
      invers := ( 1, 9)( 2,10)( 3, 7)( 4, 5)( 6, 8)(11,18)(12,16)(13,14)(15,17)(19,26)(20,24)(21,22)(23,25)
        (27,34)(28,32)(29,30)(31,33)(35,42)(36,40)(37,38)(39,41)(43,50)(44,48)(45,46)(47,49)(51,58)(52,56)
        (53,54)(55,57)(59,60)(61,62)(63,64)(65,66)(67,68)(69,70),
      nbP := 70,
      next := ( 1, 6, 4, 5, 7,15,13,14,16,62)( 2, 9,20,25,26,31,29,30,32,66)( 3, 8,10,51,43,36,41,27,19,11)
        (12,17,18,23,21,22,24,61,59,60)(28,33,34,42,52,57,58,65,63,64)(35,39,37,38,40,47,45,46,48,70)
        (44,49,50,55,53,54,56,69,67,68) ), rec(
      invers := ( 1, 9)( 2,10)( 3, 7)( 4, 5)( 6, 8)(11,18)(12,16)(13,14)(15,17)(19,25)(20,26)(21,22)(23,24)
        (27,33)(28,34)(29,30)(31,32)(35,42)(36,40)(37,38)(39,41)(43,50)(44,48)(45,46)(47,49)(51,57)(52,58)
        (53,54)(55,56)(59,60)(61,62)(63,64)(65,66)(67,68)(69,70),
      nbP := 70,
      next := ( 1, 6, 4, 5, 7,15,13,14,16,66)( 2, 9,28,33,39,37,38,40,50,70)( 3, 8,10,52,57,19,23,21,22,11)
        (12,17,18,24,26,32,34,65,63,64)(20,25,61,59,60,35,27,31,29,30)(36,41,42,62,51,55,53,54,44,49)
        (43,47,45,46,48,56,58,69,67,68) ), rec(
      invers := ( 1, 9)( 2,10)( 3, 7)( 4, 5)( 6, 8)(11,18)(12,16)(13,14)(15,17)(19,26)(20,24)(21,22)(23,25)
        (27,34)(28,32)(29,30)(31,33)(35,40)(36,37)(38,39)(41,48)(42,46)(43,44)(45,47)(49,54)(50,51)(52,53)
        (55,60)(56,57)(58,59)(61,66)(62,63)(64,65)(67,68)(69,70),
      nbP := 70,
      next := ( 1, 6, 4, 5, 7,18,58,56,57,49)( 2, 9,52,50,51,41,35,38,36,37)( 3, 8,10,39,28,33,20,25,12,17)
        (11,15,13,14,16,26,64,62,63,55)(19,23,21,22,24,34,69,67,68,61)(27,31,29,30,32,40,45,43,44,46)
        (42,47,48,53,54,59,60,65,66,70) ) ];
