return [ rec(
      invers := ( 1,13)( 2,14)( 3,15)( 4,16)( 5,17)( 6,18)( 7,11)( 8,10)( 9,12)(19,30)(20,31)(21,32)(22,33)
        (23,34)(24,28)(25,27)(26,29)(35,43)(36,44)(37,45)(38,46)(39,41)(40,42)(47,58)(48,59)(49,60)(50,61)
        (51,62)(52,56)(53,55)(54,57)(63,70)(64,71)(65,72)(66,68)(67,69)(73,79)(74,80)(75,77)(76,78)(81,83)
        (82,84)(85,87)(86,88),
      nbP := 88,
      next := ( 1, 9,10,11)( 2,13,76,77)( 3,14,75,78)( 4,15,80,63)( 5,16,35,20)( 6,17,30,73)( 7, 8,12,18)
        (19,26,27,28)(21,31,40,41)(22,32,39,42)(23,33,46,61)(24,25,29,34)(36,43,67,68)(37,44,66,69)
        (38,45,72,51)(47,54,55,56)(48,58,74,79)(49,59,82,83)(50,60,81,84)(52,53,57,62)(64,70,86,87)
        (65,71,85,88) ), rec(
      invers := ( 1,13)( 2,14)( 3,15)( 4,16)( 5,17)( 6,18)( 7,11)( 8,10)( 9,12)(19,30)(20,31)(21,32)(22,33)
        (23,34)(24,28)(25,27)(26,29)(35,43)(36,44)(37,45)(38,46)(39,41)(40,42)(47,55)(48,56)(49,57)(50,58)
        (51,53)(52,54)(59,70)(60,71)(61,72)(62,73)(63,74)(64,68)(65,67)(66,69)(75,80)(76,78)(77,79)(81,83)
        (82,84)(85,87)(86,88),
      nbP := 88,
      next := ( 1, 9,10,11)( 2,13,86,87)( 3,14,85,88)( 4,15,60,70)( 5,16,35,20)( 6,17,30,80)( 7, 8,12,18)
        (19,26,27,28)(21,31,40,41)(22,32,39,42)(23,33,46,58)(24,25,29,34)(36,43,61,47)(37,44,52,53)
        (38,45,51,54)(48,55,71,75)(49,56,77,78)(50,57,76,79)(59,66,67,68)(62,72,82,83)(63,73,81,84)
        (64,65,69,74) ), rec(
      invers := ( 1,13)( 2,14)( 3,15)( 4,16)( 5,17)( 6,18)( 7,11)( 8,10)( 9,12)(19,30)(20,31)(21,32)(22,33)
        (23,34)(24,28)(25,27)(26,29)(35,43)(36,44)(37,45)(38,46)(39,41)(40,42)(47,55)(48,56)(49,57)(50,58)
        (51,53)(52,54)(59,70)(60,71)(61,72)(62,73)(63,74)(64,68)(65,67)(66,69)(75,80)(76,78)(77,79)(81,83)
        (82,84)(85,87)(86,88),
      nbP := 88,
      next := ( 1, 9,10,11)( 2,13,60,70)( 3,14,82,83)( 4,15,81,84)( 5,16,35,20)( 6,17,30,80)( 7, 8,12,18)
        (19,26,27,28)(21,31,40,41)(22,32,39,42)(23,33,46,58)(24,25,29,34)(36,43,63,47)(37,44,52,53)
        (38,45,51,54)(48,55,73,75)(49,56,77,78)(50,57,76,79)(59,66,67,68)(61,71,86,87)(62,72,85,88)
        (64,65,69,74) ), rec(
      invers := ( 1,13)( 2,14)( 3,15)( 4,16)( 5,17)( 6,18)( 7,11)( 8,10)( 9,12)(19,30)(20,31)(21,32)(22,33)
        (23,34)(24,28)(25,27)(26,29)(35,46)(36,47)(37,48)(38,49)(39,50)(40,44)(41,43)(42,45)(51,61)(52,62)
        (53,63)(54,64)(55,59)(56,58)(57,60)(65,71)(66,72)(67,69)(68,70)(73,78)(74,76)(75,77)(79,84)(80,82)
        (81,83)(85,87)(86,88),
      nbP := 88,
      next := ( 1, 9,10,11)( 2,13,68,69)( 3,14,67,70)( 4,15,72,52)( 5,16,36,20)( 6,17,30,65)( 7, 8,12,18)
        (19,26,27,28)(21,31,46,73)(22,32,75,76)(23,33,74,77)(24,25,29,34)(35,42,43,44)(37,47,61,79)
        (38,48,81,82)(39,49,80,83)(40,41,45,50)(51,57,58,59)(53,62,86,87)(54,63,85,88)(55,56,60,64)
        (66,71,78,84) ), rec(
      invers := ( 1,13)( 2,14)( 3,15)( 4,16)( 5,17)( 6,18)( 7,11)( 8,10)( 9,12)(19,30)(20,31)(21,32)(22,33)
        (23,34)(24,28)(25,27)(26,29)(35,46)(36,47)(37,48)(38,49)(39,50)(40,44)(41,43)(42,45)(51,57)(52,58)
        (53,55)(54,56)(59,70)(60,71)(61,72)(62,73)(63,74)(64,68)(65,67)(66,69)(75,80)(76,78)(77,79)(81,83)
        (82,84)(85,87)(86,88),
      nbP := 88,
      next := ( 1, 9,10,11)( 2,13,54,55)( 3,14,53,56)( 4,15,58,71)( 5,16,37,20)( 6,17,30,51)( 7, 8,12,18)
        (19,26,27,28)(21,31,47,75)(22,32,77,78)(23,33,76,79)(24,25,29,34)(35,42,43,44)(36,46,60,70)
        (38,48,82,83)(39,49,81,84)(40,41,45,50)(52,57,80,61)(59,66,67,68)(62,72,86,87)(63,73,85,88)
        (64,65,69,74) ), rec(
      invers := ( 1,13)( 2,14)( 3,15)( 4,16)( 5,17)( 6,18)( 7,11)( 8,10)( 9,12)(19,30)(20,31)(21,32)(22,33)
        (23,34)(24,28)(25,27)(26,29)(35,43)(36,44)(37,45)(38,46)(39,41)(40,42)(47,55)(48,56)(49,57)(50,58)
        (51,53)(52,54)(59,67)(60,68)(61,69)(62,70)(63,65)(64,66)(71,79)(72,80)(73,77)(74,76)(75,78)(81,83)
        (82,84)(85,87)(86,88),
      nbP := 88,
      next := ( 1, 9,10,11)( 2,13,47,35)( 3,14,40,41)( 4,15,39,42)( 5,16,46,23)( 6,17,33,72)( 7, 8,12,18)
        (19,26,27,28)(20,30,60,67)(21,31,86,87)(22,32,85,88)(24,25,29,34)(36,43,52,53)(37,44,51,54)
        (38,45,58,70)(48,55,79,59)(49,56,64,65)(50,57,63,66)(61,68,82,83)(62,69,81,84)(71,75,76,77)
        (73,74,78,80) ), rec(
      invers := ( 1,18)( 2,12)( 3,13)( 4,14)( 5,15)( 6,16)( 7, 9)( 8,10)(11,17)(19,34)(20,29)(21,30)(22,31)
        (23,32)(24,26)(25,27)(28,33)(35,50)(36,45)(37,46)(38,47)(39,48)(40,42)(41,43)(44,49)(51,57)(52,58)
        (53,59)(54,55)(56,60)(61,68)(62,69)(63,70)(64,71)(65,66)(67,72)(73,77)(74,75)(76,78)(79,83)(80,81)
        (82,84)(85,86)(87,88),
      nbP := 88,
      next := ( 1,11, 8, 9)( 2,17,18,78)( 3,12,76,74)( 4,13,75,61)( 5,14,72,51)( 6,15,60,21)( 7,10,16,29)
        (19,28,25,26)(20,33,34,73)(22,30,56,54)(23,31,55,37)(24,27,32,45)(35,44,41,42)(36,49,50,83)
        (38,46,59,84)(39,47,82,80)(40,43,48,81)(52,57,67,65)(53,58,66,71)(62,68,77,88)(63,69,87,85)
        (64,70,86,79) ), rec(
      invers := ( 1,18)( 2,12)( 3,13)( 4,14)( 5,15)( 6,16)( 7, 9)( 8,10)(11,17)(19,34)(20,29)(21,30)(22,31)
        (23,32)(24,26)(25,27)(28,33)(35,50)(36,45)(37,46)(38,47)(39,48)(40,42)(41,43)(44,49)(51,64)(52,60)
        (53,61)(54,62)(55,57)(56,58)(59,63)(65,70)(66,71)(67,68)(69,72)(73,77)(74,75)(76,78)(79,83)(80,81)
        (82,84)(85,86)(87,88),
      nbP := 88,
      next := ( 1,11, 8, 9)( 2,17,18,72)( 3,12,69,67)( 4,13,68,71)( 5,14,88,53)( 6,15,37,21)( 7,10,16,29)
        (19,28,25,26)(20,33,34,65)(22,30,45,78)(23,31,76,74)(24,27,32,75)(35,44,41,42)(36,49,50,73)
        (38,46,60,84)(39,47,82,80)(40,43,48,81)(51,59,56,57)(52,63,64,79)(54,61,87,85)(55,58,62,86)
        (66,70,77,83) ), rec(
      invers := ( 1,11)( 2,18)( 3,13)( 4,14)( 5,15)( 6,16)( 7, 9)( 8,10)(12,17)(19,28)(20,34)(21,30)(22,31)
        (23,32)(24,26)(25,27)(29,33)(35,43)(36,48)(37,45)(38,46)(39,41)(40,42)(44,47)(49,58)(50,64)(51,60)
        (52,61)(53,62)(54,56)(55,57)(59,63)(65,70)(66,71)(67,68)(69,72)(73,77)(74,75)(76,78)(79,83)(80,81)
        (82,84)(85,86)(87,88),
      nbP := 88,
      next := ( 1, 8, 9,30)( 2,12,11,72)( 3,17,18,69)( 4,13,67,52)( 5,14,60,79)( 6,15,84,38)( 7,10,16,22)
        (19,25,26,74)(20,29,28,75)(21,33,34,65)(23,31,45,78)(24,27,32,76)(35,40,41,80)(36,44,43,81)
        (37,47,48,73)(39,42,46,82)(49,55,56,87)(50,59,58,85)(51,63,64,86)(53,61,68,71)(54,57,62,88)
        (66,70,77,83) ), rec(
      invers := ( 1,11)( 2,18)( 3,13)( 4,14)( 5,15)( 6,16)( 7, 9)( 8,10)(12,17)(19,28)(20,34)(21,30)(22,31)
        (23,32)(24,26)(25,27)(29,33)(35,43)(36,48)(37,45)(38,46)(39,41)(40,42)(44,47)(49,58)(50,64)(51,60)
        (52,61)(53,62)(54,56)(55,57)(59,63)(65,69)(66,67)(68,70)(71,76)(72,77)(73,74)(75,78)(79,83)(80,81)
        (82,84)(85,86)(87,88),
      nbP := 88,
      next := ( 1, 8, 9,30)( 2,12,11,69)( 3,17,18,88)( 4,13,87,52)( 5,14,60,71)( 6,15,78,38)( 7,10,16,22)
        (19,25,26,68)(20,29,28,66)(21,33,34,67)(23,31,45,65)(24,27,32,70)(35,40,41,73)(36,44,43,74)
        (37,47,48,77)(39,42,46,75)(49,55,56,82)(50,59,58,80)(51,63,64,81)(53,61,85,79)(54,57,62,84)
        (72,76,83,86) ), rec(
      invers := ( 1,11)( 2,18)( 3,13)( 4,14)( 5,15)( 6,16)( 7, 9)( 8,10)(12,17)(19,28)(20,34)(21,30)(22,31)
        (23,32)(24,26)(25,27)(29,33)(35,43)(36,48)(37,45)(38,46)(39,41)(40,42)(44,47)(49,58)(50,64)(51,60)
        (52,61)(53,62)(54,56)(55,57)(59,63)(65,69)(66,67)(68,70)(71,76)(72,77)(73,74)(75,78)(79,83)(80,81)
        (82,84)(85,86)(87,88),
      nbP := 88,
      next := ( 1, 8, 9,30)( 2,12,11,70)( 3,17,18,68)( 4,13,66,53)( 5,14,61,84)( 6,15,82,38)( 7,10,16,22)
        (19,25,26,74)(20,29,28,77)(21,33,34,65)(23,31,45,75)(24,27,32,73)(35,40,41,81)(36,44,43,71)
        (37,47,48,78)(39,42,46,80)(49,55,56,69)(50,59,58,88)(51,63,64,87)(52,60,85,79)(54,57,62,67)
        (72,76,83,86) ), rec(
      invers := ( 1,11)( 2,18)( 3,13)( 4,14)( 5,15)( 6,16)( 7, 9)( 8,10)(12,17)(19,28)(20,34)(21,30)(22,31)
        (23,32)(24,26)(25,27)(29,33)(35,43)(36,48)(37,45)(38,46)(39,41)(40,42)(44,47)(49,58)(50,64)(51,60)
        (52,61)(53,62)(54,56)(55,57)(59,63)(65,70)(66,71)(67,68)(69,72)(73,77)(74,75)(76,78)(79,83)(80,81)
        (82,84)(85,86)(87,88),
      nbP := 88,
      next := ( 1, 8, 9,30)( 2,12,11,79)( 3,17,18,53)( 4,13,61,87)( 5,14,85,73)( 6,15,78,38)( 7,10,16,22)
        (19,25,26,67)(20,29,28,68)(21,33,34,71)(23,31,45,72)(24,27,32,69)(35,40,41,74)(36,44,43,75)
        (37,47,48,65)(39,42,46,76)(49,55,56,82)(50,59,58,80)(51,63,64,81)(52,60,83,88)(54,57,62,84)
        (66,70,77,86) ), rec(
      invers := ( 1,11)( 2,18)( 3,13)( 4,14)( 5,15)( 6,16)( 7, 9)( 8,10)(12,17)(19,28)(20,34)(21,30)(22,31)
        (23,32)(24,26)(25,27)(29,33)(35,43)(36,48)(37,45)(38,46)(39,41)(40,42)(44,47)(49,57)(50,62)(51,59)
        (52,60)(53,55)(54,56)(58,61)(63,70)(64,71)(65,67)(66,68)(69,72)(73,77)(74,75)(76,78)(79,83)(80,81)
        (82,84)(85,86)(87,88),
      nbP := 88,
      next := ( 1, 8, 9,30)( 2,12,11,72)( 3,17,18,69)( 4,13,66,67)( 5,14,79,52)( 6,15,39,42)( 7,10,16,22)
        (19,25,26,74)(20,29,28,75)(21,33,34,63)(23,31,46,78)(24,27,32,76)(35,40,41,59)(36,44,43,83)
        (37,47,48,88)(38,45,87,73)(49,54,55,82)(50,58,57,80)(51,61,62,81)(53,56,60,84)(64,70,77,85)
        (65,68,71,86) ), rec(
      invers := ( 1,11)( 2,18)( 3,13)( 4,14)( 5,15)( 6,16)( 7, 9)( 8,10)(12,17)(19,28)(20,34)(21,30)(22,31)
        (23,32)(24,26)(25,27)(29,33)(35,43)(36,48)(37,45)(38,46)(39,41)(40,42)(44,47)(49,57)(50,62)(51,59)
        (52,60)(53,55)(54,56)(58,61)(63,70)(64,71)(65,67)(66,68)(69,72)(73,77)(74,75)(76,78)(79,83)(80,81)
        (82,84)(85,86)(87,88),
      nbP := 88,
      next := ( 1, 8, 9,30)( 2,12,11,72)( 3,17,18,69)( 4,13,66,67)( 5,14,84,52)( 6,15,39,42)( 7,10,16,22)
        (19,25,26,74)(20,29,28,75)(21,33,34,63)(23,31,46,78)(24,27,32,76)(35,40,41,59)(36,44,43,88)
        (37,47,48,87)(38,45,85,73)(49,54,55,80)(50,58,57,81)(51,61,62,83)(53,56,60,82)(64,70,77,86)
        (65,68,71,79) ), rec(
      invers := ( 1,11)( 2,18)( 3,13)( 4,14)( 5,15)( 6,16)( 7, 9)( 8,10)(12,17)(19,28)(20,34)(21,30)(22,31)
        (23,32)(24,26)(25,27)(29,33)(35,43)(36,48)(37,45)(38,46)(39,41)(40,42)(44,47)(49,57)(50,62)(51,59)
        (52,60)(53,55)(54,56)(58,61)(63,67)(64,65)(66,68)(69,73)(70,71)(72,74)(75,81)(76,83)(77,79)(78,80)
        (82,84)(85,86)(87,88),
      nbP := 88,
      next := ( 1, 8, 9,30)( 2,12,11,67)( 3,17,18,84)( 4,13,82,81)( 5,14,69,52)( 6,15,39,42)( 7,10,16,22)
        (19,25,26,66)(20,29,28,64)(21,33,34,65)(23,31,46,63)(24,27,32,68)(35,40,41,59)(36,44,43,73)
        (37,47,48,88)(38,45,87,76)(49,54,55,72)(50,58,57,70)(51,61,62,71)(53,56,60,74)(75,78,79,86)
        (77,80,83,85) ), rec(
      invers := ( 1,11)( 2,18)( 3,13)( 4,14)( 5,15)( 6,16)( 7, 9)( 8,10)(12,17)(19,28)(20,34)(21,30)(22,31)
        (23,32)(24,26)(25,27)(29,33)(35,44)(36,50)(37,46)(38,47)(39,48)(40,42)(41,43)(45,49)(51,60)(52,66)
        (53,62)(54,63)(55,64)(56,58)(57,59)(61,65)(67,72)(68,73)(69,70)(71,74)(75,76)(77,78)(79,83)(80,81)
        (82,84)(85,86)(87,88),
      nbP := 88,
      next := ( 1, 8, 9,31)( 2,12,11,74)( 3,17,18,71)( 4,13,69,54)( 5,14,62,79)( 6,15,38,46)( 7,10,16,23)
        (19,25,26,47)(20,29,28,84)(21,33,34,82)(22,30,80,67)(24,27,32,39)(35,41,42,77)(36,45,44,75)
        (37,49,50,76)(40,43,48,78)(51,57,58,87)(52,61,60,85)(53,65,66,86)(55,63,70,73)(56,59,64,88)
        (68,72,81,83) ), rec(
      invers := ( 1,11)( 2,18)( 3,13)( 4,14)( 5,15)( 6,16)( 7, 9)( 8,10)(12,17)(19,28)(20,34)(21,30)(22,31)
        (23,32)(24,26)(25,27)(29,33)(35,44)(36,50)(37,46)(38,47)(39,48)(40,42)(41,43)(45,49)(51,60)(52,66)
        (53,62)(54,63)(55,64)(56,58)(57,59)(61,65)(67,68)(69,70)(71,77)(72,74)(73,75)(76,78)(79,83)(80,81)
        (82,84)(85,86)(87,88),
      nbP := 88,
      next := ( 1, 8, 9,31)( 2,12,11,79)( 3,17,18,55)( 4,13,63,87)( 5,14,85,71)( 6,15,38,46)( 7,10,16,23)
        (19,25,26,47)(20,29,28,78)(21,33,34,76)(22,30,73,74)(24,27,32,39)(35,41,42,69)(36,45,44,67)
        (37,49,50,68)(40,43,48,70)(51,57,58,82)(52,61,60,80)(53,65,66,81)(54,62,83,88)(56,59,64,84)
        (72,75,77,86) ), rec(
      invers := ( 1,11)( 2,18)( 3,13)( 4,14)( 5,15)( 6,16)( 7, 9)( 8,10)(12,17)(19,28)(20,34)(21,30)(22,31)
        (23,32)(24,26)(25,27)(29,33)(35,44)(36,50)(37,46)(38,47)(39,48)(40,42)(41,43)(45,49)(51,60)(52,66)
        (53,62)(54,63)(55,64)(56,58)(57,59)(61,65)(67,71)(68,69)(70,72)(73,77)(74,75)(76,78)(79,83)(80,81)
        (82,84)(85,86)(87,88),
      nbP := 88,
      next := ( 1, 8, 9,31)( 2,12,11,88)( 3,17,18,87)( 4,13,85,79)( 5,14,55,38)( 6,15,46,67)( 7,10,16,23)
        (19,25,26,70)(20,29,28,68)(21,33,34,69)(22,30,71,77)(24,27,32,72)(35,41,42,76)(36,45,44,74)
        (37,49,50,75)(39,47,63,73)(40,43,48,78)(51,57,58,82)(52,61,60,80)(53,65,66,81)(54,62,83,86)
        (56,59,64,84) ), rec(
      invers := ( 1,11)( 2,18)( 3,13)( 4,14)( 5,15)( 6,16)( 7, 9)( 8,10)(12,17)(19,28)(20,34)(21,30)(22,31)
        (23,32)(24,26)(25,27)(29,33)(35,44)(36,50)(37,46)(38,47)(39,48)(40,42)(41,43)(45,49)(51,60)(52,66)
        (53,62)(54,63)(55,64)(56,58)(57,59)(61,65)(67,71)(68,69)(70,72)(73,77)(74,75)(76,78)(79,83)(80,81)
        (82,84)(85,86)(87,88),
      nbP := 88,
      next := ( 1, 8, 9,31)( 2,12,11,79)( 3,17,18,55)( 4,13,63,87)( 5,14,85,38)( 6,15,46,67)( 7,10,16,23)
        (19,25,26,70)(20,29,28,68)(21,33,34,69)(22,30,71,77)(24,27,32,72)(35,41,42,76)(36,45,44,74)
        (37,49,50,75)(39,47,86,73)(40,43,48,78)(51,57,58,82)(52,61,60,80)(53,65,66,81)(54,62,83,88)
        (56,59,64,84) ), rec(
      invers := ( 1,11)( 2,18)( 3,13)( 4,14)( 5,15)( 6,16)( 7, 9)( 8,10)(12,17)(19,28)(20,34)(21,30)(22,31)
        (23,32)(24,26)(25,27)(29,33)(35,44)(36,50)(37,46)(38,47)(39,48)(40,42)(41,43)(45,49)(51,60)(52,66)
        (53,62)(54,63)(55,64)(56,58)(57,59)(61,65)(67,71)(68,69)(70,72)(73,77)(74,75)(76,78)(79,83)(80,81)
        (82,84)(85,86)(87,88),
      nbP := 88,
      next := ( 1, 8, 9,31)( 2,12,11,72)( 3,17,18,70)( 4,13,68,55)( 5,14,63,39)( 6,15,47,73)( 7,10,16,23)
        (19,25,26,76)(20,29,28,74)(21,33,34,75)(22,30,77,67)(24,27,32,78)(35,41,42,82)(36,45,44,80)
        (37,49,50,81)(38,46,83,86)(40,43,48,84)(51,57,58,71)(52,61,60,88)(53,65,66,87)(54,62,85,79)
        (56,59,64,69) ), rec(
      invers := ( 1,11)( 2,18)( 3,13)( 4,14)( 5,15)( 6,16)( 7, 9)( 8,10)(12,17)(19,28)(20,34)(21,30)(22,31)
        (23,32)(24,26)(25,27)(29,33)(35,44)(36,50)(37,46)(38,47)(39,48)(40,42)(41,43)(45,49)(51,60)(52,66)
        (53,62)(54,63)(55,64)(56,58)(57,59)(61,65)(67,71)(68,69)(70,72)(73,77)(74,75)(76,78)(79,83)(80,81)
        (82,84)(85,86)(87,88),
      nbP := 88,
      next := ( 1, 8, 9,31)( 2,12,11,83)( 3,17,18,88)( 4,13,87,38)( 5,14,46,82)( 6,15,80,67)( 7,10,16,23)
        (19,25,26,70)(20,29,28,68)(21,33,34,69)(22,30,71,81)(24,27,32,72)(35,41,42,63)(36,45,44,79)
        (37,49,50,84)(39,47,85,73)(40,43,48,55)(51,57,58,76)(52,61,60,74)(53,65,66,75)(54,62,77,86)
        (56,59,64,78) ), rec(
      invers := ( 1,11)( 2,12)( 3,18)( 4,14)( 5,15)( 6,16)( 7, 9)( 8,10)(13,17)(19,27)(20,29)(21,30)(22,31)
        (23,25)(24,26)(28,32)(33,42)(34,48)(35,44)(36,45)(37,46)(38,40)(39,41)(43,47)(49,58)(50,59)(51,64)
        (52,61)(53,62)(54,56)(55,57)(60,63)(65,70)(66,74)(67,72)(68,69)(71,73)(75,76)(77,78)(79,83)(80,81)
        (82,84)(85,86)(87,88),
      nbP := 88,
      next := ( 1, 8, 9,27)( 2,11,53,61)( 3,13,12,80)( 4,17,18,81)( 5,14,83,86)( 6,15,20,32)( 7,10,16,28)
        (19,24,25,76)(21,29,65,33)(22,30,39,40)(23,26,31,75)(34,43,42,68)(35,47,48,69)(36,44,54,57)
        (37,45,62,78)(38,41,46,77)(49,55,56,72)(50,58,85,79)(51,60,59,84)(52,63,64,82)(66,71,70,88)
        (67,73,74,87) ), rec(
      invers := ( 1,11)( 2,12)( 3,18)( 4,14)( 5,15)( 6,16)( 7, 9)( 8,10)(13,17)(19,27)(20,29)(21,30)(22,31)
        (23,25)(24,26)(28,32)(33,42)(34,48)(35,44)(36,45)(37,46)(38,40)(39,41)(43,47)(49,58)(50,59)(51,64)
        (52,61)(53,62)(54,56)(55,57)(60,63)(65,71)(66,73)(67,69)(68,70)(72,74)(75,76)(77,78)(79,83)(80,81)
        (82,84)(85,86)(87,88),
      nbP := 88,
      next := ( 1, 8, 9,27)( 2,11,53,61)( 3,13,12,80)( 4,17,18,81)( 5,14,83,66)( 6,15,20,32)( 7,10,16,28)
        (19,24,25,76)(21,29,74,33)(22,30,39,40)(23,26,31,75)(34,43,42,72)(35,47,48,71)(36,44,54,57)
        (37,45,62,78)(38,41,46,77)(49,55,56,88)(50,58,87,79)(51,60,59,84)(52,63,64,82)(65,68,69,86)
        (67,70,73,85) ), rec(
      invers := ( 1,11)( 2,12)( 3,18)( 4,14)( 5,15)( 6,16)( 7, 9)( 8,10)(13,17)(19,27)(20,29)(21,30)(22,31)
        (23,25)(24,26)(28,32)(33,42)(34,48)(35,44)(36,45)(37,46)(38,40)(39,41)(43,47)(49,58)(50,59)(51,64)
        (52,61)(53,62)(54,56)(55,57)(60,63)(65,71)(66,68)(67,69)(70,72)(73,77)(74,75)(76,78)(79,83)(80,81)
        (82,84)(85,86)(87,88),
      nbP := 88,
      next := ( 1, 8, 9,27)( 2,11,77,88)( 3,13,12,87)( 4,17,18,79)( 5,14,84,65)( 6,15,20,32)( 7,10,16,28)
        (19,24,25,75)(21,29,72,33)(22,30,39,40)(23,26,31,74)(34,43,42,70)(35,47,48,52)(36,44,63,64)
        (37,45,73,78)(38,41,46,76)(49,55,56,81)(50,58,83,85)(51,60,59,86)(53,61,67,68)(54,57,62,80)
        (66,69,71,82) ), rec(
      invers := ( 1,11)( 2,12)( 3,18)( 4,14)( 5,15)( 6,16)( 7, 9)( 8,10)(13,17)(19,27)(20,29)(21,30)(22,31)
        (23,25)(24,26)(28,32)(33,42)(34,48)(35,44)(36,45)(37,46)(38,40)(39,41)(43,47)(49,58)(50,59)(51,64)
        (52,61)(53,62)(54,56)(55,57)(60,63)(65,69)(66,67)(68,70)(71,72)(73,74)(75,81)(76,83)(77,79)(78,80)
        (82,84)(85,86)(87,88),
      nbP := 88,
      next := ( 1, 8, 9,27)( 2,11,69,88)( 3,13,12,87)( 4,17,18,76)( 5,14,50,58)( 6,15,20,32)( 7,10,16,28)
        (19,24,25,67)(21,29,74,33)(22,30,39,40)(23,26,31,66)(34,43,42,73)(35,47,48,53)(36,44,61,81)
        (37,45,65,70)(38,41,46,68)(49,55,56,72)(51,60,59,84)(52,63,64,82)(54,57,62,71)(75,78,79,86)
        (77,80,83,85) ), rec(
      invers := ( 1,11)( 2,12)( 3,18)( 4,14)( 5,15)( 6,16)( 7, 9)( 8,10)(13,17)(19,27)(20,29)(21,30)(22,31)
        (23,25)(24,26)(28,32)(33,42)(34,43)(35,48)(36,45)(37,46)(38,40)(39,41)(44,47)(49,58)(50,64)(51,60)
        (52,61)(53,62)(54,56)(55,57)(59,63)(65,70)(66,68)(67,69)(71,72)(73,77)(74,75)(76,78)(79,83)(80,81)
        (82,84)(85,86)(87,88),
      nbP := 88,
      next := ( 1, 8, 9,27)( 2,11,77,83)( 3,13,12,88)( 4,17,18,87)( 5,14,66,69)( 6,15,20,32)( 7,10,16,28)
        (19,24,25,75)(21,29,49,36)(22,30,47,48)(23,26,31,74)(33,39,40,81)(34,42,73,78)(35,44,43,76)
        (37,45,55,56)(38,41,46,80)(50,59,58,72)(51,63,64,71)(52,60,70,86)(53,61,79,84)(54,57,62,82)
        (65,67,68,85) ), rec(
      invers := ( 1,11)( 2,12)( 3,18)( 4,14)( 5,15)( 6,16)( 7, 9)( 8,10)(13,17)(19,27)(20,29)(21,30)(22,31)
        (23,25)(24,26)(28,32)(33,42)(34,43)(35,48)(36,45)(37,46)(38,40)(39,41)(44,47)(49,56)(50,57)(51,59)
        (52,54)(53,55)(58,60)(61,68)(62,70)(63,71)(64,66)(65,67)(69,72)(73,77)(74,75)(76,78)(79,83)(80,81)
        (82,84)(85,86)(87,88),
      nbP := 88,
      next := ( 1, 8, 9,27)( 2,11,77,62)( 3,13,12,72)( 4,17,18,69)( 5,14,68,51)( 6,15,20,32)( 7,10,16,28)
        (19,24,25,75)(21,29,60,36)(22,30,47,48)(23,26,31,74)(33,39,40,86)(34,42,73,78)(35,44,43,76)
        (37,45,58,57)(38,41,46,85)(49,53,54,81)(50,56,83,87)(52,55,59,80)(61,65,66,82)(63,70,88,79)
        (64,67,71,84) ), rec(
      invers := ( 1,11)( 2,12)( 3,18)( 4,14)( 5,15)( 6,16)( 7, 9)( 8,10)(13,17)(19,27)(20,29)(21,30)(22,31)
        (23,25)(24,26)(28,32)(33,42)(34,43)(35,48)(36,45)(37,46)(38,40)(39,41)(44,47)(49,55)(50,57)(51,53)
        (52,54)(56,58)(59,66)(60,68)(61,69)(62,64)(63,65)(67,70)(71,76)(72,80)(73,78)(74,75)(77,79)(81,82)
        (83,84)(85,86)(87,88),
      nbP := 88,
      next := ( 1, 8, 9,27)( 2,11,78,60)( 3,13,12,70)( 4,17,18,67)( 5,14,66,50)( 6,15,20,32)( 7,10,16,28)
        (19,24,25,75)(21,29,58,37)(22,30,45,71)(23,26,31,74)(33,39,40,55)(34,42,61,68)(35,44,43,88)
        (36,47,48,87)(38,41,46,56)(49,52,53,82)(51,54,57,81)(59,63,64,83)(62,65,69,84)(72,77,76,85)
        (73,79,80,86) ), rec(
      invers := ( 1,11)( 2,12)( 3,18)( 4,14)( 5,15)( 6,16)( 7, 9)( 8,10)(13,17)(19,27)(20,29)(21,30)(22,31)
        (23,25)(24,26)(28,32)(33,42)(34,43)(35,48)(36,45)(37,46)(38,40)(39,41)(44,47)(49,55)(50,57)(51,53)
        (52,54)(56,58)(59,65)(60,70)(61,67)(62,68)(63,64)(66,69)(71,75)(72,73)(74,76)(77,83)(78,80)(79,81)
        (82,84)(85,86)(87,88),
      nbP := 88,
      next := ( 1, 8, 9,27)( 2,11,72,59)( 3,13,12,63)( 4,17,18,64)( 5,14,68,50)( 6,15,20,32)( 7,10,16,28)
        (19,24,25,74)(21,29,58,37)(22,30,45,71)(23,26,31,76)(33,39,40,55)(34,42,79,80)(35,44,43,85)
        (36,47,48,86)(38,41,46,56)(49,52,53,82)(51,54,57,84)(60,66,65,73)(61,69,70,75)(62,67,88,77)
        (78,81,83,87) ), rec(
      invers := ( 1,11)( 2,12)( 3,18)( 4,14)( 5,15)( 6,16)( 7, 9)( 8,10)(13,17)(19,27)(20,29)(21,30)(22,31)
        (23,25)(24,26)(28,32)(33,42)(34,43)(35,48)(36,45)(37,46)(38,40)(39,41)(44,47)(49,57)(50,58)(51,62)
        (52,60)(53,55)(54,56)(59,61)(63,68)(64,72)(65,70)(66,67)(69,71)(73,77)(74,75)(76,78)(79,83)(80,81)
        (82,84)(85,86)(87,88),
      nbP := 88,
      next := ( 1, 8, 9,27)( 2,11,70,77)( 3,13,12,88)( 4,17,18,87)( 5,14,53,56)( 6,15,20,32)( 7,10,16,28)
        (19,24,25,67)(21,29,60,37)(22,30,45,63)(23,26,31,66)(33,39,40,81)(34,42,83,73)(35,44,43,78)
        (36,47,48,76)(38,41,46,80)(49,54,55,85)(50,57,86,79)(51,59,58,84)(52,61,62,82)(64,69,68,74)
        (65,71,72,75) ), rec(
      invers := ( 1,11)( 2,12)( 3,18)( 4,14)( 5,15)( 6,16)( 7, 9)( 8,10)(13,17)(19,28)(20,29)(21,34)(22,31)
        (23,32)(24,26)(25,27)(30,33)(35,43)(36,44)(37,48)(38,46)(39,41)(40,42)(45,47)(49,57)(50,58)(51,62)
        (52,60)(53,55)(54,56)(59,61)(63,70)(64,71)(65,67)(66,68)(69,72)(73,77)(74,75)(76,78)(79,83)(80,81)
        (82,84)(85,86)(87,88),
      nbP := 88,
      next := ( 1, 8, 9,31)( 2,11,66,67)( 3,13,12,84)( 4,17,18,82)( 5,14,53,56)( 6,15,39,42)( 7,10,16,23)
        (19,25,26,74)(20,28,75,63)(21,30,29,72)(22,33,34,69)(24,27,32,46)(35,40,41,60)(36,43,85,73)
        (37,45,44,78)(38,47,48,76)(49,54,55,80)(50,57,81,83)(51,59,58,88)(52,61,62,87)(64,70,77,86)
        (65,68,71,79) ), rec(
      invers := ( 1,11)( 2,12)( 3,18)( 4,14)( 5,15)( 6,16)( 7, 9)( 8,10)(13,17)(19,28)(20,29)(21,34)(22,31)
        (23,32)(24,26)(25,27)(30,33)(35,44)(36,50)(37,46)(38,47)(39,48)(40,42)(41,43)(45,49)(51,60)(52,61)
        (53,66)(54,63)(55,64)(56,58)(57,59)(62,65)(67,72)(68,76)(69,74)(70,71)(73,75)(77,78)(79,80)(81,82)
        (83,84)(85,86)(87,88),
      nbP := 88,
      next := ( 1, 8, 9,31)( 2,11,52,60)( 3,13,12,88)( 4,17,18,87)( 5,14,67,35)( 6,15,41,42)( 7,10,16,23)
        (19,25,26,79)(20,28,55,63)(21,30,29,81)(22,33,34,82)(24,27,32,80)(36,45,44,70)(37,49,50,71)
        (38,46,56,59)(39,47,64,77)(40,43,48,78)(51,57,58,74)(53,62,61,84)(54,65,66,83)(68,73,72,85)
        (69,75,76,86) ), rec(
      invers := ( 1,11)( 2,12)( 3,18)( 4,14)( 5,15)( 6,16)( 7, 9)( 8,10)(13,17)(19,28)(20,29)(21,34)(22,31)
        (23,32)(24,26)(25,27)(30,33)(35,44)(36,50)(37,46)(38,47)(39,48)(40,42)(41,43)(45,49)(51,57)(52,62)
        (53,59)(54,60)(55,56)(58,61)(63,67)(64,65)(66,68)(69,72)(70,71)(73,74)(75,81)(76,83)(77,79)(78,80)
        (82,84)(85,86)(87,88),
      nbP := 88,
      next := ( 1, 8, 9,31)( 2,11,84,63)( 3,13,12,68)( 4,17,18,66)( 5,14,51,35)( 6,15,41,42)( 7,10,16,23)
        (19,25,26,73)(20,28,72,88)(21,30,29,87)(22,33,34,76)(24,27,32,74)(36,45,44,55)(37,49,50,56)
        (38,46,60,81)(39,47,69,70)(40,43,48,71)(52,58,57,64)(53,61,62,65)(54,59,67,82)(75,78,79,86)
        (77,80,83,85) ), rec(
      invers := ( 1,11)( 2,12)( 3,18)( 4,14)( 5,15)( 6,16)( 7, 9)( 8,10)(13,17)(19,28)(20,29)(21,34)(22,31)
        (23,32)(24,26)(25,27)(30,33)(35,44)(36,45)(37,50)(38,47)(39,48)(40,42)(41,43)(46,49)(51,58)(52,60)
        (53,61)(54,56)(55,57)(59,62)(63,68)(64,69)(65,66)(67,70)(71,77)(72,79)(73,75)(74,76)(78,80)(81,82)
        (83,84)(85,86)(87,88),
      nbP := 88,
      next := ( 1, 8, 9,31)( 2,11,65,52)( 3,13,12,62)( 4,17,18,59)( 5,14,58,39)( 6,15,47,72)( 7,10,16,23)
        (19,25,26,78)(20,28,77,63)(21,30,29,70)(22,33,34,67)(24,27,32,80)(35,41,42,82)(36,44,64,68)
        (37,46,45,88)(38,49,50,87)(40,43,48,81)(51,55,56,83)(53,60,66,69)(54,57,61,84)(71,74,75,86)
        (73,76,79,85) ), rec(
      invers := ( 1,11)( 2,12)( 3,18)( 4,14)( 5,15)( 6,16)( 7, 9)( 8,10)(13,17)(19,28)(20,29)(21,34)(22,31)
        (23,32)(24,26)(25,27)(30,33)(35,44)(36,45)(37,50)(38,47)(39,48)(40,42)(41,43)(46,49)(51,59)(52,60)
        (53,64)(54,62)(55,57)(56,58)(61,63)(65,70)(66,71)(67,68)(69,72)(73,77)(74,75)(76,78)(79,83)(80,81)
        (82,84)(85,86)(87,88),
      nbP := 88,
      next := ( 1, 8, 9,31)( 2,11,63,64)( 3,13,12,78)( 4,17,18,76)( 5,14,40,43)( 6,15,48,69)( 7,10,16,23)
        (19,25,26,68)(20,28,71,84)(21,30,29,82)(22,33,34,54)(24,27,32,67)(35,41,42,74)(36,44,75,77)
        (37,46,45,88)(38,49,50,87)(39,47,65,72)(51,56,57,81)(52,59,83,86)(53,61,60,73)(55,58,62,80)
        (66,70,85,79) ) ];
