return [ rec(
      invers := ( 1, 7)( 2, 8)( 3, 6)( 4, 5)( 9,14)(10,13)(11,12)(15,18)(16,17)(19,22)(20,21)(23,28)(24,27)
        (25,26)(29,30),
      nbP := 30,
      next := ( 1, 6,13,18,22,27)( 2, 7,23,19,20,21)( 3, 4, 5, 8,15, 9)(10,11,12,14,16,17)(24,25,26,28,29,30) 
     ), rec(
      invers := ( 1, 7)( 2, 8)( 3, 6)( 4, 5)( 9,12)(10,11)(13,18)(14,17)(15,16)(19,22)(20,21)(23,28)(24,27)
        (25,26)(29,30),
      nbP := 30,
      next := ( 1, 6,12,17,22,27)( 2, 7,23,19,13, 9)( 3, 4, 5, 8,10,11)(14,15,16,18,20,21)(24,25,26,28,29,30) 
     ) ];
