return [ rec(
      invers := ( 1, 7)( 2, 8)( 3, 5)( 4, 6)( 9,14)(10,12)(11,13)(15,20)(16,18)(17,19)(21,26)(22,24)(23,25)
        (27,32)(28,30)(29,31)(33,38)(34,36)(35,37)(39,44)(40,42)(41,43)(45,50)(46,48)(47,49)(51,56)(52,54)
        (53,55)(57,62)(58,60)(59,61)(63,68)(64,66)(65,67)(69,72)(70,71)(73,74)(75,76)(77,78)(79,80),
      nbP := 80,
      next := ( 1, 4, 5,11,12,17,18,26)( 2, 7,73,34,37,38,41,42)( 3, 6, 8,75,52,55,56, 9)(10,13,14,77,63,65,
         66,15)(16,19,20,79,69,27,22,25)(21,23,24,29,30,35,36,74)(28,31,32,70,57,45,39,33)(40,43,44,47,48,53,
         54,76)(46,49,50,59,60,68,78,51)(58,61,62,71,72,80,64,67) ), rec(
      invers := ( 1, 7)( 2, 8)( 3, 5)( 4, 6)( 9,14)(10,12)(11,13)(15,20)(16,18)(17,19)(21,26)(22,24)(23,25)
        (27,32)(28,30)(29,31)(33,38)(34,36)(35,37)(39,44)(40,42)(41,43)(45,50)(46,48)(47,49)(51,55)(52,56)
        (53,54)(57,62)(58,60)(59,61)(63,68)(64,66)(65,67)(69,72)(70,71)(73,74)(75,76)(77,78)(79,80),
      nbP := 80,
      next := ( 1, 4, 5,11,12,17,18,26)( 2, 7,73,34,37,38,41,42)( 3, 6, 8,75,52,55,77, 9)(10,13,14,78,63,65,
         66,15)(16,19,20,79,69,27,22,25)(21,23,24,29,30,35,36,74)(28,31,32,70,57,45,39,33)(40,43,44,47,48,54,
         56,76)(46,49,50,59,60,68,51,53)(58,61,62,71,72,80,64,67) ), rec(
      invers := ( 1, 7)( 2, 8)( 3, 5)( 4, 6)( 9,14)(10,12)(11,13)(15,20)(16,18)(17,19)(21,26)(22,24)(23,25)
        (27,32)(28,30)(29,31)(33,38)(34,36)(35,37)(39,44)(40,42)(41,43)(45,50)(46,48)(47,49)(51,55)(52,56)
        (53,54)(57,62)(58,60)(59,61)(63,65)(64,66)(67,69)(68,70)(71,72)(73,74)(75,78)(76,77)(79,80),
      nbP := 80,
      next := ( 1, 4, 5,11,12,17,18,26)( 2, 7,71,34,37,38,41,42)( 3, 6, 8,73,52,55,77, 9)(10,13,14,78,79,67,
         70,15)(16,19,20,63,66,27,22,25)(21,23,24,29,30,35,36,72)(28,31,32,58,61,45,39,33)(40,43,44,47,48,54,
         56,74)(46,49,50,62,75,76,51,53)(57,59,60,64,65,68,69,80) ), rec(
      invers := ( 1, 7)( 2, 8)( 3, 5)( 4, 6)( 9,14)(10,12)(11,13)(15,20)(16,18)(17,19)(21,26)(22,24)(23,25)
        (27,32)(28,30)(29,31)(33,38)(34,36)(35,37)(39,44)(40,42)(41,43)(45,50)(46,48)(47,49)(51,54)(52,53)
        (55,57)(56,58)(59,64)(60,62)(61,63)(65,68)(66,67)(69,73)(70,74)(71,72)(75,76)(77,78)(79,80),
      nbP := 80,
      next := ( 1, 4, 5,11,12,17,18,26)( 2, 7,75,34,37,38,41,42)( 3, 6, 8,77,69,71,65, 9)(10,13,14,66,59,55,
         58,15)(16,19,20,51,52,27,22,25)(21,23,24,29,30,35,36,76)(28,31,32,53,46,49,39,33)(40,43,44,50,79,70,
         73,78)(45,47,48,54,56,57,61,62)(60,63,64,67,68,72,74,80) ), rec(
      invers := ( 1, 7)( 2, 8)( 3, 5)( 4, 6)( 9,14)(10,12)(11,13)(15,20)(16,18)(17,19)(21,26)(22,24)(23,25)
        (27,32)(28,30)(29,31)(33,38)(34,36)(35,37)(39,44)(40,42)(41,43)(45,50)(46,48)(47,49)(51,54)(52,53)
        (55,58)(56,57)(59,64)(60,62)(61,63)(65,68)(66,67)(69,73)(70,74)(71,72)(75,76)(77,78)(79,80),
      nbP := 80,
      next := ( 1, 4, 5,11,12,17,18,26)( 2, 7,75,34,37,38,41,42)( 3, 6, 8,77,69,71,65, 9)(10,13,14,66,59,55,
         56,15)(16,19,20,57,51,27,22,25)(21,23,24,29,30,35,36,76)(28,31,32,52,46,49,39,33)(40,43,44,50,79,70,
         73,78)(45,47,48,53,54,58,61,62)(60,63,64,67,68,72,74,80) ) ];
