return [ rec(
      invers := ( 1, 8)( 2, 9)( 3,10)( 4, 7)( 5, 6)(11,17)(12,18)(13,16)(14,15)(19,25)(20,26)(21,24)(22,23)
        (27,33)(28,34)(29,32)(30,31)(35,41)(36,42)(37,40)(38,39)(43,46)(44,45)(47,50)(48,49)(51,54)(52,53)
        (55,58)(56,57)(59,60),
      nbP := 60,
      next := ( 1, 7,16,24,32)( 2, 8,56,57,58)( 3, 9,59,60,51)( 4, 5, 6,10,11)(12,17,52,53,47)(13,14,15,18,19)
        (20,25,48,49,43)(21,22,23,26,27)(28,33,44,45,35)(29,30,31,34,40)(36,41,46,50,54)(37,38,39,42,55) ), 
  rec(
      invers := ( 1, 8)( 2, 9)( 3,10)( 4, 7)( 5, 6)(11,17)(12,18)(13,16)(14,15)(19,25)(20,26)(21,24)(22,23)
        (27,33)(28,34)(29,32)(30,31)(35,41)(36,42)(37,40)(38,39)(43,46)(44,45)(47,50)(48,49)(51,54)(52,53)
        (55,58)(56,57)(59,60),
      nbP := 60,
      next := ( 1, 7,16,24,32)( 2, 8,58,59,60)( 3, 9,51,52,53)( 4, 5, 6,10,11)(12,17,47,48,49)(13,14,15,18,19)
        (20,25,43,44,45)(21,22,23,26,27)(28,33,37,38,39)(29,30,31,34,42)(35,40,46,50,54)(36,41,55,56,57) ), 
  rec(
      invers := ( 1, 8)( 2, 9)( 3,10)( 4, 7)( 5, 6)(11,17)(12,18)(13,16)(14,15)(19,25)(20,26)(21,24)(22,23)
        (27,33)(28,34)(29,32)(30,31)(35,41)(36,42)(37,40)(38,39)(43,46)(44,45)(47,50)(48,49)(51,54)(52,53)
        (55,58)(56,57)(59,60),
      nbP := 60,
      next := ( 1, 7,16,24,32)( 2, 8,56,57,58)( 3, 9,51,52,53)( 4, 5, 6,10,11)(12,17,47,48,49)(13,14,15,18,19)
        (20,25,43,44,45)(21,22,23,26,27)(28,33,37,38,39)(29,30,31,34,42)(35,40,46,50,54)(36,41,59,60,55) ) ];
