return [ rec(
      invers := ( 1,14)( 2,15)( 3,16)( 4,20)( 5,21)( 6,22)( 7,23)( 8,13)( 9,11)(10,18)(12,24)(17,19)(25,36)
        (26,40)(27,41)(28,42)(29,43)(30,35)(31,33)(32,38)(34,44)(37,39)(45,57)(46,58)(47,62)(48,63)(49,64)
        (50,65)(51,56)(52,54)(53,60)(55,66)(59,61)(67,77)(68,73)(69,71)(70,75)(72,78)(74,76)(79,84)(80,82)
        (81,86)(83,88)(85,87)(89,91)(90,94)(92,96)(93,95),
      nbP := 96,
      next := ( 1,13,35)( 2,14,85)( 3,15,84)( 4,17,16)( 5,20,96)( 6,21,67)( 7,22,25)( 8,24,23)( 9,18,12)
        (10,11,19)(26,37,36)(27,40,74)(28,41,46)(29,42,57)(30,44,43)(31,38,34)(32,33,39)(45,56,88)(47,59,58)
        (48,62,73)(49,63,93)(50,64,79)(51,66,65)(52,60,55)(53,54,61)(68,78,77)(69,75,72)(70,71,76)(80,86,83)
        (81,82,87)(89,94,92)(90,91,95) ), rec(
      invers := ( 1,14)( 2,15)( 3,16)( 4,20)( 5,21)( 6,22)( 7,23)( 8,13)( 9,11)(10,18)(12,24)(17,19)(25,36)
        (26,40)(27,41)(28,42)(29,43)(30,35)(31,33)(32,38)(34,44)(37,39)(45,56)(46,57)(47,61)(48,62)(49,63)
        (50,55)(51,53)(52,59)(54,64)(58,60)(65,71)(66,72)(67,69)(68,74)(70,76)(73,75)(77,83)(78,84)(79,81)
        (80,86)(82,88)(85,87)(89,91)(90,94)(92,96)(93,95),
      nbP := 96,
      next := ( 1,13,35)( 2,14,85)( 3,15,84)( 4,17,16)( 5,20,65)( 6,21,76)( 7,22,25)( 8,24,23)( 9,18,12)
        (10,11,19)(26,37,36)(27,40,47)(28,41,58)(29,42,57)(30,44,43)(31,38,34)(32,33,39)(45,55,77)(46,56,88)
        (48,61,73)(49,62,72)(50,64,63)(51,59,54)(52,53,60)(66,71,96)(67,74,70)(68,69,75)(78,83,93)(79,86,82)
        (80,81,87)(89,94,92)(90,91,95) ), rec(
      invers := ( 1,14)( 2,15)( 3,16)( 4,20)( 5,21)( 6,22)( 7,23)( 8,13)( 9,11)(10,18)(12,24)(17,19)(25,36)
        (26,40)(27,41)(28,42)(29,43)(30,35)(31,33)(32,38)(34,44)(37,39)(45,54)(46,55)(47,59)(48,53)(49,51)
        (50,57)(52,60)(56,58)(61,72)(62,73)(63,68)(64,66)(65,70)(67,74)(69,71)(75,86)(76,87)(77,82)(78,80)
        (79,84)(81,88)(83,85)(89,91)(90,94)(92,96)(93,95),
      nbP := 96,
      next := ( 1,13,35)( 2,14,82)( 3,15,61)( 4,17,16)( 5,20,69)( 6,21,47)( 7,22,25)( 8,24,23)( 9,18,12)
        (10,11,19)(26,37,36)(27,40,56)(28,41,55)(29,42,83)(30,44,43)(31,38,34)(32,33,39)(45,53,68)(46,54,75)
        (48,60,59)(49,57,52)(50,51,58)(62,72,96)(63,74,73)(64,70,67)(65,66,71)(76,86,93)(77,88,87)(78,84,81)
        (79,80,85)(89,94,92)(90,91,95) ), rec(
      invers := ( 1,16)( 2,23)( 3,24)( 4,25)( 5,26)( 6,27)( 7,28)( 8,18)( 9,19)(10,20)(11,21)(12,14)(13,15)
        (17,22)(29,42)(30,48)(31,49)(32,50)(33,51)(34,52)(35,44)(36,45)(37,46)(38,40)(39,41)(43,47)(53,64)
        (54,68)(55,69)(56,70)(57,71)(58,72)(59,66)(60,62)(61,63)(65,67)(73,84)(74,80)(75,81)(76,82)(77,78)
        (79,83)(85,92)(86,90)(87,88)(89,91)(93,94)(95,96),
      nbP := 96,
      next := ( 1,13,14)( 2,17,16)( 3,23,79)( 4,24,77)( 5,25,78)( 6,26,82)( 7,27,59)( 8,22,28)( 9,18,35)
        (10,19,47)(11,20,52)(12,15,21)(29,39,40)(30,43,42)(31,48,89)(32,49,87)(33,50,88)(34,51,73)(36,44,67)
        (37,45,72)(38,41,46)(53,61,62)(54,65,64)(55,68,95)(56,69,93)(57,70,94)(58,71,85)(60,63,66)(74,83,84)
        (75,80,90)(76,81,96)(86,91,92) ), rec(
      invers := ( 1,16)( 2,23)( 3,24)( 4,25)( 5,26)( 6,27)( 7,28)( 8,18)( 9,19)(10,20)(11,21)(12,14)(13,15)
        (17,22)(29,43)(30,50)(31,51)(32,52)(33,53)(34,54)(35,45)(36,46)(37,47)(38,48)(39,41)(40,42)(44,49)
        (55,68)(56,75)(57,76)(58,77)(59,78)(60,70)(61,71)(62,72)(63,73)(64,66)(65,67)(69,74)(79,85)(80,86)
        (81,82)(83,84)(87,92)(88,89)(90,91)(93,94)(95,96),
      nbP := 96,
      next := ( 1,13,14)( 2,17,16)( 3,23,84)( 4,24,86)( 5,25,59)( 6,26,33)( 7,27,52)( 8,22,28)( 9,18,83)
        (10,19,81)(11,20,82)(12,15,21)(29,40,41)(30,44,43)(31,50,91)(32,51,79)(34,53,77)(35,49,54)(36,45,90)
        (37,46,88)(38,47,89)(39,42,48)(55,65,66)(56,69,68)(57,75,96)(58,76,87)(60,74,78)(61,70,95)(62,71,93)
        (63,72,94)(64,67,73)(80,85,92) ) ];
