return [ rec(
      invers := ( 1,15)( 2,16)( 3,17)( 4,18)( 5,12)( 6,13)( 7,10)( 8, 9)(11,14)(19,31)(20,32)(21,28)(22,29)
        (23,26)(24,25)(27,30)(33,46)(34,47)(35,48)(36,43)(37,44)(38,41)(39,40)(42,45)(49,54)(50,51)(52,53)
        (55,68)(56,69)(57,70)(58,65)(59,66)(60,63)(61,62)(64,67)(71,76)(72,73)(74,75)(77,83)(78,84)(79,80)
        (81,82)(85,86)(87,88),
      nbP := 88,
      next := ( 1,11,10,31)( 2,15,54,74)( 3,16,72,73)( 4,17,36,45)( 5,14,18,48)( 6,12,49,20)( 7, 8, 9,13)
        (19,27,26,53)(21,30,32,52)(22,28,50,51)(23,24,25,29)(33,42,41,56)(34,46,68,84)(35,47,88,71)
        (37,43,75,76)(38,39,40,44)(55,64,63,82)(57,69,87,77)(58,67,70,81)(59,65,79,80)(60,61,62,66)
        (78,83,85,86) ), rec(
      invers := ( 1,15)( 2,16)( 3,17)( 4,18)( 5,12)( 6,13)( 7,10)( 8, 9)(11,14)(19,31)(20,32)(21,28)(22,29)
        (23,26)(24,25)(27,30)(33,46)(34,47)(35,48)(36,43)(37,44)(38,41)(39,40)(42,45)(49,61)(50,62)(51,58)
        (52,59)(53,56)(54,55)(57,60)(63,69)(64,70)(65,66)(67,68)(71,77)(72,78)(73,74)(75,76)(79,84)(80,81)
        (82,83)(85,86)(87,88),
      nbP := 88,
      next := ( 1,11,10,32)( 2,15,68,70)( 3,16,83,84)( 4,17,36,45)( 5,14,18,48)( 6,12,21,30)( 7, 8, 9,13)
        (19,27,26,67)(20,31,65,66)(22,28,82,63)(23,24,25,29)(33,42,41,62)(34,46,76,78)(35,47,88,79)
        (37,43,51,60)(38,39,40,44)(49,57,56,75)(50,61,73,74)(52,58,87,71)(53,54,55,59)(64,69,80,81)
        (72,77,85,86) ) ];
