return [ rec(
      invers := ( 1,14)( 2,15)( 3,16)( 4,17)( 5,13)( 6, 7)( 8,19)( 9,11)(10,20)(12,18)(21,32)(22,33)(23,31)
        (24,25)(26,35)(27,29)(28,36)(30,34)(37,46)(38,47)(39,40)(41,49)(42,44)(43,50)(45,48)(51,52)(53,59)
        (54,56)(55,60)(57,58),
      nbP := 60,
      next := ( 1,13,31)( 2,14,37)( 3,15,48)( 4,16,21)( 5,18,17)( 6, 7, 8)( 9,19,12)(10,11,20)(22,32,47)
        (23,34,33)(24,25,26)(27,35,30)(28,29,36)(38,46,58)(39,40,41)(42,49,45)(43,44,50)(51,52,53)(54,59,57)
        (55,56,60) ), rec(
      invers := ( 1,14)( 2,15)( 3,16)( 4,17)( 5,13)( 6, 7)( 8,19)( 9,11)(10,20)(12,18)(21,30)(22,31)(23,24)
        (25,33)(26,28)(27,34)(29,32)(35,46)(36,47)(37,45)(38,39)(40,49)(41,43)(42,50)(44,48)(51,52)(53,59)
        (54,56)(55,60)(57,58),
      nbP := 60,
      next := ( 1,13,31)( 2,14,35)( 3,15,21)( 4,16,32)( 5,18,17)( 6, 7, 8)( 9,19,12)(10,11,20)(22,30,45)
        (23,24,25)(26,33,29)(27,28,34)(36,46,58)(37,48,47)(38,39,40)(41,49,44)(42,43,50)(51,52,53)(54,59,57)
        (55,56,60) ), rec(
      invers := ( 1,14)( 2,15)( 3,16)( 4,17)( 5,13)( 6, 7)( 8,19)( 9,11)(10,20)(12,18)(21,30)(22,31)(23,24)
        (25,33)(26,28)(27,34)(29,32)(35,46)(36,47)(37,45)(38,39)(40,49)(41,43)(42,50)(44,48)(51,52)(53,59)
        (54,56)(55,60)(57,58),
      nbP := 60,
      next := ( 1,13,31)( 2,14,36)( 3,15,21)( 4,16,32)( 5,18,17)( 6, 7, 8)( 9,19,12)(10,11,20)(22,30,46)
        (23,24,25)(26,33,29)(27,28,34)(35,45,58)(37,48,47)(38,39,40)(41,49,44)(42,43,50)(51,52,53)(54,59,57)
        (55,56,60) ), rec(
      invers := ( 1,15)( 2,16)( 3,17)( 4,18)( 5,19)( 6,20)( 7,11)( 8, 9)(10,21)(12,14)(13,22)(23,36)(24,37)
        (25,38)(26,39)(27,40)(28,32)(29,30)(31,41)(33,35)(34,42)(43,50)(44,45)(46,51)(47,49)(48,52)(53,54)
        (55,59)(56,58)(57,60),
      nbP := 60,
      next := ( 1,12,11)( 2,15,47)( 3,16,51)( 4,17,50)( 5,18,25)( 6,19,37)( 7,21,20)( 8, 9,10)(13,14,22)
        (23,33,32)(24,36,43)(26,38,56)(27,39,59)(28,41,40)(29,30,31)(34,35,42)(44,45,46)(48,49,52)(53,54,55)
        (57,58,60) ), rec(
      invers := ( 1,15)( 2,16)( 3,17)( 4,18)( 5,19)( 6,20)( 7,11)( 8, 9)(10,21)(12,14)(13,22)(23,36)(24,37)
        (25,38)(26,39)(27,40)(28,32)(29,30)(31,41)(33,35)(34,42)(43,50)(44,45)(46,51)(47,49)(48,52)(53,54)
        (55,59)(56,58)(57,60),
      nbP := 60,
      next := ( 1,12,11)( 2,15,47)( 3,16,51)( 4,17,50)( 5,18,27)( 6,19,39)( 7,21,20)( 8, 9,10)(13,14,22)
        (23,33,32)(24,36,56)(25,37,59)(26,38,43)(28,41,40)(29,30,31)(34,35,42)(44,45,46)(48,49,52)(53,54,55)
        (57,58,60) ), rec(
      invers := ( 1,15)( 2,16)( 3,17)( 4,18)( 5,19)( 6,20)( 7,11)( 8, 9)(10,21)(12,14)(13,22)(23,36)(24,37)
        (25,38)(26,39)(27,40)(28,32)(29,30)(31,41)(33,35)(34,42)(43,50)(44,45)(46,51)(47,49)(48,52)(53,54)
        (55,59)(56,58)(57,60),
      nbP := 60,
      next := ( 1,12,11)( 2,15,50)( 3,16,56)( 4,17,59)( 5,18,27)( 6,19,39)( 7,21,20)( 8, 9,10)(13,14,22)
        (23,33,32)(24,36,43)(25,37,47)(26,38,51)(28,41,40)(29,30,31)(34,35,42)(44,45,46)(48,49,52)(53,54,55)
        (57,58,60) ), rec(
      invers := ( 1,12)( 2,16)( 3,17)( 4,18)( 5,19)( 6,20)( 7,11)( 8, 9)(10,21)(13,15)(14,22)(23,32)(24,36)
        (25,37)(26,38)(27,31)(28,29)(30,39)(33,35)(34,40)(41,49)(42,50)(43,44)(45,51)(46,48)(47,52)(53,54)
        (55,59)(56,58)(57,60),
      nbP := 60,
      next := ( 1,11,36)( 2,13,12)( 3,16,56)( 4,17,41)( 5,18,46)( 6,19,25)( 7,21,20)( 8, 9,10)(14,15,22)
        (23,31,50)(24,33,32)(26,37,51)(27,39,38)(28,29,30)(34,35,40)(42,49,59)(43,44,45)(47,48,52)(53,54,55)
        (57,58,60) ), rec(
      invers := ( 1,12)( 2,16)( 3,17)( 4,18)( 5,19)( 6,20)( 7,11)( 8, 9)(10,21)(13,15)(14,22)(23,30)(24,34)
        (25,35)(26,36)(27,28)(29,37)(31,33)(32,38)(39,49)(40,50)(41,45)(42,43)(44,51)(46,48)(47,52)(53,54)
        (55,59)(56,58)(57,60),
      nbP := 60,
      next := ( 1,11,36)( 2,13,12)( 3,16,56)( 4,17,39)( 5,18,23)( 6,19,37)( 7,21,20)( 8, 9,10)(14,15,22)
        (24,31,30)(25,34,46)(26,35,45)(27,28,29)(32,33,38)(40,49,59)(41,51,50)(42,43,44)(47,48,52)(53,54,55)
        (57,58,60) ), rec(
      invers := ( 1,12)( 2,16)( 3,17)( 4,18)( 5,19)( 6,20)( 7,11)( 8, 9)(10,21)(13,15)(14,22)(23,33)(24,37)
        (25,38)(26,39)(27,40)(28,32)(29,30)(31,41)(34,36)(35,42)(43,50)(44,45)(46,51)(47,49)(48,52)(53,54)
        (55,59)(56,58)(57,60),
      nbP := 60,
      next := ( 1,11,47)( 2,13,12)( 3,16,51)( 4,17,50)( 5,18,26)( 6,19,38)( 7,21,20)( 8, 9,10)(14,15,22)
        (23,32,59)(24,34,33)(25,37,43)(27,39,56)(28,41,40)(29,30,31)(35,36,42)(44,45,46)(48,49,52)(53,54,55)
        (57,58,60) ), rec(
      invers := ( 1,12)( 2,16)( 3,17)( 4,18)( 5,19)( 6,20)( 7,11)( 8, 9)(10,21)(13,15)(14,22)(23,33)(24,37)
        (25,38)(26,39)(27,40)(28,32)(29,30)(31,41)(34,36)(35,42)(43,50)(44,45)(46,51)(47,49)(48,52)(53,54)
        (55,59)(56,58)(57,60),
      nbP := 60,
      next := ( 1,11,47)( 2,13,12)( 3,16,51)( 4,17,50)( 5,18,27)( 6,19,39)( 7,21,20)( 8, 9,10)(14,15,22)
        (23,32,56)(24,34,33)(25,37,59)(26,38,43)(28,41,40)(29,30,31)(35,36,42)(44,45,46)(48,49,52)(53,54,55)
        (57,58,60) ), rec(
      invers := ( 1,12)( 2,13)( 3,17)( 4,18)( 5,19)( 6,20)( 7,11)( 8, 9)(10,21)(14,16)(15,22)(23,34)(24,35)
        (25,36)(26,30)(27,28)(29,37)(31,33)(32,38)(39,49)(40,50)(41,45)(42,43)(44,51)(46,48)(47,52)(53,54)
        (55,59)(56,58)(57,60),
      nbP := 60,
      next := ( 1,11,30)( 2,12,39)( 3,14,13)( 4,17,46)( 5,18,23)( 6,19,31)( 7,21,20)( 8, 9,10)(15,16,22)
        (24,34,45)(25,35,59)(26,37,36)(27,28,29)(32,33,38)(40,49,56)(41,51,50)(42,43,44)(47,48,52)(53,54,55)
        (57,58,60) ), rec(
      invers := ( 1,12)( 2,13)( 3,17)( 4,18)( 5,19)( 6,20)( 7,11)( 8, 9)(10,21)(14,16)(15,22)(23,32)(24,33)
        (25,37)(26,38)(27,31)(28,29)(30,39)(34,36)(35,40)(41,50)(42,46)(43,44)(45,51)(47,49)(48,52)(53,54)
        (55,59)(56,58)(57,60),
      nbP := 60,
      next := ( 1,11,37)( 2,12,47)( 3,14,13)( 4,17,46)( 5,18,56)( 6,19,26)( 7,21,20)( 8, 9,10)(15,16,22)
        (23,31,59)(24,32,41)(25,34,33)(27,39,38)(28,29,30)(35,36,40)(42,51,50)(43,44,45)(48,49,52)(53,54,55)
        (57,58,60) ), rec(
      invers := ( 1,12)( 2,13)( 3,17)( 4,18)( 5,19)( 6,20)( 7,11)( 8, 9)(10,21)(14,16)(15,22)(23,30)(24,31)
        (25,35)(26,36)(27,28)(29,37)(32,34)(33,38)(39,49)(40,50)(41,45)(42,43)(44,51)(46,48)(47,52)(53,54)
        (55,59)(56,58)(57,60),
      nbP := 60,
      next := ( 1,11,36)( 2,12,56)( 3,14,13)( 4,17,39)( 5,18,23)( 6,19,37)( 7,21,20)( 8, 9,10)(15,16,22)
        (24,30,46)(25,32,31)(26,35,45)(27,28,29)(33,34,38)(40,49,59)(41,51,50)(42,43,44)(47,48,52)(53,54,55)
        (57,58,60) ), rec(
      invers := ( 1,12)( 2,13)( 3,17)( 4,18)( 5,19)( 6,20)( 7,11)( 8, 9)(10,21)(14,16)(15,22)(23,30)(24,31)
        (25,35)(26,36)(27,28)(29,37)(32,34)(33,38)(39,49)(40,50)(41,45)(42,43)(44,51)(46,48)(47,52)(53,54)
        (55,59)(56,58)(57,60),
      nbP := 60,
      next := ( 1,11,36)( 2,12,39)( 3,14,13)( 4,17,46)( 5,18,23)( 6,19,37)( 7,21,20)( 8, 9,10)(15,16,22)
        (24,30,45)(25,32,31)(26,35,56)(27,28,29)(33,34,38)(40,49,59)(41,51,50)(42,43,44)(47,48,52)(53,54,55)
        (57,58,60) ) ];
