return [ rec(
      invers := ( 1,12)( 2,13)( 3,14)( 4,15)( 5,16)( 6,17)( 7,18)( 8,10)( 9,11)(19,29)(20,30)(21,31)(22,32)
        (23,33)(24,34)(25,27)(26,28)(35,41)(36,42)(37,43)(38,44)(39,40)(45,51)(46,52)(47,53)(48,54)(49,50)
        (55,58)(56,57)(59,60),
      nbP := 60,
      next := ( 1, 9,10)( 2,12,56)( 3,13,57)( 4,14,45)( 5,15,35)( 6,16,21)( 7,17,30)( 8,11,18)(19,26,27)
        (20,29,55)(22,31,39)(23,32,40)(24,33,44)(25,28,34)(36,41,49)(37,42,50)(38,43,54)(46,51,58)(47,52,59)
        (48,53,60) ), rec(
      invers := ( 1,12)( 2,13)( 3,14)( 4,15)( 5,16)( 6,17)( 7,18)( 8,10)( 9,11)(19,29)(20,30)(21,31)(22,32)
        (23,33)(24,34)(25,27)(26,28)(35,41)(36,42)(37,43)(38,44)(39,40)(45,51)(46,52)(47,53)(48,54)(49,50)
        (55,58)(56,57)(59,60),
      nbP := 60,
      next := ( 1, 9,10)( 2,12,45)( 3,13,49)( 4,14,50)( 5,15,35)( 6,16,21)( 7,17,30)( 8,11,18)(19,26,27)
        (20,29,55)(22,31,39)(23,32,40)(24,33,44)(25,28,34)(36,41,54)(37,42,59)(38,43,60)(46,51,56)(47,52,57)
        (48,53,58) ), rec(
      invers := ( 1,12)( 2,13)( 3,14)( 4,15)( 5,16)( 6,17)( 7,18)( 8,10)( 9,11)(19,29)(20,30)(21,31)(22,32)
        (23,33)(24,34)(25,27)(26,28)(35,44)(36,45)(37,46)(38,47)(39,48)(40,42)(41,43)(49,53)(50,54)(51,52)
        (55,58)(56,57)(59,60),
      nbP := 60,
      next := ( 1, 9,10)( 2,12,51)( 3,13,52)( 4,14,54)( 5,15,37)( 6,16,21)( 7,17,30)( 8,11,18)(19,26,27)
        (20,29,49)(22,31,45)(23,32,56)(24,33,57)(25,28,34)(35,41,42)(36,44,55)(38,46,59)(39,47,60)(40,43,48)
        (50,53,58) ), rec(
      invers := ( 1,12)( 2,13)( 3,14)( 4,15)( 5,16)( 6,17)( 7,18)( 8,10)( 9,11)(19,29)(20,30)(21,31)(22,32)
        (23,33)(24,34)(25,27)(26,28)(35,44)(36,45)(37,46)(38,47)(39,48)(40,42)(41,43)(49,53)(50,54)(51,52)
        (55,58)(56,57)(59,60),
      nbP := 60,
      next := ( 1, 9,10)( 2,12,54)( 3,13,59)( 4,14,60)( 5,15,39)( 6,16,23)( 7,17,32)( 8,11,18)(19,26,27)
        (20,29,49)(21,30,51)(22,31,52)(24,33,47)(25,28,34)(35,41,42)(36,44,55)(37,45,56)(38,46,57)(40,43,48)
        (50,53,58) ), rec(
      invers := ( 1,12)( 2,13)( 3,14)( 4,15)( 5,16)( 6,17)( 7,18)( 8,10)( 9,11)(19,29)(20,30)(21,31)(22,32)
        (23,33)(24,34)(25,27)(26,28)(35,41)(36,42)(37,43)(38,44)(39,40)(45,51)(46,52)(47,53)(48,54)(49,50)
        (55,58)(56,57)(59,60),
      nbP := 60,
      next := ( 1, 9,10)( 2,12,45)( 3,13,35)( 4,14,39)( 5,15,40)( 6,16,23)( 7,17,32)( 8,11,18)(19,26,27)
        (20,29,55)(21,30,56)(22,31,57)(24,33,44)(25,28,34)(36,41,49)(37,42,50)(38,43,54)(46,51,58)(47,52,59)
        (48,53,60) ), rec(
      invers := ( 1,12)( 2,13)( 3,14)( 4,15)( 5,16)( 6,17)( 7,18)( 8,10)( 9,11)(19,26)(20,27)(21,28)(22,29)
        (23,30)(24,25)(31,41)(32,42)(33,43)(34,44)(35,45)(36,46)(37,39)(38,40)(47,50)(48,49)(51,56)(52,57)
        (53,58)(54,55)(59,60),
      nbP := 60,
      next := ( 1, 9,10)( 2,12,48)( 3,13,49)( 4,14,19)( 5,15,24)( 6,16,25)( 7,17,30)( 8,11,18)(20,26,50)
        (21,27,33)(22,28,42)(23,29,47)(31,38,39)(32,41,58)(34,43,51)(35,44,54)(36,45,55)(37,40,46)(52,56,59)
        (53,57,60) ) ];
