return [ rec(
      invers := ( 1,11)( 2,12)( 3,13)( 4,14)( 5,15)( 6,16)( 7, 9)( 8,10)(17,26)(18,27)(19,28)(20,29)(21,30)
        (22,24)(23,25)(31,34)(32,33)(35,36),
      nbP := 36,
      next := ( 1, 8, 9)( 2,11,32)( 3,12,33)( 4,13,34)( 5,14,19)( 6,15,27)( 7,10,16)(17,23,24)(18,26,31)
        (20,28,35)(21,29,36)(22,25,30) ), rec(
      invers := ( 1,11)( 2,12)( 3,13)( 4,14)( 5,15)( 6,16)( 7, 9)( 8,10)(17,26)(18,27)(19,28)(20,29)(21,30)
        (22,24)(23,25)(31,34)(32,33)(35,36),
      nbP := 36,
      next := ( 1, 8, 9)( 2,11,34)( 3,12,35)( 4,13,36)( 5,14,21)( 6,15,29)( 7,10,16)(17,23,24)(18,26,31)
        (19,27,32)(20,28,33)(22,25,30) ) ];
