return [ rec(
      invers := ( 1,13)( 2,18)( 3,19)( 4,20)( 5,21)( 6,22)( 7,12)( 8, 9)(10,15)(11,16)(14,17)(23,33)(24,38)
        (25,39)(26,40)(27,32)(28,29)(30,35)(31,36)(34,37)(41,51)(42,52)(43,44)(45,48)(46,49)(47,50)(53,54)
        (55,58)(56,59)(57,60),
      nbP := 60,
      next := ( 1,12,38)( 2,14,13)( 3,18,57)( 4,19,41)( 5,20,47)( 6,21,25)( 7,16,22)( 8, 9,10)(11,15,17)
        (23,32,52)(24,34,33)(26,39,49)(27,36,40)(28,29,30)(31,35,37)(42,51,59)(43,44,45)(46,48,50)(53,54,55)
        (56,58,60) ), rec(
      invers := ( 1,13)( 2,18)( 3,19)( 4,20)( 5,21)( 6,22)( 7,12)( 8, 9)(10,15)(11,16)(14,17)(23,31)(24,36)
        (25,37)(26,38)(27,28)(29,33)(30,34)(32,35)(39,51)(40,52)(41,46)(42,43)(44,48)(45,49)(47,50)(53,54)
        (55,58)(56,59)(57,60),
      nbP := 60,
      next := ( 1,12,38)( 2,14,13)( 3,18,57)( 4,19,39)( 5,20,23)( 6,21,34)( 7,16,22)( 8, 9,10)(11,15,17)
        (24,32,31)(25,36,47)(26,37,46)(27,28,29)(30,33,35)(40,51,59)(41,49,52)(42,43,44)(45,48,50)(53,54,55)
        (56,58,60) ), rec(
      invers := ( 1,13)( 2,18)( 3,19)( 4,20)( 5,21)( 6,22)( 7,12)( 8, 9)(10,15)(11,16)(14,17)(23,34)(24,39)
        (25,40)(26,41)(27,42)(28,33)(29,30)(31,36)(32,37)(35,38)(43,52)(44,45)(46,49)(47,50)(48,51)(53,54)
        (55,58)(56,59)(57,60),
      nbP := 60,
      next := ( 1,12,48)( 2,14,13)( 3,18,50)( 4,19,52)( 5,20,26)( 6,21,40)( 7,16,22)( 8, 9,10)(11,15,17)
        (23,33,59)(24,35,34)(25,39,43)(27,41,57)(28,37,42)(29,30,31)(32,36,38)(44,45,46)(47,49,51)(53,54,55)
        (56,58,60) ), rec(
      invers := ( 1,13)( 2,18)( 3,19)( 4,20)( 5,21)( 6,22)( 7,12)( 8, 9)(10,15)(11,16)(14,17)(23,34)(24,39)
        (25,40)(26,41)(27,42)(28,33)(29,30)(31,36)(32,37)(35,38)(43,52)(44,45)(46,49)(47,50)(48,51)(53,54)
        (55,58)(56,59)(57,60),
      nbP := 60,
      next := ( 1,12,48)( 2,14,13)( 3,18,50)( 4,19,52)( 5,20,27)( 6,21,41)( 7,16,22)( 8, 9,10)(11,15,17)
        (23,33,57)(24,35,34)(25,39,59)(26,40,43)(28,37,42)(29,30,31)(32,36,38)(44,45,46)(47,49,51)(53,54,55)
        (56,58,60) ) ];
