return [ rec(
      invers := ( 1,15)( 2,16)( 3,17)( 4,18)( 5,19)( 6,14)( 7, 8)( 9,21)(10,12)(11,22)(13,20)(23,35)(24,36)
        (25,37)(26,34)(27,28)(29,39)(30,32)(31,40)(33,38)(41,54)(42,55)(43,56)(44,57)(45,53)(46,47)(48,59)
        (49,51)(50,60)(52,58)(61,70)(62,71)(63,64)(65,73)(66,68)(67,74)(69,72)(75,83)(76,77)(78,85)(79,81)
        (80,86)(82,84)(87,88)(89,95)(90,92)(91,96)(93,94),
      nbP := 96,
      next := ( 1,14,34)( 2,15,84)( 3,16,83)( 4,17,61)( 5,18,23)( 6,20,19)( 7, 8, 9)(10,21,13)(11,12,22)
        (24,35,42)(25,36,54)(26,38,37)(27,28,29)(30,39,33)(31,32,40)(41,53,75)(43,55,72)(44,56,71)(45,58,57)
        (46,47,48)(49,59,52)(50,51,60)(62,70,94)(63,64,65)(66,73,69)(67,68,74)(76,77,78)(79,85,82)(80,81,86)
        (87,88,89)(90,95,93)(91,92,96) ), rec(
      invers := ( 1,15)( 2,16)( 3,17)( 4,18)( 5,19)( 6,14)( 7, 8)( 9,21)(10,12)(11,22)(13,20)(23,35)(24,36)
        (25,37)(26,34)(27,28)(29,39)(30,32)(31,40)(33,38)(41,54)(42,55)(43,56)(44,57)(45,53)(46,47)(48,59)
        (49,51)(50,60)(52,58)(61,69)(62,63)(64,71)(65,67)(66,72)(68,70)(73,83)(74,82)(75,76)(77,85)(78,80)
        (79,86)(81,84)(87,88)(89,95)(90,92)(91,96)(93,94),
      nbP := 96,
      next := ( 1,14,34)( 2,15,82)( 3,16,94)( 4,17,61)( 5,18,23)( 6,20,19)( 7, 8, 9)(10,21,13)(11,12,22)
        (24,35,43)(25,36,55)(26,38,37)(27,28,29)(30,39,33)(31,32,40)(41,53,69)(42,54,73)(44,56,70)(45,58,57)
        (46,47,48)(49,59,52)(50,51,60)(62,63,64)(65,71,68)(66,67,72)(74,84,83)(75,76,77)(78,85,81)(79,80,86)
        (87,88,89)(90,95,93)(91,92,96) ), rec(
      invers := ( 1,15)( 2,16)( 3,17)( 4,18)( 5,19)( 6,14)( 7, 8)( 9,21)(10,12)(11,22)(13,20)(23,35)(24,36)
        (25,37)(26,34)(27,28)(29,39)(30,32)(31,40)(33,38)(41,54)(42,55)(43,56)(44,57)(45,53)(46,47)(48,59)
        (49,51)(50,60)(52,58)(61,70)(62,71)(63,64)(65,73)(66,68)(67,74)(69,72)(75,83)(76,77)(78,85)(79,81)
        (80,86)(82,84)(87,88)(89,95)(90,92)(91,96)(93,94),
      nbP := 96,
      next := ( 1,14,34)( 2,15,83)( 3,16,61)( 4,17,72)( 5,18,23)( 6,20,19)( 7, 8, 9)(10,21,13)(11,12,22)
        (24,35,43)(25,36,55)(26,38,37)(27,28,29)(30,39,33)(31,32,40)(41,53,75)(42,54,84)(44,56,71)(45,58,57)
        (46,47,48)(49,59,52)(50,51,60)(62,70,94)(63,64,65)(66,73,69)(67,68,74)(76,77,78)(79,85,82)(80,81,86)
        (87,88,89)(90,95,93)(91,92,96) ), rec(
      invers := ( 1,15)( 2,16)( 3,17)( 4,18)( 5,19)( 6,14)( 7, 8)( 9,21)(10,12)(11,22)(13,20)(23,35)(24,36)
        (25,37)(26,34)(27,28)(29,39)(30,32)(31,40)(33,38)(41,54)(42,55)(43,56)(44,57)(45,53)(46,47)(48,59)
        (49,51)(50,60)(52,58)(61,71)(62,70)(63,64)(65,73)(66,68)(67,74)(69,72)(75,83)(76,77)(78,85)(79,81)
        (80,86)(82,84)(87,88)(89,95)(90,92)(91,96)(93,94),
      nbP := 96,
      next := ( 1,14,34)( 2,15,84)( 3,16,83)( 4,17,61)( 5,18,23)( 6,20,19)( 7, 8, 9)(10,21,13)(11,12,22)
        (24,35,44)(25,36,56)(26,38,37)(27,28,29)(30,39,33)(31,32,40)(41,53,70)(42,54,94)(43,55,75)(45,58,57)
        (46,47,48)(49,59,52)(50,51,60)(62,72,71)(63,64,65)(66,73,69)(67,68,74)(76,77,78)(79,85,82)(80,81,86)
        (87,88,89)(90,95,93)(91,92,96) ), rec(
      invers := ( 1,15)( 2,16)( 3,17)( 4,18)( 5,19)( 6,14)( 7, 8)( 9,21)(10,12)(11,22)(13,20)(23,35)(24,36)
        (25,37)(26,34)(27,28)(29,39)(30,32)(31,40)(33,38)(41,54)(42,55)(43,56)(44,57)(45,53)(46,47)(48,59)
        (49,51)(50,60)(52,58)(61,71)(62,70)(63,64)(65,73)(66,68)(67,74)(69,72)(75,83)(76,77)(78,85)(79,81)
        (80,86)(82,84)(87,88)(89,95)(90,92)(91,96)(93,94),
      nbP := 96,
      next := ( 1,14,34)( 2,15,83)( 3,16,94)( 4,17,61)( 5,18,23)( 6,20,19)( 7, 8, 9)(10,21,13)(11,12,22)
        (24,35,44)(25,36,56)(26,38,37)(27,28,29)(30,39,33)(31,32,40)(41,53,70)(42,54,75)(43,55,84)(45,58,57)
        (46,47,48)(49,59,52)(50,51,60)(62,72,71)(63,64,65)(66,73,69)(67,68,74)(76,77,78)(79,85,82)(80,81,86)
        (87,88,89)(90,95,93)(91,92,96) ), rec(
      invers := ( 1,15)( 2,16)( 3,17)( 4,18)( 5,19)( 6,14)( 7, 8)( 9,21)(10,12)(11,22)(13,20)(23,35)(24,36)
        (25,37)(26,34)(27,28)(29,39)(30,32)(31,40)(33,38)(41,54)(42,55)(43,56)(44,57)(45,53)(46,47)(48,59)
        (49,51)(50,60)(52,58)(61,71)(62,70)(63,64)(65,73)(66,68)(67,74)(69,72)(75,83)(76,77)(78,85)(79,81)
        (80,86)(82,84)(87,88)(89,95)(90,92)(91,96)(93,94),
      nbP := 96,
      next := ( 1,14,34)( 2,15,70)( 3,16,94)( 4,17,75)( 5,18,23)( 6,20,19)( 7, 8, 9)(10,21,13)(11,12,22)
        (24,35,44)(25,36,56)(26,38,37)(27,28,29)(30,39,33)(31,32,40)(41,53,84)(42,54,83)(43,55,61)(45,58,57)
        (46,47,48)(49,59,52)(50,51,60)(62,72,71)(63,64,65)(66,73,69)(67,68,74)(76,77,78)(79,85,82)(80,81,86)
        (87,88,89)(90,95,93)(91,92,96) ), rec(
      invers := ( 1,16)( 2,17)( 3,18)( 4,19)( 5,20)( 6,21)( 7,22)( 8,12)( 9,10)(11,23)(13,15)(14,24)(25,39)
        (26,40)(27,41)(28,42)(29,43)(30,44)(31,35)(32,33)(34,45)(36,38)(37,46)(47,57)(48,58)(49,59)(50,60)
        (51,52)(53,61)(54,56)(55,62)(63,73)(64,74)(65,75)(66,76)(67,68)(69,77)(70,72)(71,78)(79,86)(80,81)
        (82,87)(83,85)(84,88)(89,90)(91,95)(92,94)(93,96),
      nbP := 96,
      next := ( 1,13,12)( 2,16,83)( 3,17,87)( 4,18,63)( 5,19,47)( 6,20,27)( 7,21,40)( 8,23,22)( 9,10,11)
        (14,15,24)(25,36,35)(26,39,79)(28,41,54)(29,42,61)(30,43,60)(31,45,44)(32,33,34)(37,38,46)(48,57,70)
        (49,58,77)(50,59,76)(51,52,53)(55,56,62)(64,73,86)(65,74,92)(66,75,95)(67,68,69)(71,72,78)(80,81,82)
        (84,85,88)(89,90,91)(93,94,96) ), rec(
      invers := ( 1,16)( 2,17)( 3,18)( 4,19)( 5,20)( 6,21)( 7,22)( 8,12)( 9,10)(11,23)(13,15)(14,24)(25,39)
        (26,40)(27,41)(28,42)(29,43)(30,44)(31,35)(32,33)(34,45)(36,38)(37,46)(47,57)(48,58)(49,59)(50,60)
        (51,52)(53,61)(54,56)(55,62)(63,73)(64,74)(65,75)(66,76)(67,68)(69,77)(70,72)(71,78)(79,86)(80,81)
        (82,87)(83,85)(84,88)(89,90)(91,95)(92,94)(93,96),
      nbP := 96,
      next := ( 1,13,12)( 2,16,63)( 3,17,70)( 4,18,77)( 5,19,47)( 6,20,27)( 7,21,40)( 8,23,22)( 9,10,11)
        (14,15,24)(25,36,35)(26,39,79)(28,41,54)(29,42,61)(30,43,60)(31,45,44)(32,33,34)(37,38,46)(48,57,76)
        (49,58,92)(50,59,95)(51,52,53)(55,56,62)(64,73,83)(65,74,87)(66,75,86)(67,68,69)(71,72,78)(80,81,82)
        (84,85,88)(89,90,91)(93,94,96) ), rec(
      invers := ( 1,16)( 2,17)( 3,18)( 4,19)( 5,20)( 6,21)( 7,22)( 8,12)( 9,10)(11,23)(13,15)(14,24)(25,39)
        (26,40)(27,41)(28,42)(29,43)(30,44)(31,35)(32,33)(34,45)(36,38)(37,46)(47,60)(48,61)(49,62)(50,63)
        (51,64)(52,56)(53,54)(55,65)(57,59)(58,66)(67,75)(68,76)(69,70)(71,77)(72,74)(73,78)(79,86)(80,81)
        (82,87)(83,85)(84,88)(89,90)(91,95)(92,94)(93,96),
      nbP := 96,
      next := ( 1,13,12)( 2,16,72)( 3,17,77)( 4,18,76)( 5,19,49)( 6,20,27)( 7,21,40)( 8,23,22)( 9,10,11)
        (14,15,24)(25,36,35)(26,39,67)(28,41,61)(29,42,83)(30,43,87)(31,45,44)(32,33,34)(37,38,46)(47,57,56)
        (48,60,79)(50,62,92)(51,63,95)(52,65,64)(53,54,55)(58,59,66)(68,75,86)(69,70,71)(73,74,78)(80,81,82)
        (84,85,88)(89,90,91)(93,94,96) ), rec(
      invers := ( 1,16)( 2,17)( 3,18)( 4,19)( 5,20)( 6,21)( 7,22)( 8,12)( 9,10)(11,23)(13,15)(14,24)(25,39)
        (26,40)(27,41)(28,42)(29,43)(30,44)(31,35)(32,33)(34,45)(36,38)(37,46)(47,60)(48,61)(49,62)(50,63)
        (51,64)(52,56)(53,54)(55,65)(57,59)(58,66)(67,75)(68,76)(69,70)(71,77)(72,74)(73,78)(79,86)(80,81)
        (82,87)(83,85)(84,88)(89,90)(91,95)(92,94)(93,96),
      nbP := 96,
      next := ( 1,13,12)( 2,16,72)( 3,17,77)( 4,18,76)( 5,19,51)( 6,20,27)( 7,21,40)( 8,23,22)( 9,10,11)
        (14,15,24)(25,36,35)(26,39,67)(28,41,63)(29,42,83)(30,43,87)(31,45,44)(32,33,34)(37,38,46)(47,57,56)
        (48,60,92)(49,61,95)(50,62,79)(52,65,64)(53,54,55)(58,59,66)(68,75,86)(69,70,71)(73,74,78)(80,81,82)
        (84,85,88)(89,90,91)(93,94,96) ), rec(
      invers := ( 1,16)( 2,17)( 3,18)( 4,19)( 5,20)( 6,21)( 7,22)( 8,12)( 9,10)(11,23)(13,15)(14,24)(25,39)
        (26,40)(27,41)(28,42)(29,43)(30,44)(31,35)(32,33)(34,45)(36,38)(37,46)(47,60)(48,61)(49,62)(50,63)
        (51,64)(52,56)(53,54)(55,65)(57,59)(58,66)(67,75)(68,76)(69,70)(71,77)(72,74)(73,78)(79,86)(80,81)
        (82,87)(83,85)(84,88)(89,90)(91,95)(92,94)(93,96),
      nbP := 96,
      next := ( 1,13,12)( 2,16,72)( 3,17,77)( 4,18,76)( 5,19,51)( 6,20,29)( 7,21,42)( 8,23,22)( 9,10,11)
        (14,15,24)(25,36,35)(26,39,83)(27,40,87)(28,41,67)(30,43,63)(31,45,44)(32,33,34)(37,38,46)(47,57,56)
        (48,60,92)(49,61,95)(50,62,79)(52,65,64)(53,54,55)(58,59,66)(68,75,86)(69,70,71)(73,74,78)(80,81,82)
        (84,85,88)(89,90,91)(93,94,96) ), rec(
      invers := ( 1,16)( 2,17)( 3,18)( 4,19)( 5,20)( 6,21)( 7,22)( 8,12)( 9,10)(11,23)(13,15)(14,24)(25,39)
        (26,40)(27,41)(28,42)(29,43)(30,44)(31,35)(32,33)(34,45)(36,38)(37,46)(47,60)(48,61)(49,62)(50,63)
        (51,64)(52,56)(53,54)(55,65)(57,59)(58,66)(67,75)(68,76)(69,70)(71,77)(72,74)(73,78)(79,86)(80,81)
        (82,87)(83,85)(84,88)(89,90)(91,95)(92,94)(93,96),
      nbP := 96,
      next := ( 1,13,12)( 2,16,76)( 3,17,92)( 4,18,95)( 5,19,51)( 6,20,29)( 7,21,42)( 8,23,22)( 9,10,11)
        (14,15,24)(25,36,35)(26,39,67)(27,40,72)(28,41,77)(30,43,63)(31,45,44)(32,33,34)(37,38,46)(47,57,56)
        (48,60,79)(49,61,83)(50,62,87)(52,65,64)(53,54,55)(58,59,66)(68,75,86)(69,70,71)(73,74,78)(80,81,82)
        (84,85,88)(89,90,91)(93,94,96) ), rec(
      invers := ( 1,16)( 2,17)( 3,18)( 4,19)( 5,20)( 6,21)( 7,22)( 8,12)( 9,10)(11,23)(13,15)(14,24)(25,39)
        (26,40)(27,41)(28,42)(29,43)(30,44)(31,35)(32,33)(34,45)(36,38)(37,46)(47,57)(48,58)(49,59)(50,60)
        (51,52)(53,61)(54,56)(55,62)(63,73)(64,74)(65,75)(66,76)(67,68)(69,77)(70,72)(71,78)(79,86)(80,81)
        (82,87)(83,85)(84,88)(89,90)(91,95)(92,94)(93,96),
      nbP := 96,
      next := ( 1,13,12)( 2,16,63)( 3,17,47)( 4,18,54)( 5,19,61)( 6,20,29)( 7,21,42)( 8,23,22)( 9,10,11)
        (14,15,24)(25,36,35)(26,39,92)(27,40,95)(28,41,79)(30,43,60)(31,45,44)(32,33,34)(37,38,46)(48,57,70)
        (49,58,77)(50,59,76)(51,52,53)(55,56,62)(64,73,83)(65,74,87)(66,75,86)(67,68,69)(71,72,78)(80,81,82)
        (84,85,88)(89,90,91)(93,94,96) ), rec(
      invers := ( 1,16)( 2,17)( 3,18)( 4,19)( 5,20)( 6,21)( 7,22)( 8,12)( 9,10)(11,23)(13,15)(14,24)(25,39)
        (26,40)(27,41)(28,42)(29,43)(30,44)(31,35)(32,33)(34,45)(36,38)(37,46)(47,57)(48,58)(49,59)(50,60)
        (51,52)(53,61)(54,56)(55,62)(63,73)(64,74)(65,75)(66,76)(67,68)(69,77)(70,72)(71,78)(79,86)(80,81)
        (82,87)(83,85)(84,88)(89,90)(91,95)(92,94)(93,96),
      nbP := 96,
      next := ( 1,13,12)( 2,16,63)( 3,17,47)( 4,18,54)( 5,19,61)( 6,20,29)( 7,21,42)( 8,23,22)( 9,10,11)
        (14,15,24)(25,36,35)(26,39,79)(27,40,83)(28,41,87)(30,43,60)(31,45,44)(32,33,34)(37,38,46)(48,57,70)
        (49,58,77)(50,59,76)(51,52,53)(55,56,62)(64,73,86)(65,74,92)(66,75,95)(67,68,69)(71,72,78)(80,81,82)
        (84,85,88)(89,90,91)(93,94,96) ), rec(
      invers := ( 1,16)( 2,17)( 3,18)( 4,19)( 5,20)( 6,21)( 7,22)( 8,12)( 9,10)(11,23)(13,15)(14,24)(25,39)
        (26,40)(27,41)(28,42)(29,43)(30,44)(31,35)(32,33)(34,45)(36,38)(37,46)(47,61)(48,62)(49,63)(50,64)
        (51,65)(52,66)(53,57)(54,55)(56,67)(58,60)(59,68)(69,76)(70,71)(72,77)(73,75)(74,78)(79,86)(80,81)
        (82,87)(83,85)(84,88)(89,90)(91,95)(92,94)(93,96),
      nbP := 96,
      next := ( 1,13,12)( 2,16,73)( 3,17,77)( 4,18,51)( 5,19,64)( 6,20,30)( 7,21,43)( 8,23,22)( 9,10,11)
        (14,15,24)(25,36,35)(26,39,83)(27,40,87)(28,41,86)(29,42,69)(31,45,44)(32,33,34)(37,38,46)(47,58,57)
        (48,61,92)(49,62,95)(50,63,79)(52,65,76)(53,67,66)(54,55,56)(59,60,68)(70,71,72)(74,75,78)(80,81,82)
        (84,85,88)(89,90,91)(93,94,96) ), rec(
      invers := ( 1,16)( 2,17)( 3,18)( 4,19)( 5,20)( 6,21)( 7,22)( 8,12)( 9,10)(11,23)(13,15)(14,24)(25,39)
        (26,40)(27,41)(28,42)(29,43)(30,44)(31,35)(32,33)(34,45)(36,38)(37,46)(47,58)(48,59)(49,60)(50,61)
        (51,62)(52,53)(54,63)(55,57)(56,64)(65,72)(66,67)(68,73)(69,71)(70,74)(75,85)(76,86)(77,81)(78,79)
        (80,87)(82,84)(83,88)(89,90)(91,95)(92,94)(93,96),
      nbP := 96,
      next := ( 1,13,12)( 2,16,47)( 3,17,55)( 4,18,63)( 5,19,62)( 6,20,30)( 7,21,43)( 8,23,22)( 9,10,11)
        (14,15,24)(25,36,35)(26,39,85)(27,40,92)(28,41,95)(29,42,65)(31,45,44)(32,33,34)(37,38,46)(48,58,69)
        (49,59,73)(50,60,72)(51,61,76)(52,53,54)(56,57,64)(66,67,68)(70,71,74)(75,82,81)(77,87,86)(78,79,80)
        (83,84,88)(89,90,91)(93,94,96) ), rec(
      invers := ( 1,16)( 2,17)( 3,18)( 4,19)( 5,20)( 6,21)( 7,22)( 8,12)( 9,10)(11,23)(13,15)(14,24)(25,36)
        (26,37)(27,38)(28,39)(29,40)(30,31)(32,41)(33,35)(34,42)(43,57)(44,58)(45,59)(46,60)(47,61)(48,62)
        (49,53)(50,51)(52,63)(54,56)(55,64)(65,72)(66,67)(68,73)(69,71)(70,74)(75,84)(76,85)(77,86)(78,79)
        (80,87)(81,83)(82,88)(89,90)(91,95)(92,94)(93,96),
      nbP := 96,
      next := ( 1,13,12)( 2,16,69)( 3,17,73)( 4,18,25)( 5,19,33)( 6,20,41)( 7,21,40)( 8,23,22)( 9,10,11)
        (14,15,24)(26,36,72)(27,37,45)(28,38,58)(29,39,65)(30,31,32)(34,35,42)(43,54,53)(44,57,86)(46,59,75)
        (47,60,81)(48,61,87)(49,63,62)(50,51,52)(55,56,64)(66,67,68)(70,71,74)(76,84,92)(77,85,95)(78,79,80)
        (82,83,88)(89,90,91)(93,94,96) ), rec(
      invers := ( 1,16)( 2,17)( 3,18)( 4,19)( 5,20)( 6,21)( 7,22)( 8,12)( 9,10)(11,23)(13,15)(14,24)(25,36)
        (26,37)(27,38)(28,39)(29,40)(30,31)(32,41)(33,35)(34,42)(43,57)(44,58)(45,59)(46,60)(47,61)(48,62)
        (49,53)(50,51)(52,63)(54,56)(55,64)(65,72)(66,67)(68,73)(69,71)(70,74)(75,84)(76,85)(77,86)(78,79)
        (80,87)(81,83)(82,88)(89,90)(91,95)(92,94)(93,96),
      nbP := 96,
      next := ( 1,13,12)( 2,16,69)( 3,17,73)( 4,18,25)( 5,19,33)( 6,20,41)( 7,21,40)( 8,23,22)( 9,10,11)
        (14,15,24)(26,36,72)(27,37,47)(28,38,60)(29,39,65)(30,31,32)(34,35,42)(43,54,53)(44,57,81)(45,58,87)
        (46,59,86)(48,61,75)(49,63,62)(50,51,52)(55,56,64)(66,67,68)(70,71,74)(76,84,92)(77,85,95)(78,79,80)
        (82,83,88)(89,90,91)(93,94,96) ), rec(
      invers := ( 1,13)( 2,17)( 3,18)( 4,19)( 5,20)( 6,21)( 7,22)( 8,12)( 9,10)(11,23)(14,16)(15,24)(25,35)
        (26,39)(27,40)(28,41)(29,42)(30,34)(31,32)(33,43)(36,38)(37,44)(45,55)(46,59)(47,60)(48,61)(49,62)
        (50,54)(51,52)(53,63)(56,58)(57,64)(65,73)(66,74)(67,68)(69,75)(70,72)(71,76)(77,86)(78,82)(79,80)
        (81,87)(83,85)(84,88)(89,90)(91,95)(92,94)(93,96),
      nbP := 96,
      next := ( 1,12,39)( 2,14,13)( 3,17,83)( 4,18,82)( 5,19,92)( 6,20,65)( 7,21,27)( 8,23,22)( 9,10,11)
        (15,16,24)(25,34,60)(26,36,35)(28,40,70)(29,41,48)(30,43,42)(31,32,33)(37,38,44)(45,54,74)(46,56,55)
        (47,59,77)(49,61,75)(50,63,62)(51,52,53)(57,58,64)(66,73,95)(67,68,69)(71,72,76)(78,87,86)(79,80,81)
        (84,85,88)(89,90,91)(93,94,96) ), rec(
      invers := ( 1,13)( 2,17)( 3,18)( 4,19)( 5,20)( 6,21)( 7,22)( 8,12)( 9,10)(11,23)(14,16)(15,24)(25,35)
        (26,39)(27,40)(28,41)(29,42)(30,34)(31,32)(33,43)(36,38)(37,44)(45,55)(46,59)(47,60)(48,61)(49,62)
        (50,54)(51,52)(53,63)(56,58)(57,64)(65,73)(66,74)(67,68)(69,75)(70,72)(71,76)(77,82)(78,86)(79,80)
        (81,87)(83,85)(84,88)(89,90)(91,95)(92,94)(93,96),
      nbP := 96,
      next := ( 1,12,39)( 2,14,13)( 3,17,86)( 4,18,92)( 5,19,65)( 6,20,70)( 7,21,27)( 8,23,22)( 9,10,11)
        (15,16,24)(25,34,61)(26,36,35)(28,40,75)(29,41,49)(30,43,42)(31,32,33)(37,38,44)(45,54,74)(46,56,55)
        (47,59,77)(48,60,87)(50,63,62)(51,52,53)(57,58,64)(66,73,95)(67,68,69)(71,72,76)(78,83,82)(79,80,81)
        (84,85,88)(89,90,91)(93,94,96) ), rec(
      invers := ( 1,13)( 2,17)( 3,18)( 4,19)( 5,20)( 6,21)( 7,22)( 8,12)( 9,10)(11,23)(14,16)(15,24)(25,35)
        (26,39)(27,40)(28,41)(29,42)(30,34)(31,32)(33,43)(36,38)(37,44)(45,53)(46,57)(47,58)(48,59)(49,60)
        (50,51)(52,61)(54,56)(55,62)(63,73)(64,74)(65,69)(66,67)(68,75)(70,72)(71,76)(77,86)(78,82)(79,80)
        (81,87)(83,85)(84,88)(89,90)(91,95)(92,94)(93,96),
      nbP := 96,
      next := ( 1,12,39)( 2,14,13)( 3,17,83)( 4,18,82)( 5,19,92)( 6,20,63)( 7,21,27)( 8,23,22)( 9,10,11)
        (15,16,24)(25,34,60)(26,36,35)(28,40,45)(29,41,61)(30,43,42)(31,32,33)(37,38,44)(46,54,53)(47,57,70)
        (48,58,69)(49,59,77)(50,51,52)(55,56,62)(64,73,95)(65,75,74)(66,67,68)(71,72,76)(78,87,86)(79,80,81)
        (84,85,88)(89,90,91)(93,94,96) ), rec(
      invers := ( 1,13)( 2,17)( 3,18)( 4,19)( 5,20)( 6,21)( 7,22)( 8,12)( 9,10)(11,23)(14,16)(15,24)(25,35)
        (26,39)(27,40)(28,41)(29,42)(30,34)(31,32)(33,43)(36,38)(37,44)(45,53)(46,57)(47,58)(48,59)(49,60)
        (50,51)(52,61)(54,56)(55,62)(63,69)(64,73)(65,74)(66,67)(68,75)(70,72)(71,76)(77,86)(78,82)(79,80)
        (81,87)(83,85)(84,88)(89,90)(91,95)(92,94)(93,96),
      nbP := 96,
      next := ( 1,12,39)( 2,14,13)( 3,17,83)( 4,18,82)( 5,19,63)( 6,20,75)( 7,21,27)( 8,23,22)( 9,10,11)
        (15,16,24)(25,34,60)(26,36,35)(28,40,45)(29,41,61)(30,43,42)(31,32,33)(37,38,44)(46,54,53)(47,57,74)
        (48,58,95)(49,59,77)(50,51,52)(55,56,62)(64,70,69)(65,73,92)(66,67,68)(71,72,76)(78,87,86)(79,80,81)
        (84,85,88)(89,90,91)(93,94,96) ), rec(
      invers := ( 1,13)( 2,17)( 3,18)( 4,19)( 5,20)( 6,21)( 7,22)( 8,12)( 9,10)(11,23)(14,16)(15,24)(25,35)
        (26,39)(27,40)(28,41)(29,42)(30,34)(31,32)(33,43)(36,38)(37,44)(45,56)(46,60)(47,61)(48,62)(49,63)
        (50,64)(51,55)(52,53)(54,65)(57,59)(58,66)(67,74)(68,69)(70,75)(71,73)(72,76)(77,85)(78,86)(79,80)
        (81,87)(82,84)(83,88)(89,90)(91,95)(92,94)(93,96),
      nbP := 96,
      next := ( 1,12,39)( 2,14,13)( 3,17,74)( 4,18,77)( 5,19,49)( 6,20,62)( 7,21,27)( 8,23,22)( 9,10,11)
        (15,16,24)(25,34,75)(26,36,35)(28,40,67)(29,41,71)(30,43,42)(31,32,33)(37,38,44)(45,55,87)(46,57,56)
        (47,60,86)(48,61,95)(50,63,82)(51,65,64)(52,53,54)(58,59,66)(68,69,70)(72,73,76)(78,85,92)(79,80,81)
        (83,84,88)(89,90,91)(93,94,96) ), rec(
      invers := ( 1,13)( 2,17)( 3,18)( 4,19)( 5,20)( 6,21)( 7,22)( 8,12)( 9,10)(11,23)(14,16)(15,24)(25,35)
        (26,39)(27,40)(28,41)(29,42)(30,34)(31,32)(33,43)(36,38)(37,44)(45,56)(46,60)(47,61)(48,62)(49,63)
        (50,64)(51,55)(52,53)(54,65)(57,59)(58,66)(67,74)(68,69)(70,75)(71,73)(72,76)(77,85)(78,86)(79,80)
        (81,87)(82,84)(83,88)(89,90)(91,95)(92,94)(93,96),
      nbP := 96,
      next := ( 1,12,39)( 2,14,13)( 3,17,74)( 4,18,77)( 5,19,50)( 6,20,63)( 7,21,27)( 8,23,22)( 9,10,11)
        (15,16,24)(25,34,75)(26,36,35)(28,40,67)(29,41,71)(30,43,42)(31,32,33)(37,38,44)(45,55,82)(46,57,56)
        (47,60,87)(48,61,86)(49,62,95)(51,65,64)(52,53,54)(58,59,66)(68,69,70)(72,73,76)(78,85,92)(79,80,81)
        (83,84,88)(89,90,91)(93,94,96) ), rec(
      invers := ( 1,13)( 2,14)( 3,18)( 4,19)( 5,20)( 6,21)( 7,22)( 8,12)( 9,10)(11,23)(15,17)(16,24)(25,37)
        (26,38)(27,39)(28,40)(29,33)(30,31)(32,41)(34,36)(35,42)(43,54)(44,55)(45,59)(46,60)(47,61)(48,62)
        (49,53)(50,51)(52,63)(56,58)(57,64)(65,74)(66,70)(67,68)(69,75)(71,73)(72,76)(77,85)(78,86)(79,80)
        (81,87)(82,84)(83,88)(89,90)(91,95)(92,94)(93,96),
      nbP := 96,
      next := ( 1,12,33)( 2,13,71)( 3,15,14)( 4,18,70)( 5,19,77)( 6,20,25)( 7,21,34)( 8,23,22)( 9,10,11)
        (16,17,24)(26,37,82)(27,38,48)(28,39,61)(29,41,40)(30,31,32)(35,36,42)(43,53,87)(44,54,86)(45,56,55)
        (46,59,95)(47,60,65)(49,63,62)(50,51,52)(57,58,64)(66,75,74)(67,68,69)(72,73,76)(78,85,92)(79,80,81)
        (83,84,88)(89,90,91)(93,94,96) ), rec(
      invers := ( 1,13)( 2,14)( 3,18)( 4,19)( 5,20)( 6,21)( 7,22)( 8,12)( 9,10)(11,23)(15,17)(16,24)(25,37)
        (26,38)(27,39)(28,40)(29,33)(30,31)(32,41)(34,36)(35,42)(43,52)(44,53)(45,57)(46,58)(47,59)(48,60)
        (49,50)(51,61)(54,56)(55,62)(63,73)(64,74)(65,69)(66,67)(68,75)(70,72)(71,76)(77,86)(78,82)(79,80)
        (81,87)(83,85)(84,88)(89,90)(91,95)(92,94)(93,96),
      nbP := 96,
      next := ( 1,12,33)( 2,13,83)( 3,15,14)( 4,18,82)( 5,19,63)( 6,20,25)( 7,21,34)( 8,23,22)( 9,10,11)
        (16,17,24)(26,37,43)(27,38,61)(28,39,60)(29,41,40)(30,31,32)(35,36,42)(44,52,70)(45,54,53)(46,57,69)
        (47,58,95)(48,59,77)(49,50,51)(55,56,62)(64,73,92)(65,75,74)(66,67,68)(71,72,76)(78,87,86)(79,80,81)
        (84,85,88)(89,90,91)(93,94,96) ), rec(
      invers := ( 1,13)( 2,14)( 3,18)( 4,19)( 5,20)( 6,21)( 7,22)( 8,12)( 9,10)(11,23)(15,17)(16,24)(25,37)
        (26,38)(27,39)(28,40)(29,33)(30,31)(32,41)(34,36)(35,42)(43,52)(44,53)(45,57)(46,58)(47,59)(48,60)
        (49,50)(51,61)(54,56)(55,62)(63,71)(64,72)(65,66)(67,73)(68,70)(69,74)(75,81)(76,82)(77,86)(78,79)
        (80,87)(83,85)(84,88)(89,90)(91,95)(92,94)(93,96),
      nbP := 96,
      next := ( 1,12,33)( 2,13,86)( 3,15,14)( 4,18,63)( 5,19,68)( 6,20,25)( 7,21,34)( 8,23,22)( 9,10,11)
        (16,17,24)(26,37,43)(27,38,61)(28,39,60)(29,41,40)(30,31,32)(35,36,42)(44,52,73)(45,54,53)(46,57,72)
        (47,58,75)(48,59,87)(49,50,51)(55,56,62)(64,71,92)(65,66,67)(69,70,74)(76,81,95)(77,83,82)(78,79,80)
        (84,85,88)(89,90,91)(93,94,96) ), rec(
      invers := ( 1,13)( 2,14)( 3,18)( 4,19)( 5,20)( 6,21)( 7,22)( 8,12)( 9,10)(11,23)(15,17)(16,24)(25,37)
        (26,38)(27,39)(28,40)(29,33)(30,31)(32,41)(34,36)(35,42)(43,54)(44,58)(45,59)(46,60)(47,61)(48,62)
        (49,53)(50,51)(52,63)(55,57)(56,64)(65,72)(66,76)(67,71)(68,69)(70,77)(73,75)(74,78)(79,86)(80,81)
        (82,87)(83,85)(84,88)(89,90)(91,95)(92,94)(93,96),
      nbP := 96,
      next := ( 1,12,33)( 2,13,86)( 3,15,14)( 4,18,92)( 5,19,66)( 6,20,25)( 7,21,34)( 8,23,22)( 9,10,11)
        (16,17,24)(26,37,43)(27,38,53)(28,39,87)(29,41,40)(30,31,32)(35,36,42)(44,55,54)(45,58,73)(46,59,72)
        (47,60,79)(48,61,83)(49,63,62)(50,51,52)(56,57,64)(65,71,95)(67,77,76)(68,69,70)(74,75,78)(80,81,82)
        (84,85,88)(89,90,91)(93,94,96) ), rec(
      invers := ( 1,13)( 2,14)( 3,18)( 4,19)( 5,20)( 6,21)( 7,22)( 8,12)( 9,10)(11,23)(15,17)(16,24)(25,37)
        (26,38)(27,39)(28,40)(29,33)(30,31)(32,41)(34,36)(35,42)(43,54)(44,58)(45,59)(46,60)(47,61)(48,62)
        (49,53)(50,51)(52,63)(55,57)(56,64)(65,71)(66,72)(67,76)(68,69)(70,77)(73,75)(74,78)(79,86)(80,81)
        (82,87)(83,85)(84,88)(89,90)(91,95)(92,94)(93,96),
      nbP := 96,
      next := ( 1,12,33)( 2,13,86)( 3,15,14)( 4,18,65)( 5,19,77)( 6,20,25)( 7,21,34)( 8,23,22)( 9,10,11)
        (16,17,24)(26,37,43)(27,38,53)(28,39,87)(29,41,40)(30,31,32)(35,36,42)(44,55,54)(45,58,76)(46,59,95)
        (47,60,79)(48,61,83)(49,63,62)(50,51,52)(56,57,64)(66,71,92)(67,73,72)(68,69,70)(74,75,78)(80,81,82)
        (84,85,88)(89,90,91)(93,94,96) ), rec(
      invers := ( 1,13)( 2,14)( 3,18)( 4,19)( 5,20)( 6,21)( 7,22)( 8,12)( 9,10)(11,23)(15,17)(16,24)(25,37)
        (26,38)(27,39)(28,40)(29,33)(30,31)(32,41)(34,36)(35,42)(43,52)(44,56)(45,57)(46,58)(47,51)(48,49)
        (50,59)(53,55)(54,60)(61,69)(62,70)(63,74)(64,75)(65,76)(66,67)(68,77)(71,73)(72,78)(79,86)(80,81)
        (82,87)(83,85)(84,88)(89,90)(91,95)(92,94)(93,96),
      nbP := 96,
      next := ( 1,12,33)( 2,13,79)( 3,15,14)( 4,18,83)( 5,19,44)( 6,20,25)( 7,21,34)( 8,23,22)( 9,10,11)
        (16,17,24)(26,37,53)(27,38,52)(28,39,95)(29,41,40)(30,31,32)(35,36,42)(43,51,76)(45,56,61)(46,57,77)
        (47,59,58)(48,49,50)(54,55,60)(62,69,87)(63,71,70)(64,74,86)(65,75,92)(66,67,68)(72,73,78)(80,81,82)
        (84,85,88)(89,90,91)(93,94,96) ), rec(
      invers := ( 1,13)( 2,14)( 3,15)( 4,19)( 5,20)( 6,21)( 7,22)( 8,12)( 9,10)(11,23)(16,18)(17,24)(25,35)
        (26,39)(27,40)(28,41)(29,42)(30,34)(31,32)(33,43)(36,38)(37,44)(45,56)(46,57)(47,61)(48,62)(49,63)
        (50,64)(51,55)(52,53)(54,65)(58,60)(59,66)(67,76)(68,72)(69,70)(71,77)(73,75)(74,78)(79,83)(80,81)
        (82,87)(84,86)(85,88)(89,90)(91,95)(92,94)(93,96),
      nbP := 96,
      next := ( 1,12,34)( 2,13,84)( 3,14,83)( 4,16,15)( 5,19,95)( 6,20,67)( 7,21,25)( 8,23,22)( 9,10,11)
        (17,18,24)(26,36,35)(27,39,73)(28,40,46)(29,41,56)(30,43,42)(31,32,33)(37,38,44)(45,55,87)(47,58,57)
        (48,61,72)(49,62,92)(50,63,79)(51,65,64)(52,53,54)(59,60,66)(68,77,76)(69,70,71)(74,75,78)(80,81,82)
        (85,86,88)(89,90,91)(93,94,96) ), rec(
      invers := ( 1,13)( 2,14)( 3,15)( 4,19)( 5,20)( 6,21)( 7,22)( 8,12)( 9,10)(11,23)(16,18)(17,24)(25,35)
        (26,39)(27,40)(28,41)(29,42)(30,34)(31,32)(33,43)(36,38)(37,44)(45,55)(46,56)(47,60)(48,61)(49,62)
        (50,54)(51,52)(53,63)(57,59)(58,64)(65,70)(66,71)(67,68)(69,75)(72,74)(73,76)(77,82)(78,83)(79,80)
        (81,87)(84,86)(85,88)(89,90)(91,95)(92,94)(93,96),
      nbP := 96,
      next := ( 1,12,34)( 2,13,84)( 3,14,83)( 4,16,15)( 5,19,65)( 6,20,75)( 7,21,25)( 8,23,22)( 9,10,11)
        (17,18,24)(26,36,35)(27,39,47)(28,40,57)(29,41,56)(30,43,42)(31,32,33)(37,38,44)(45,54,77)(46,55,87)
        (48,60,72)(49,61,71)(50,63,62)(51,52,53)(58,59,64)(66,70,95)(67,68,69)(73,74,76)(78,82,92)(79,80,81)
        (85,86,88)(89,90,91)(93,94,96) ), rec(
      invers := ( 1,13)( 2,14)( 3,15)( 4,19)( 5,20)( 6,21)( 7,22)( 8,12)( 9,10)(11,23)(16,18)(17,24)(25,35)
        (26,39)(27,40)(28,41)(29,42)(30,34)(31,32)(33,43)(36,38)(37,44)(45,53)(46,54)(47,58)(48,52)(49,50)
        (51,59)(55,57)(56,60)(61,71)(62,72)(63,67)(64,65)(66,73)(68,70)(69,74)(75,85)(76,86)(77,81)(78,79)
        (80,87)(82,84)(83,88)(89,90)(91,95)(92,94)(93,96),
      nbP := 96,
      next := ( 1,12,34)( 2,13,81)( 3,14,61)( 4,16,15)( 5,19,68)( 6,20,47)( 7,21,25)( 8,23,22)( 9,10,11)
        (17,18,24)(26,36,35)(27,39,55)(28,40,54)(29,41,82)(30,43,42)(31,32,33)(37,38,44)(45,52,67)(46,53,75)
        (48,59,58)(49,50,51)(56,57,60)(62,71,95)(63,73,72)(64,65,66)(69,70,74)(76,85,92)(77,87,86)(78,79,80)
        (83,84,88)(89,90,91)(93,94,96) ), rec(
      invers := ( 1,13)( 2,14)( 3,15)( 4,19)( 5,20)( 6,21)( 7,22)( 8,12)( 9,10)(11,23)(16,18)(17,24)(25,34)
        (26,38)(27,39)(28,40)(29,33)(30,31)(32,41)(35,37)(36,42)(43,52)(44,56)(45,57)(46,58)(47,51)(48,49)
        (50,59)(53,55)(54,60)(61,71)(62,72)(63,67)(64,65)(66,73)(68,70)(69,74)(75,85)(76,86)(77,81)(78,79)
        (80,87)(82,84)(83,88)(89,90)(91,95)(92,94)(93,96),
      nbP := 96,
      next := ( 1,12,34)( 2,13,81)( 3,14,61)( 4,16,15)( 5,19,68)( 6,20,26)( 7,21,35)( 8,23,22)( 9,10,11)
        (17,18,24)(25,33,52)(27,38,44)(28,39,53)(29,41,40)(30,31,32)(36,37,42)(43,51,82)(45,56,67)(46,57,75)
        (47,59,58)(48,49,50)(54,55,60)(62,71,95)(63,73,72)(64,65,66)(69,70,74)(76,85,92)(77,87,86)(78,79,80)
        (83,84,88)(89,90,91)(93,94,96) ), rec(
      invers := ( 1,13)( 2,14)( 3,15)( 4,19)( 5,20)( 6,21)( 7,22)( 8,12)( 9,10)(11,23)(16,18)(17,24)(25,34)
        (26,38)(27,39)(28,40)(29,33)(30,31)(32,41)(35,37)(36,42)(43,54)(44,55)(45,59)(46,60)(47,61)(48,62)
        (49,53)(50,51)(52,63)(56,58)(57,64)(65,75)(66,76)(67,71)(68,69)(70,77)(72,74)(73,78)(79,83)(80,81)
        (82,87)(84,86)(85,88)(89,90)(91,95)(92,94)(93,96),
      nbP := 96,
      next := ( 1,12,34)( 2,13,83)( 3,14,65)( 4,16,15)( 5,19,72)( 6,20,26)( 7,21,35)( 8,23,22)( 9,10,11)
        (17,18,24)(25,33,84)(27,38,43)(28,39,53)(29,41,40)(30,31,32)(36,37,42)(44,54,71)(45,56,55)(46,59,92)
        (47,60,79)(48,61,87)(49,63,62)(50,51,52)(57,58,64)(66,75,95)(67,77,76)(68,69,70)(73,74,78)(80,81,82)
        (85,86,88)(89,90,91)(93,94,96) ) ];
