return [ rec(
      invers := ( 1,11)( 2,13)( 3,14)( 4,10)( 5, 6)( 7, 9)( 8,12)(15,24)(16,22)(17,18)(19,21)(20,23)(25,34)
        (26,32)(27,28)(29,31)(30,33)(35,44)(36,42)(37,38)(39,41)(40,43)(45,54)(46,52)(47,48)(49,51)(50,53)
        (55,64)(56,62)(57,58)(59,61)(60,63)(65,74)(66,72)(67,68)(69,71)(70,73)(75,76)(77,79)(78,80),
      nbP := 80,
      next := ( 1,10,22,32,42,52,62,72)( 2, 8, 9,11,77,75,76,80)( 3,13,65,55,45,35,25,15)( 4, 7, 5, 6,12,14,
         20,21)(16,19,17,18,23,24,30,31)(26,29,27,28,33,34,40,41)(36,39,37,38,43,44,50,51)(46,49,47,48,53,54,
         60,61)(56,59,57,58,63,64,70,71)(66,69,67,68,73,74,78,79) ), rec(
      invers := ( 1,13)( 2,14)( 3,11)( 4, 8)( 5, 6)( 7, 9)(10,12)(15,25)(16,26)(17,21)(18,19)(20,22)(23,24)
        (27,37)(28,38)(29,33)(30,31)(32,34)(35,36)(39,47)(40,48)(41,42)(43,44)(45,46)(49,57)(50,54)(51,52)
        (53,55)(56,58)(59,65)(60,61)(62,63)(64,66)(67,73)(68,69)(70,71)(72,74)(75,76)(77,78)(79,80),
      nbP := 80,
      next := ( 1,10, 7, 5, 6, 8,24,26)( 2,13,64,62,60,61,49,58)( 3,12,14,39,45,43,41,42)( 4, 9,11,44,29,34,
         17,22)(15,23,20,18,19,21,36,38)(16,25,72,70,68,69,59,66)(27,35,32,30,31,33,46,48)(28,37,79,77,75,76,
         67,74)(40,47,56,53,51,52,54,80)(50,55,57,63,65,71,73,78) ), rec(
      invers := ( 1,13)( 2,14)( 3,11)( 4, 8)( 5, 6)( 7, 9)(10,12)(15,25)(16,26)(17,23)(18,19)(20,21)(22,24)
        (27,37)(28,38)(29,33)(30,31)(32,34)(35,36)(39,45)(40,41)(42,43)(44,46)(47,57)(48,58)(49,53)(50,51)
        (52,54)(55,56)(59,65)(60,61)(62,63)(64,66)(67,71)(68,69)(70,72)(73,74)(75,76)(77,78)(79,80),
      nbP := 80,
      next := ( 1,10, 7, 5, 6, 8,21,23)( 2,13,64,62,60,61,49,54)( 3,12,14,56,58,74,39,46)( 4, 9,11,15,22,20,
         18,19)(16,25,44,42,40,41,29,34)(17,24,26,36,38,80,59,66)(27,35,32,30,31,33,43,45)(28,37,73,70,68,69,
         71,78)(47,55,52,50,51,53,63,65)(48,57,79,77,75,76,67,72) ), rec(
      invers := ( 1,10)( 2,13)( 3,14)( 4, 8)( 5, 6)( 7, 9)(11,12)(15,23)(16,26)(17,21)(18,19)(20,22)(24,25)
        (27,34)(28,37)(29,38)(30,31)(32,33)(35,36)(39,46)(40,49)(41,50)(42,43)(44,45)(47,48)(51,55)(52,53)
        (54,56)(57,58)(59,63)(60,61)(62,64)(65,66)(67,71)(68,69)(70,72)(73,74)(75,76)(77,78)(79,80),
      nbP := 80,
      next := ( 1, 7, 5, 6, 8,24,23,65)( 2,11,10,62,60,61,63,79)( 3,13,77,75,76,67,72,74)( 4, 9,12,14,51,56,
         58,16)(15,20,18,19,21,33,36,38)(17,22,25,26,27,32,30,31)(28,35,34,57,39,44,42,43)(29,37,45,48,50,59,
         64,66)(40,47,46,54,52,53,55,73)(41,49,70,68,69,71,78,80) ), rec(
      invers := ( 1,10)( 2,13)( 3,14)( 4, 8)( 5, 6)( 7, 9)(11,12)(15,23)(16,26)(17,21)(18,19)(20,22)(24,25)
        (27,35)(28,38)(29,33)(30,31)(32,34)(36,37)(39,47)(40,50)(41,45)(42,43)(44,46)(48,49)(51,58)(52,53)
        (54,55)(56,57)(59,66)(60,61)(62,63)(64,65)(67,74)(68,69)(70,71)(72,73)(75,76)(77,78)(79,80),
      nbP := 80,
      next := ( 1, 7, 5, 6, 8,26,74,79)( 2,11,10,77,75,76,59,28)( 3,13,36,35,70,68,69,51)( 4, 9,12,14,56,17,
         22,25)(15,20,18,19,21,54,52,53)(16,24,23,55,57,58,71,73)(27,32,30,31,33,50,67,72)(29,34,37,38,64,41,
         46,49)(39,44,42,43,45,62,60,61)(40,48,47,63,65,66,78,80) ) ];
