return [ rec(
      invers := ( 1, 8)( 2, 9)( 3,10)( 4, 6)( 5, 7)(11,17)(12,18)(13,15)(14,16)(19,25)(20,26)(21,23)(22,24)
        (27,33)(28,34)(29,31)(30,32)(35,41)(36,42)(37,39)(38,40)(43,49)(44,50)(45,47)(46,48)(51,54)(52,53)
        (55,56)(57,58)(59,60),
      nbP := 60,
      next := ( 1, 5, 6,14,15)( 2, 8,55,28,33)( 3, 9,57,44,49)( 4, 7,10,59,11)(12,17,60,51,19)(13,16,18,22,23)
        (20,25,35,29,32)(21,24,26,34,56)(27,30,31,38,39)(36,41,52,45,48)(37,40,42,50,58)(43,46,47,53,54) ), 
  rec(
      invers := ( 1, 8)( 2, 9)( 3,10)( 4, 6)( 5, 7)(11,17)(12,18)(13,15)(14,16)(19,25)(20,26)(21,23)(22,24)
        (27,33)(28,34)(29,31)(30,32)(35,41)(36,42)(37,39)(38,40)(43,49)(44,50)(45,47)(46,48)(51,54)(52,53)
        (55,56)(57,58)(59,60),
      nbP := 60,
      next := ( 1, 5, 6,14,15)( 2, 8,55,28,33)( 3, 9,43,46,47)( 4, 7,10,59,11)(12,17,60,51,19)(13,16,18,22,23)
        (20,25,36,29,32)(21,24,26,34,56)(27,30,31,41,58)(35,38,39,49,57)(37,40,42,52,44)(45,48,50,53,54) ), 
  rec(
      invers := ( 1, 8)( 2, 9)( 3,10)( 4, 6)( 5, 7)(11,17)(12,18)(13,15)(14,16)(19,25)(20,26)(21,23)(22,24)
        (27,33)(28,34)(29,31)(30,32)(35,41)(36,42)(37,39)(38,40)(43,49)(44,50)(45,47)(46,48)(51,53)(52,54)
        (55,56)(57,58)(59,60),
      nbP := 60,
      next := ( 1, 5, 6,14,15)( 2, 8,55,28,33)( 3, 9,44,49,59)( 4, 7,10,60,11)(12,17,51,54,19)(13,16,18,22,23)
        (20,25,36,29,32)(21,24,26,34,56)(27,30,31,41,58)(35,38,39,50,57)(37,40,42,45,48)(43,46,47,52,53) ), 
  rec(
      invers := ( 1, 8)( 2, 9)( 3,10)( 4, 6)( 5, 7)(11,17)(12,18)(13,15)(14,16)(19,25)(20,26)(21,23)(22,24)
        (27,33)(28,34)(29,31)(30,32)(35,39)(36,40)(37,38)(41,47)(42,48)(43,45)(44,46)(49,52)(50,51)(53,54)
        (55,57)(56,58)(59,60),
      nbP := 60,
      next := ( 1, 5, 6,14,15)( 2, 8,53,28,33)( 3, 9,56,57,60)( 4, 7,10,49,11)(12,17,35,37,19)(13,16,18,22,23)
        (20,25,38,29,32)(21,24,26,34,54)(27,30,31,40,48)(36,39,50,43,46)(41,44,45,51,52)(42,47,59,55,58) ), 
  rec(
      invers := ( 1, 8)( 2, 9)( 3,10)( 4, 6)( 5, 7)(11,17)(12,18)(13,15)(14,16)(19,25)(20,26)(21,23)(22,24)
        (27,33)(28,34)(29,31)(30,32)(35,41)(36,42)(37,39)(38,40)(43,48)(44,46)(45,47)(49,52)(50,51)(53,55)
        (54,56)(57,58)(59,60),
      nbP := 60,
      next := ( 1, 5, 6,14,15)( 2, 8,54,55,59)( 3, 9,60,36,41)( 4, 7,10,49,11)(12,17,50,27,19)(13,16,18,22,23)
        (20,25,30,31,42)(21,24,26,53,56)(28,33,51,44,47)(29,32,34,37,40)(35,38,39,48,58)(43,45,46,52,57) ) ];
