return [ rec(
      invers := ( 1,10)( 2,11)( 3,12)( 4,13)( 5, 9)( 6, 7)( 8,14)(15,22)(16,23)(17,21)(18,19)(20,24)(25,30)
        (26,31)(27,28)(29,32)(33,34)(35,36),
      nbP := 36,
      next := ( 1, 9,21)( 2,10,25)( 3,11,32)( 4,12,15)( 5,14,13)( 6, 7, 8)(16,22,31)(17,24,23)(18,19,20)
        (26,30,36)(27,28,29)(33,34,35) ), rec(
      invers := ( 1,10)( 2,11)( 3,12)( 4,13)( 5, 9)( 6, 7)( 8,14)(15,20)(16,21)(17,18)(19,22)(23,30)(24,31)
        (25,29)(26,27)(28,32)(33,34)(35,36),
      nbP := 36,
      next := ( 1, 9,21)( 2,10,23)( 3,11,15)( 4,12,22)( 5,14,13)( 6, 7, 8)(16,20,29)(17,18,19)(24,30,36)
        (25,32,31)(26,27,28)(33,34,35) ), rec(
      invers := ( 1,10)( 2,11)( 3,12)( 4,13)( 5, 9)( 6, 7)( 8,14)(15,20)(16,21)(17,18)(19,22)(23,30)(24,31)
        (25,29)(26,27)(28,32)(33,34)(35,36),
      nbP := 36,
      next := ( 1, 9,21)( 2,10,24)( 3,11,15)( 4,12,22)( 5,14,13)( 6, 7, 8)(16,20,30)(17,18,19)(23,29,36)
        (25,32,31)(26,27,28)(33,34,35) ) ];
